3.996000 	 0 	 3.17325073E-10 	 2.48918462E-11 
4.001000 	 0 	 3.11354377E-10 	 3.18796390E-11 
4.002900 	 0 	 1.62669984E-10 	 2.15097724E-11 
4.007000 	 0 	 1.56604593E-10 	 3.43888355E-11 
4.009100 	 0 	 1.91457202E-10 	 3.41312344E-11 
4.010000 	 0 	 2.03755839E-10 	 3.94140500E-11 
4.015100 	 0 	 1.15671666E-10 	 2.03720798E-11 
4.019100 	 0 	 1.96938277E-10 	 2.14775382E-11 
4.019900 	 0 	 1.05945585E-10 	 2.29437116E-11 
4.025000 	 0 	 1.41035122E-10 	 2.13679462E-11 
4.030000 	 0 	 1.65366720E-10 	 3.76470778E-11 
4.035100 	 0 	 6.93694765E-11 	 2.40669080E-11 
4.270000 	 0 	 3.27905932E-10 	 2.09241143E-11 
4.290100 	 0 	 3.85461730E-10 	 2.12867496E-11 
4.291100 	 0 	 3.75439799E-10 	 2.58476947E-11 
4.293200 	 0 	 2.92820879E-10 	 2.69186960E-11 
4.294200 	 0 	 4.21840317E-10 	 3.27124901E-11 
4.295100 	 0 	 3.59027123E-10 	 2.80120539E-11 
4.296200 	 0 	 2.30708812E-10 	 2.96555888E-11 
4.297200 	 0 	 5.70822624E-10 	 4.25340696E-11 
4.298100 	 0 	 3.89950317E-10 	 1.10912635E-10 
4.299100 	 0 	 3.97684201E-10 	 1.00433553E-10 
4.301100 	 0 	 1.61138735E-10 	 9.02690121E-11 
4.303100 	 0 	 3.60513286E-10 	 9.94396633E-11 
4.305200 	 0 	 3.42566666E-10 	 1.42460868E-10 
4.307200 	 0 	 4.56623824E-10 	 1.40211096E-10 
4.309300 	 0 	 8.32606294E-11 	 4.34759590E-11 
4.310000 	 0 	 4.19985289E-10 	 1.30267855E-10 
4.311200 	 0 	 1.97340846E-10 	 6.25639378E-11 
4.313100 	 0 	 3.25039852E-10 	 9.75859334E-11 
4.315100 	 0 	 2.14742936E-10 	 8.90977944E-11 
4.319200 	 0 	 2.71552803E-10 	 9.81808658E-11 
4.321200 	 0 	 2.77901961E-10 	 8.65917204E-11 
4.323000 	 0 	 2.02128917E-10 	 5.21103921E-11 
4.325200 	 0 	 3.86853079E-10 	 7.85033661E-11 
4.327100 	 0 	 5.56027775E-10 	 1.00682820E-10 
4.329100 	 0 	 3.59220632E-10 	 5.26005897E-11 
4.330100 	 0 	 1.96687112E-10 	 4.94632689E-11 
4.331200 	 0 	 4.15376382E-10 	 4.91555126E-11 
4.333200 	 0 	 4.50008179E-10 	 4.01335995E-11 
4.335200 	 0 	 5.63609516E-10 	 3.69609601E-11 
4.340000 	 0 	 4.14324674E-10 	 2.88957039E-11 
4.344900 	 0 	 4.76420275E-10 	 3.81808401E-11 
4.350000 	 0 	 6.78190302E-10 	 3.21744403E-11 
4.370100 	 0 	 5.99746568E-10 	 3.13346007E-11 
4.390100 	 0 	 6.01962423E-10 	 3.35979309E-11 
4.410000 	 0 	 5.30114550E-10 	 3.50772049E-11 
4.420200 	 0 	 3.91519076E-10 	 3.81028514E-11 
4.430200 	 0 	 6.41962163E-10 	 4.48276031E-11 
4.440000 	 0 	 5.53137174E-10 	 9.13826213E-11 
4.449900 	 0 	 3.37197584E-10 	 1.08321038E-10 
4.455000 	 0 	 1.26346089E-10 	 1.13886825E-10 
4.470000 	 0 	 6.94679569E-11 	 6.26175701E-11 
4.478000 	 0 	 2.24593106E-10 	 2.02445489E-10 
4.486100 	 0 	 2.32403178E-10 	 1.00307891E-10 
4.488200 	 0 	 8.64982596E-11 	 4.55677890E-11 
4.490100 	 0 	 2.50553145E-10 	 9.23463394E-11 
4.492200 	 0 	 5.42505078E-10 	 9.50627922E-11 
4.495000 	 0 	 5.96818465E-10 	 5.30693988E-11 
4.500000 	 0 	 6.29619451E-10 	 4.36164393E-11 
4.510200 	 0 	 8.61867181E-10 	 4.14692691E-11 
4.512200 	 0 	 6.18998541E-10 	 5.83229875E-11 
4.515100 	 0 	 4.82452734E-10 	 1.14805948E-10 
4.520100 	 0 	 2.10595872E-10 	 8.11757016E-11 
4.525200 	 0 	 3.25007940E-10 	 1.68834885E-10 
4.529400 	 0 	 1.24090820E-10 	 5.95783593E-11 
4.535100 	 0 	 1.98971877E-10 	 1.52983627E-10 
4.580000 	 0 	 5.71374475E-10 	 5.15029992E-10 
4.590100 	 0 	 1.03877718E-10 	 4.32357329E-11 
4.600300 	 0 	 4.99135126E-10 	 2.72744225E-10 
4.620200 	 0 	 3.55633365E-10 	 3.08983471E-10 
4.629900 	 0 	 6.00551689E-10 	 5.68801640E-10 
4.635200 	 0 	 5.94451257E-10 	 2.13769914E-10 
4.640000 	 0 	 4.39642528E-10 	 1.56155732E-10 
4.650000 	 0 	 1.56399222E-09 	 1.86340817E-10 
4.670100 	 0 	 1.86144368E-09 	 1.21537067E-10 
4.680200 	 0 	 1.45428038E-09 	 8.25194428E-11 
4.689900 	 0 	 1.52259344E-09 	 7.26379691E-11 
4.710000 	 0 	 1.83947482E-09 	 6.32984691E-11 
4.730000 	 0 	 1.88513958E-09 	 7.21740550E-11 
4.750000 	 0 	 2.13679351E-09 	 9.40474051E-11 
4.755200 	 0 	 1.50779491E-09 	 1.24095771E-10 
4.758900 	 0 	 1.82146475E-09 	 1.35582806E-10 
4.770000 	 0 	 1.89004575E-09 	 1.57964787E-10 
4.775000 	 0 	 1.25921938E-09 	 1.50284126E-10 
4.780200 	 0 	 2.68895905E-10 	 1.42221246E-10 
4.790100 	 0 	 1.00191223E-09 	 2.58104429E-10 
4.799900 	 0 	 1.74567205E-09 	 2.42306503E-10 
4.810000 	 0 	 2.11218238E-09 	 2.02383360E-10 
4.812200 	 0 	 2.03049222E-09 	 1.37619414E-10 
4.815300 	 0 	 2.21541877E-09 	 1.10788136E-10 
4.820100 	 0 	 1.69151056E-09 	 7.68239035E-11 
4.829900 	 0 	 2.20169434E-09 	 7.21524416E-11 
4.850000 	 0 	 2.47016652E-09 	 7.37536812E-11 
4.866300 	 0 	 2.42628775E-09 	 7.81176432E-11 
4.889900 	 0 	 2.67185250E-09 	 8.24584297E-11 
4.899900 	 0 	 2.26991795E-09 	 1.07360117E-10 
4.910100 	 0 	 2.42487262E-09 	 1.15344542E-10 
4.920000 	 0 	 1.74515832E-09 	 1.14243276E-10 
4.926200 	 0 	 1.89665236E-09 	 1.02113124E-10 
4.930200 	 0 	 2.04428179E-09 	 1.27239438E-10 
4.936900 	 0 	 2.24582360E-09 	 1.30978552E-10 
4.946700 	 0 	 2.08997714E-09 	 1.18279924E-10 
4.950300 	 0 	 2.44196423E-09 	 1.44401790E-10 
4.956800 	 0 	 2.30277468E-09 	 1.49439211E-10 
4.961900 	 0 	 2.45492355E-09 	 1.54706447E-10 
4.964700 	 0 	 2.14214955E-09 	 1.53696506E-10 
4.967900 	 0 	 2.43163361E-09 	 1.63720388E-10 
4.970000 	 0 	 2.76663018E-09 	 2.01663081E-10 
4.972800 	 0 	 1.74114480E-09 	 1.07253516E-10 
4.974600 	 0 	 2.17879827E-09 	 1.58889494E-10 
4.984700 	 0 	 1.47469888E-09 	 9.03786679E-11 
4.990100 	 0 	 1.92330373E-09 	 1.25554680E-10 
4.994700 	 0 	 2.02340454E-09 	 1.01978376E-10 
5.004600 	 0 	 2.38505575E-09 	 9.13751019E-11 
5.010000 	 0 	 2.55172804E-09 	 1.26184391E-10 
5.014800 	 0 	 2.49923883E-09 	 1.11871421E-10 
5.017700 	 0 	 2.33781286E-09 	 1.12846352E-10 
5.017900 	 0 	 2.46213178E-09 	 1.14541876E-10 
5.019800 	 0 	 2.52460686E-09 	 1.45066548E-10 
5.024800 	 0 	 2.06189050E-09 	 2.17322685E-10 
5.027800 	 0 	 2.39814656E-09 	 2.42210758E-10 
5.030100 	 0 	 2.80152831E-09 	 2.61356836E-10 
5.032800 	 0 	 1.90879603E-09 	 2.28907580E-10 
5.035900 	 0 	 2.35282119E-09 	 2.55929258E-10 
5.038700 	 0 	 2.08518718E-09 	 2.46719588E-10 
5.042000 	 0 	 2.37145107E-09 	 2.64888541E-10 
5.044800 	 0 	 2.18626002E-09 	 2.46416892E-10 
5.050000 	 0 	 2.35905838E-09 	 2.54463097E-10 
5.054800 	 0 	 2.82708324E-09 	 2.22679605E-10 
5.064900 	 0 	 2.65771799E-09 	 1.65369569E-10 
5.069900 	 0 	 3.26216486E-09 	 1.79038163E-10 
5.074500 	 0 	 2.85364392E-09 	 1.29555168E-10 
5.084200 	 0 	 2.73797057E-09 	 1.28567698E-10 
5.090000 	 0 	 2.90346986E-09 	 1.42715671E-10 
5.093700 	 0 	 2.76631883E-09 	 2.54100993E-10 
5.096800 	 0 	 2.27235031E-09 	 2.63705802E-10 
5.098900 	 0 	 2.12076242E-09 	 3.05777280E-10 
5.100000 	 0 	 1.90065716E-09 	 3.18605155E-10 
5.100400 	 0 	 2.15899665E-09 	 3.31255114E-10 
5.100700 	 0 	 2.16516362E-09 	 3.60129715E-10 
5.102900 	 0 	 2.14660943E-09 	 3.68932625E-10 
5.104900 	 0 	 1.83678284E-09 	 3.44203011E-10 
5.106900 	 0 	 2.07812767E-09 	 3.72127244E-10 
5.108800 	 0 	 2.26746403E-09 	 3.73493532E-10 
5.110000 	 0 	 2.09764105E-09 	 3.77903228E-10 
5.110800 	 0 	 1.98249855E-09 	 3.83070567E-10 
5.113800 	 0 	 1.82268479E-09 	 3.27198562E-10 
5.118800 	 0 	 2.01838606E-09 	 2.62711913E-10 
5.123800 	 0 	 3.49513009E-09 	 2.87152043E-10 
5.128500 	 0 	 3.82940732E-09 	 2.15039558E-10 
5.129900 	 0 	 3.75683245E-09 	 2.59785581E-10 
5.133800 	 0 	 3.58506147E-09 	 1.97510707E-10 
5.138900 	 0 	 3.73129636E-09 	 2.30180482E-10 
5.141700 	 0 	 3.88568503E-09 	 2.20451745E-10 
5.144700 	 0 	 3.82067820E-09 	 2.21123268E-10 
5.148000 	 0 	 3.50756853E-09 	 2.11672183E-10 
5.150000 	 0 	 4.55100821E-09 	 2.69251090E-10 
5.151000 	 0 	 3.99028099E-09 	 2.12668806E-10 
5.157000 	 0 	 4.46742200E-09 	 2.01737224E-10 
5.159400 	 0 	 4.62561050E-09 	 1.88523674E-10 
5.170000 	 0 	 5.27358770E-09 	 2.04555919E-10 
5.189800 	 0 	 5.40740814E-09 	 1.65713446E-10 
5.210000 	 0 	 5.13409515E-09 	 1.68807610E-10 
5.230000 	 0 	 4.69120076E-09 	 2.16448935E-10 
5.239500 	 0 	 4.59523608E-09 	 2.04259292E-10 
5.243100 	 0 	 5.03274812E-09 	 2.93421441E-10 
5.250100 	 0 	 4.79527652E-09 	 3.76734639E-10 
5.259900 	 0 	 4.00227638E-09 	 4.03142218E-10 
5.265000 	 0 	 4.67736438E-09 	 5.27159870E-10 
5.270000 	 0 	 3.94889288E-09 	 5.54357225E-10 
5.275000 	 0 	 2.99974036E-09 	 3.28955029E-10 
5.279800 	 0 	 4.23171340E-09 	 7.48632033E-10 
5.285000 	 0 	 4.02367127E-09 	 9.17574713E-10 
5.290200 	 0 	 3.59674548E-09 	 7.36140084E-10 
5.292900 	 0 	 1.56581768E-09 	 6.42608877E-10 
5.297700 	 0 	 2.38683864E-09 	 6.26476608E-10 
5.299700 	 0 	 1.73922283E-09 	 5.23023046E-10 
5.302400 	 0 	 2.93199371E-09 	 6.35590671E-10 
5.308200 	 0 	 3.14081943E-09 	 4.89212317E-10 
5.312900 	 0 	 2.79709897E-09 	 4.68896230E-10 
5.317500 	 0 	 2.26134605E-09 	 4.29037699E-10 
5.322800 	 0 	 3.26035675E-09 	 3.78447586E-10 
5.327700 	 0 	 3.59700041E-09 	 3.58041722E-10 
5.332900 	 0 	 3.34090934E-09 	 2.25616422E-10 
5.337500 	 0 	 3.74526376E-09 	 2.70067871E-10 
5.342700 	 0 	 3.81831245E-09 	 2.52761216E-10 
5.342900 	 0 	 3.92137126E-09 	 2.28894049E-10 
5.346900 	 0 	 4.01494649E-09 	 2.16113914E-10 
5.348300 	 0 	 4.03970895E-09 	 1.92837972E-10 
5.348600 	 0 	 4.06600793E-09 	 1.86553970E-10 
5.352100 	 0 	 3.75851381E-09 	 2.87454627E-10 
5.353600 	 0 	 4.24734313E-09 	 1.82639090E-10 
5.357900 	 0 	 3.62041976E-09 	 2.95773221E-10 
5.359800 	 0 	 3.97292898E-09 	 2.90050704E-10 
5.361900 	 0 	 3.95857137E-09 	 2.81425867E-10 
5.363900 	 0 	 3.68902649E-09 	 2.71571520E-10 
5.366000 	 0 	 3.32693700E-09 	 2.69870157E-10 
5.368000 	 0 	 3.79836498E-09 	 2.15881856E-10 
5.369700 	 0 	 3.86185684E-09 	 2.46275800E-10 
5.374800 	 0 	 4.03594678E-09 	 1.65715079E-10 
5.380100 	 0 	 4.20427930E-09 	 1.49402433E-10 
5.382900 	 0 	 4.36031061E-09 	 1.37512361E-10 
5.383300 	 0 	 4.72787801E-09 	 1.42717043E-10 
5.383900 	 0 	 4.32303708E-09 	 1.26206696E-10 
5.386000 	 0 	 4.35305623E-09 	 1.24577584E-10 
5.389900 	 0 	 4.53524346E-09 	 1.18761321E-10 
5.393100 	 0 	 4.00075517E-09 	 1.09271528E-10 
5.403400 	 0 	 4.35340032E-09 	 1.15335193E-10 
5.414100 	 0 	 4.54648224E-09 	 1.21675561E-10 
5.424400 	 0 	 4.26407637E-09 	 1.24607583E-10 
5.435400 	 0 	 4.22243442E-09 	 1.14899805E-10 
5.439300 	 0 	 4.29066525E-09 	 1.22227118E-10 
