0.5	153
1.5	79
2.5	21
3.5	1
4.5	2
5.5	0
6.5	4
7.5	1
8.5	3
9.5	2
10.5	3
11.5	0
12.5	5
13.5	2
14.5	2
15.5	0
16.5	3
17.5	0
18.5	3
19.5	1
20.5	3
21.5	3
22.5	2
23.5	3
24.5	4
25.5	4
26.5	1
27.5	0
28.5	2
29.5	1
30.5	4
31.5	3
32.5	1
33.5	4
34.5	2
35.5	1
36.5	3
37.5	2
38.5	4
39.5	1
40.5	2
41.5	2
42.5	1
43.5	3
44.5	2
45.5	2
46.5	3
47.5	3
48.5	1
49.5	4
50.5	3
51.5	5
52.5	4
53.5	5
54.5	1
55.5	1
56.5	1
57.5	0
58.5	3
59.5	3
60.5	7
61.5	3
62.5	3
63.5	3
64.5	0
65.5	6
66.5	6
67.5	1
68.5	2
69.5	8
70.5	7
71.5	2
72.5	3
73.5	5
74.5	4
75.5	6
76.5	3
77.5	3
78.5	5
79.5	6
80.5	2
81.5	8
82.5	5
83.5	5
84.5	2
85.5	3
86.5	4
87.5	2
88.5	8
89.5	4
90.5	5
91.5	8
92.5	3
93.5	9
94.5	7
95.5	5
96.5	7
97.5	11
98.5	7
99.5	28
100.5	42
101.5	54
102.5	71
103.5	81
104.5	111
105.5	155
106.5	153
107.5	246
108.5	277
109.5	368
110.5	430
111.5	534
112.5	628
113.5	706
114.5	850
115.5	925
116.5	1063
117.5	1217
118.5	1401
119.5	1578
120.5	1760
121.5	1871
122.5	1941
123.5	2136
124.5	2457
125.5	2612
126.5	2888
127.5	3367
128.5	4030
129.5	4831
130.5	6233
131.5	7861
132.5	9826
133.5	11794
134.5	13962
135.5	15316
136.5	16134
137.5	15760
138.5	14730
139.5	13030
140.5	10726
141.5	8489
142.5	6609
143.5	4894
144.5	3785
145.5	3005
146.5	2501
147.5	2427
148.5	2254
149.5	2076
150.5	2142
151.5	2076
152.5	2067
153.5	2110
154.5	2142
155.5	2139
156.5	2216
157.5	2475
158.5	2612
159.5	2947
160.5	3359
161.5	3705
162.5	4106
163.5	4608
164.5	5078
165.5	5207
166.5	5404
167.5	5123
168.5	4816
169.5	4331
170.5	3907
171.5	3135
172.5	2764
173.5	2362
174.5	2077
175.5	1899
176.5	1658
177.5	1618
178.5	1525
179.5	1476
180.5	1428
181.5	1413
182.5	1457
183.5	1417
184.5	1456
185.5	1408
186.5	1394
187.5	1365
188.5	1323
189.5	1328
190.5	1405
191.5	1369
192.5	1407
193.5	1403
194.5	1381
195.5	1370
196.5	1385
197.5	1375
198.5	1423
199.5	1440
200.5	1381
201.5	1402
202.5	1367
203.5	1296
204.5	1287
205.5	1329
206.5	1255
207.5	1268
208.5	1263
209.5	1260
210.5	1289
211.5	1180
212.5	1280
213.5	1237
214.5	1256
215.5	1276
216.5	1184
217.5	1324
218.5	1238
219.5	1196
220.5	1288
221.5	1259
222.5	1293
223.5	1243
224.5	1302
225.5	1308
226.5	1212
227.5	1283
228.5	1230
229.5	1237
230.5	1281
231.5	1213
232.5	1144
233.5	1147
234.5	1163
235.5	1103
236.5	1033
237.5	1054
238.5	1070
239.5	1057
240.5	983
241.5	979
242.5	1014
243.5	975
244.5	988
245.5	989
246.5	971
247.5	949
248.5	962
249.5	916
250.5	897
251.5	925
252.5	881
253.5	939
254.5	889
255.5	883
256.5	944
257.5	895
258.5	900
259.5	914
260.5	948
261.5	971
262.5	926
263.5	901
264.5	912
265.5	932
266.5	878
267.5	890
268.5	828
269.5	859
270.5	827
271.5	868
272.5	832
273.5	851
274.5	832
275.5	858
276.5	892
277.5	826
278.5	858
279.5	829
280.5	851
281.5	865
282.5	794
283.5	794
284.5	785
285.5	839
286.5	759
287.5	830
288.5	791
289.5	813
290.5	826
291.5	864
292.5	962
293.5	1007
294.5	1186
295.5	1350
296.5	1566
297.5	1810
298.5	2150
299.5	2476
300.5	2808
301.5	3160
302.5	3428
303.5	3619
304.5	3858
305.5	3882
306.5	3682
307.5	3579
308.5	3298
309.5	2984
310.5	2690
311.5	2335
312.5	1938
313.5	1553
314.5	1367
315.5	1044
316.5	947
317.5	791
318.5	709
319.5	631
320.5	573
321.5	551
322.5	535
323.5	469
324.5	487
325.5	492
326.5	467
327.5	493
328.5	447
329.5	479
330.5	471
331.5	449
332.5	433
333.5	419
334.5	436
335.5	410
336.5	439
337.5	436
338.5	445
339.5	398
340.5	361
341.5	426
342.5	379
343.5	421
344.5	415
345.5	444
346.5	376
347.5	371
348.5	399
349.5	400
350.5	373
351.5	385
352.5	371
353.5	403
354.5	359
355.5	401
356.5	388
357.5	385
358.5	363
359.5	350
360.5	379
361.5	360
362.5	366
363.5	359
364.5	372
365.5	384
366.5	378
367.5	369
368.5	368
369.5	377
370.5	334
371.5	365
372.5	370
373.5	395
374.5	374
375.5	435
376.5	441
377.5	405
378.5	439
379.5	510
380.5	475
381.5	473
382.5	513
383.5	488
384.5	498
385.5	473
386.5	458
387.5	482
388.5	448
389.5	396
390.5	400
391.5	384
392.5	373
393.5	341
394.5	333
395.5	311
396.5	312
397.5	315
398.5	303
399.5	302
400.5	293
401.5	285
402.5	285
403.5	321
404.5	293
405.5	300
406.5	278
407.5	276
408.5	273
409.5	298
410.5	311
411.5	288
412.5	327
413.5	330
414.5	306
415.5	324
416.5	302
417.5	294
418.5	327
419.5	276
420.5	280
421.5	320
422.5	293
423.5	283
424.5	269
425.5	312
426.5	264
427.5	277
428.5	246
429.5	292
430.5	235
431.5	233
432.5	255
433.5	231
434.5	251
435.5	253
436.5	257
437.5	279
438.5	246
439.5	271
440.5	283
441.5	233
442.5	255
443.5	253
444.5	246
445.5	277
446.5	227
447.5	230
448.5	244
449.5	247
450.5	266
451.5	212
452.5	232
453.5	285
454.5	219
455.5	251
456.5	239
457.5	231
458.5	258
459.5	244
460.5	223
461.5	243
462.5	237
463.5	247
464.5	261
465.5	248
466.5	207
467.5	230
468.5	242
469.5	210
470.5	242
471.5	226
472.5	233
473.5	252
474.5	251
475.5	242
476.5	263
477.5	230
478.5	256
479.5	251
480.5	236
481.5	224
482.5	246
483.5	261
484.5	262
485.5	244
486.5	238
487.5	260
488.5	249
489.5	260
490.5	253
491.5	276
492.5	228
493.5	258
494.5	278
495.5	222
496.5	225
497.5	245
498.5	233
499.5	249
500.5	264
501.5	277
502.5	292
503.5	296
504.5	314
505.5	334
506.5	381
507.5	399
508.5	426
509.5	469
510.5	533
511.5	560
512.5	634
513.5	698
514.5	706
515.5	761
516.5	780
517.5	793
518.5	768
519.5	804
520.5	807
521.5	724
522.5	735
523.5	682
524.5	672
525.5	608
526.5	520
527.5	478
528.5	438
529.5	424
530.5	383
531.5	334
532.5	306
533.5	275
534.5	244
535.5	239
536.5	237
537.5	249
538.5	210
539.5	233
540.5	212
541.5	191
542.5	195
543.5	221
544.5	210
545.5	183
546.5	208
547.5	198
548.5	189
549.5	192
550.5	209
551.5	187
552.5	215
553.5	203
554.5	193
555.5	214
556.5	187
557.5	182
558.5	196
559.5	194
560.5	169
561.5	176
562.5	185
563.5	208
564.5	193
565.5	189
566.5	196
567.5	181
568.5	204
569.5	200
570.5	211
571.5	192
572.5	215
573.5	228
574.5	173
575.5	185
576.5	225
577.5	201
578.5	190
579.5	213
580.5	199
581.5	193
582.5	189
583.5	188
584.5	171
585.5	197
586.5	205
587.5	198
588.5	197
589.5	156
590.5	183
591.5	197
592.5	186
593.5	199
594.5	178
595.5	199
596.5	188
597.5	201
598.5	197
599.5	196
600.5	198
601.5	196
602.5	174
603.5	193
604.5	205
605.5	222
606.5	190
607.5	201
608.5	208
609.5	188
610.5	178
611.5	211
612.5	201
613.5	215
614.5	186
615.5	186
616.5	207
617.5	181
618.5	204
619.5	198
620.5	175
621.5	186
622.5	205
623.5	200
624.5	171
625.5	214
626.5	163
627.5	189
628.5	207
629.5	194
630.5	171
631.5	203
632.5	165
633.5	196
634.5	173
635.5	218
636.5	157
637.5	197
638.5	180
639.5	187
640.5	178
641.5	180
642.5	153
643.5	191
644.5	181
645.5	169
646.5	189
647.5	174
648.5	178
649.5	189
650.5	178
651.5	158
652.5	160
653.5	158
654.5	194
655.5	179
656.5	161
657.5	163
658.5	160
659.5	148
660.5	162
661.5	156
662.5	168
663.5	161
664.5	179
665.5	147
666.5	139
667.5	171
668.5	147
669.5	161
670.5	153
671.5	137
672.5	146
673.5	146
674.5	159
675.5	149
676.5	115
677.5	137
678.5	163
679.5	138
680.5	143
681.5	135
682.5	153
683.5	147
684.5	137
685.5	122
686.5	123
687.5	137
688.5	119
689.5	127
690.5	138
691.5	112
692.5	120
693.5	144
694.5	139
695.5	139
696.5	125
697.5	123
698.5	133
699.5	134
700.5	109
701.5	137
702.5	123
703.5	109
704.5	114
705.5	106
706.5	120
707.5	108
708.5	118
709.5	126
710.5	103
711.5	113
712.5	85
713.5	100
714.5	114
715.5	117
716.5	100
717.5	102
718.5	118
719.5	110
720.5	118
721.5	108
722.5	111
723.5	104
724.5	117
725.5	118
726.5	111
727.5	102
728.5	110
729.5	114
730.5	112
731.5	114
732.5	96
733.5	105
734.5	93
735.5	91
736.5	90
737.5	130
738.5	107
739.5	115
740.5	99
741.5	112
742.5	103
743.5	103
744.5	100
745.5	112
746.5	126
747.5	95
748.5	106
749.5	88
750.5	102
751.5	121
752.5	121
753.5	109
754.5	92
755.5	120
756.5	95
757.5	104
758.5	108
759.5	113
760.5	100
761.5	108
762.5	126
763.5	112
764.5	100
765.5	131
766.5	109
767.5	123
768.5	117
769.5	98
770.5	100
771.5	114
772.5	111
773.5	113
774.5	108
775.5	106
776.5	115
777.5	115
778.5	106
779.5	94
780.5	109
781.5	105
782.5	106
783.5	119
784.5	119
785.5	104
786.5	116
787.5	108
788.5	115
789.5	114
790.5	113
791.5	108
792.5	121
793.5	122
794.5	119
795.5	114
796.5	120
797.5	112
798.5	126
799.5	111
800.5	106
801.5	105
802.5	124
803.5	115
804.5	110
805.5	115
806.5	99
807.5	90
808.5	93
809.5	93
810.5	97
811.5	101
812.5	102
813.5	86
814.5	91
815.5	102
816.5	99
817.5	87
818.5	108
819.5	89
820.5	93
821.5	79
822.5	97
823.5	80
824.5	92
825.5	107
826.5	84
827.5	93
828.5	80
829.5	102
830.5	101
831.5	115
832.5	110
833.5	119
834.5	106
835.5	111
836.5	164
837.5	139
838.5	170
839.5	185
840.5	209
841.5	240
842.5	264
843.5	317
844.5	356
845.5	399
846.5	453
847.5	519
848.5	568
849.5	594
850.5	687
851.5	772
852.5	791
853.5	923
854.5	862
855.5	950
856.5	1001
857.5	1078
858.5	1143
859.5	1071
860.5	1079
861.5	1104
862.5	1057
863.5	982
864.5	937
865.5	947
866.5	844
867.5	787
868.5	747
869.5	714
870.5	642
871.5	531
872.5	484
873.5	437
874.5	340
875.5	318
876.5	282
877.5	248
878.5	217
879.5	201
880.5	177
881.5	156
882.5	130
883.5	113
884.5	111
885.5	87
886.5	101
887.5	89
888.5	118
889.5	92
890.5	78
891.5	96
892.5	97
893.5	84
894.5	82
895.5	117
896.5	105
897.5	107
898.5	125
899.5	107
900.5	121
901.5	129
902.5	110
903.5	117
904.5	89
905.5	110
906.5	109
907.5	103
908.5	111
909.5	96
910.5	88
911.5	104
912.5	107
913.5	75
914.5	102
915.5	80
916.5	81
917.5	74
918.5	74
919.5	70
920.5	60
921.5	75
922.5	67
923.5	67
924.5	82
925.5	73
926.5	91
927.5	76
928.5	79
929.5	72
930.5	68
931.5	75
932.5	73
933.5	72
934.5	82
935.5	77
936.5	86
937.5	86
938.5	88
939.5	94
940.5	98
941.5	83
942.5	88
943.5	81
944.5	97
945.5	78
946.5	91
947.5	81
948.5	92
949.5	71
950.5	99
951.5	71
952.5	62
953.5	82
954.5	64
955.5	79
956.5	68
957.5	62
958.5	62
959.5	51
960.5	66
961.5	56
962.5	56
963.5	61
964.5	67
965.5	57
966.5	58
967.5	58
968.5	60
969.5	59
970.5	61
971.5	52
972.5	88
973.5	76
974.5	76
975.5	91
976.5	92
977.5	111
978.5	105
979.5	123
980.5	126
981.5	139
982.5	159
983.5	191
984.5	198
985.5	203
986.5	257
987.5	255
988.5	295
989.5	270
990.5	326
991.5	347
992.5	372
993.5	421
994.5	394
995.5	414
996.5	418
997.5	438
998.5	412
999.5	400
1000.5	426
1001.5	397
1002.5	389
1003.5	355
1004.5	298
1005.5	336
1006.5	353
1007.5	264
1008.5	272
1009.5	230
1010.5	237
1011.5	201
1012.5	196
1013.5	163
1014.5	173
1015.5	157
1016.5	117
1017.5	116
1018.5	112
1019.5	114
1020.5	99
1021.5	84
1022.5	90
1023.5	86
1024.5	89
1025.5	88
1026.5	98
1027.5	89
1028.5	81
1029.5	91
1030.5	78
1031.5	65
1032.5	77
1033.5	75
1034.5	86
1035.5	74
1036.5	72
1037.5	60
1038.5	65
1039.5	58
1040.5	66
1041.5	68
1042.5	57
1043.5	65
1044.5	69
1045.5	61
1046.5	56
1047.5	58
1048.5	55
1049.5	63
1050.5	39
1051.5	51
1052.5	43
1053.5	49
1054.5	47
1055.5	49
1056.5	53
1057.5	48
1058.5	35
1059.5	39
1060.5	43
1061.5	47
1062.5	45
1063.5	51
1064.5	46
1065.5	35
1066.5	43
1067.5	56
1068.5	36
1069.5	40
1070.5	46
1071.5	39
1072.5	53
1073.5	42
1074.5	47
1075.5	45
1076.5	41
1077.5	43
1078.5	32
1079.5	29
1080.5	47
1081.5	44
1082.5	41
1083.5	33
1084.5	49
1085.5	48
1086.5	41
1087.5	53
1088.5	43
1089.5	40
1090.5	44
1091.5	44
1092.5	38
1093.5	39
1094.5	34
1095.5	52
1096.5	50
1097.5	34
1098.5	38
1099.5	44
1100.5	39
1101.5	42
1102.5	28
1103.5	50
1104.5	30
1105.5	32
1106.5	37
1107.5	49
1108.5	40
1109.5	38
1110.5	42
1111.5	26
1112.5	51
1113.5	35
1114.5	44
1115.5	43
1116.5	34
1117.5	41
1118.5	40
1119.5	30
1120.5	55
1121.5	47
1122.5	45
1123.5	52
1124.5	32
1125.5	33
1126.5	44
1127.5	33
1128.5	29
1129.5	33
1130.5	47
1131.5	52
1132.5	41
1133.5	32
1134.5	39
1135.5	35
1136.5	30
1137.5	50
1138.5	38
1139.5	41
1140.5	36
1141.5	46
1142.5	35
1143.5	32
1144.5	43
1145.5	50
1146.5	34
1147.5	45
1148.5	44
1149.5	31
1150.5	36
1151.5	48
1152.5	45
1153.5	49
1154.5	37
1155.5	34
1156.5	41
1157.5	49
1158.5	45
1159.5	42
1160.5	49
1161.5	41
1162.5	47
1163.5	40
1164.5	40
1165.5	43
1166.5	52
1167.5	48
1168.5	42
1169.5	45
1170.5	39
1171.5	50
1172.5	47
1173.5	43
1174.5	37
1175.5	37
1176.5	51
1177.5	43
1178.5	40
1179.5	37
1180.5	42
1181.5	46
1182.5	41
1183.5	44
1184.5	38
1185.5	47
1186.5	45
1187.5	29
1188.5	32
1189.5	36
1190.5	32
1191.5	40
1192.5	44
1193.5	34
1194.5	27
1195.5	27
1196.5	39
1197.5	35
1198.5	43
1199.5	41
1200.5	33
1201.5	35
1202.5	27
1203.5	38
1204.5	32
1205.5	41
1206.5	35
1207.5	34
1208.5	30
1209.5	21
1210.5	36
1211.5	32
1212.5	30
1213.5	41
1214.5	27
1215.5	33
1216.5	45
1217.5	32
1218.5	39
1219.5	30
1220.5	37
1221.5	39
1222.5	33
1223.5	30
1224.5	32
1225.5	37
1226.5	29
1227.5	47
1228.5	31
1229.5	36
1230.5	35
1231.5	52
1232.5	37
1233.5	34
1234.5	33
1235.5	38
1236.5	40
1237.5	30
1238.5	33
1239.5	43
1240.5	38
1241.5	36
1242.5	37
1243.5	34
1244.5	27
1245.5	51
1246.5	27
1247.5	32
1248.5	34
1249.5	48
1250.5	38
1251.5	28
1252.5	36
1253.5	37
1254.5	28
1255.5	33
1256.5	30
1257.5	34
1258.5	24
1259.5	34
1260.5	27
1261.5	27
1262.5	32
1263.5	34
1264.5	22
1265.5	32
1266.5	34
1267.5	38
1268.5	29
1269.5	20
1270.5	26
1271.5	19
1272.5	33
1273.5	29
1274.5	33
1275.5	29
1276.5	36
1277.5	22
1278.5	26
1279.5	30
1280.5	36
1281.5	40
1282.5	20
1283.5	32
1284.5	34
1285.5	30
1286.5	31
1287.5	31
1288.5	36
1289.5	29
1290.5	29
1291.5	33
1292.5	34
1293.5	43
1294.5	20
1295.5	41
1296.5	39
1297.5	30
1298.5	40
1299.5	36
1300.5	37
1301.5	47
1302.5	31
1303.5	27
1304.5	36
1305.5	37
1306.5	30
1307.5	28
1308.5	34
1309.5	42
1310.5	26
1311.5	25
1312.5	37
1313.5	31
1314.5	40
1315.5	38
1316.5	28
1317.5	35
1318.5	37
1319.5	30
1320.5	35
1321.5	25
1322.5	36
1323.5	33
1324.5	26
1325.5	33
1326.5	40
1327.5	43
1328.5	41
1329.5	23
1330.5	29
1331.5	32
1332.5	40
1333.5	43
1334.5	35
1335.5	36
1336.5	43
1337.5	26
1338.5	40
1339.5	31
1340.5	36
1341.5	27
1342.5	41
1343.5	31
1344.5	24
1345.5	31
1346.5	35
1347.5	23
1348.5	32
1349.5	27
1350.5	26
1351.5	27
1352.5	25
1353.5	32
1354.5	34
1355.5	19
1356.5	28
1357.5	22
1358.5	31
1359.5	28
1360.5	25
1361.5	36
1362.5	33
1363.5	32
1364.5	24
1365.5	22
1366.5	25
1367.5	32
1368.5	34
1369.5	34
1370.5	54
1371.5	37
1372.5	36
1373.5	37
1374.5	28
1375.5	36
1376.5	39
1377.5	42
1378.5	43
1379.5	48
1380.5	54
1381.5	40
1382.5	50
1383.5	54
1384.5	42
1385.5	57
1386.5	54
1387.5	37
1388.5	50
1389.5	46
1390.5	34
1391.5	45
1392.5	52
1393.5	37
1394.5	36
1395.5	59
1396.5	57
1397.5	30
1398.5	39
1399.5	34
1400.5	39
1401.5	37
1402.5	44
1403.5	39
1404.5	39
1405.5	42
1406.5	33
1407.5	34
1408.5	34
1409.5	22
1410.5	39
1411.5	40
1412.5	29
1413.5	36
1414.5	36
1415.5	33
1416.5	32
1417.5	37
1418.5	26
1419.5	33
1420.5	23
1421.5	30
1422.5	41
1423.5	29
1424.5	35
1425.5	43
1426.5	33
1427.5	37
1428.5	49
1429.5	38
1430.5	46
1431.5	44
1432.5	48
1433.5	60
1434.5	51
1435.5	54
1436.5	61
1437.5	69
1438.5	84
1439.5	62
1440.5	69
1441.5	77
1442.5	70
1443.5	93
1444.5	79
1445.5	85
1446.5	82
1447.5	96
1448.5	88
1449.5	94
1450.5	88
1451.5	73
1452.5	84
1453.5	82
1454.5	70
1455.5	88
1456.5	88
1457.5	83
1458.5	92
1459.5	64
1460.5	79
1461.5	72
1462.5	55
1463.5	62
1464.5	65
1465.5	85
1466.5	69
1467.5	64
1468.5	69
1469.5	51
1470.5	52
1471.5	55
1472.5	64
1473.5	60
1474.5	57
1475.5	60
1476.5	58
1477.5	62
1478.5	59
1479.5	60
1480.5	62
1481.5	64
1482.5	63
1483.5	54
1484.5	62
1485.5	64
1486.5	64
1487.5	59
1488.5	46
1489.5	68
1490.5	52
1491.5	51
1492.5	50
1493.5	51
1494.5	64
1495.5	51
1496.5	29
1497.5	36
1498.5	38
1499.5	41
1500.5	28
1501.5	30
1502.5	50
1503.5	37
1504.5	32
1505.5	30
1506.5	14
1507.5	28
1508.5	21
1509.5	30
1510.5	21
1511.5	29
1512.5	22
1513.5	21
1514.5	25
1515.5	30
1516.5	18
1517.5	29
1518.5	21
1519.5	19
1520.5	26
1521.5	26
1522.5	22
1523.5	29
1524.5	25
1525.5	27
1526.5	23
1527.5	22
1528.5	24
1529.5	23
1530.5	20
1531.5	19
1532.5	19
1533.5	23
1534.5	23
1535.5	26
1536.5	18
1537.5	19
1538.5	16
1539.5	19
1540.5	21
1541.5	23
1542.5	23
1543.5	17
1544.5	20
1545.5	16
1546.5	18
1547.5	17
1548.5	9
1549.5	19
1550.5	20
1551.5	22
1552.5	26
1553.5	19
1554.5	21
1555.5	20
1556.5	22
1557.5	18
1558.5	13
1559.5	17
1560.5	24
1561.5	22
1562.5	17
1563.5	20
1564.5	16
1565.5	12
1566.5	13
1567.5	22
1568.5	15
1569.5	14
1570.5	11
1571.5	21
1572.5	11
1573.5	10
1574.5	19
1575.5	13
1576.5	12
1577.5	17
1578.5	15
1579.5	17
1580.5	18
1581.5	19
1582.5	17
1583.5	18
1584.5	12
1585.5	20
1586.5	16
1587.5	16
1588.5	12
1589.5	18
1590.5	24
1591.5	16
1592.5	16
1593.5	15
1594.5	12
1595.5	9
1596.5	11
1597.5	11
1598.5	18
1599.5	15
1600.5	12
1601.5	8
1602.5	21
1603.5	12
1604.5	11
1605.5	14
1606.5	20
1607.5	14
1608.5	22
1609.5	14
1610.5	9
1611.5	15
1612.5	10
1613.5	15
1614.5	16
1615.5	15
1616.5	11
1617.5	17
1618.5	15
1619.5	16
1620.5	11
1621.5	21
1622.5	15
1623.5	15
1624.5	19
1625.5	8
1626.5	19
1627.5	15
1628.5	19
1629.5	13
1630.5	22
1631.5	23
1632.5	19
1633.5	11
1634.5	17
1635.5	15
1636.5	23
1637.5	15
1638.5	12
1639.5	18
1640.5	11
1641.5	14
1642.5	14
1643.5	14
1644.5	19
1645.5	12
1646.5	17
1647.5	15
1648.5	19
1649.5	18
1650.5	15
1651.5	14
1652.5	15
1653.5	11
1654.5	14
1655.5	16
1656.5	17
1657.5	9
1658.5	18
1659.5	19
1660.5	16
1661.5	14
1662.5	22
1663.5	17
1664.5	22
1665.5	9
1666.5	16
1667.5	18
1668.5	10
1669.5	14
1670.5	16
1671.5	18
1672.5	16
1673.5	8
1674.5	7
1675.5	14
1676.5	18
1677.5	10
1678.5	14
1679.5	16
1680.5	15
1681.5	18
1682.5	22
1683.5	10
1684.5	15
1685.5	15
1686.5	13
1687.5	10
1688.5	19
1689.5	10
1690.5	10
1691.5	19
1692.5	10
1693.5	10
1694.5	21
1695.5	14
1696.5	10
1697.5	17
1698.5	10
1699.5	13
1700.5	13
1701.5	18
1702.5	14
1703.5	15
1704.5	10
1705.5	9
1706.5	12
1707.5	14
1708.5	12
1709.5	17
1710.5	9
1711.5	11
1712.5	14
1713.5	11
1714.5	18
1715.5	10
1716.5	17
1717.5	17
1718.5	9
1719.5	14
1720.5	10
1721.5	12
1722.5	11
1723.5	13
1724.5	15
1725.5	17
1726.5	18
1727.5	13
1728.5	13
1729.5	14
1730.5	14
1731.5	8
1732.5	11
1733.5	16
1734.5	13
1735.5	14
1736.5	8
1737.5	12
1738.5	5
1739.5	17
1740.5	16
1741.5	11
1742.5	13
1743.5	13
1744.5	11
1745.5	13
1746.5	8
1747.5	9
1748.5	17
1749.5	17
1750.5	17
1751.5	20
1752.5	13
1753.5	10
1754.5	12
1755.5	15
1756.5	12
1757.5	21
1758.5	6
1759.5	14
1760.5	17
1761.5	21
1762.5	25
1763.5	28
1764.5	19
1765.5	22
1766.5	25
1767.5	25
1768.5	23
1769.5	27
1770.5	20
1771.5	28
1772.5	29
1773.5	28
1774.5	31
1775.5	28
1776.5	33
1777.5	24
1778.5	37
1779.5	33
1780.5	22
1781.5	26
1782.5	29
1783.5	32
1784.5	23
1785.5	27
1786.5	32
1787.5	27
1788.5	36
1789.5	30
1790.5	12
1791.5	35
1792.5	31
1793.5	28
1794.5	33
1795.5	25
1796.5	40
1797.5	27
1798.5	32
1799.5	22
1800.5	31
1801.5	15
1802.5	20
1803.5	23
1804.5	27
1805.5	22
1806.5	24
1807.5	19
1808.5	23
1809.5	17
1810.5	17
1811.5	14
1812.5	16
1813.5	17
1814.5	12
1815.5	17
1816.5	17
1817.5	13
1818.5	11
1819.5	16
1820.5	13
1821.5	13
1822.5	23
1823.5	17
1824.5	27
1825.5	9
1826.5	21
1827.5	10
1828.5	16
1829.5	11
1830.5	15
1831.5	15
1832.5	17
1833.5	17
1834.5	11
1835.5	13
1836.5	14
1837.5	11
1838.5	19
1839.5	13
1840.5	13
1841.5	12
1842.5	16
1843.5	10
1844.5	14
1845.5	16
1846.5	6
1847.5	12
1848.5	15
1849.5	10
1850.5	13
1851.5	17
1852.5	14
1853.5	13
1854.5	12
1855.5	11
1856.5	12
1857.5	12
1858.5	13
1859.5	13
1860.5	13
1861.5	13
1862.5	16
1863.5	18
1864.5	14
1865.5	13
1866.5	11
1867.5	6
1868.5	9
1869.5	14
1870.5	14
1871.5	18
1872.5	13
1873.5	13
1874.5	18
1875.5	12
1876.5	11
1877.5	21
1878.5	17
1879.5	12
1880.5	12
1881.5	16
1882.5	13
1883.5	11
1884.5	16
1885.5	15
1886.5	9
1887.5	15
1888.5	10
1889.5	17
1890.5	14
1891.5	9
1892.5	14
1893.5	19
1894.5	10
1895.5	14
1896.5	15
1897.5	21
1898.5	12
1899.5	16
1900.5	21
1901.5	19
1902.5	14
1903.5	12
1904.5	17
1905.5	15
1906.5	7
1907.5	19
1908.5	12
1909.5	14
1910.5	11
1911.5	16
1912.5	16
1913.5	18
1914.5	16
1915.5	10
1916.5	17
1917.5	15
1918.5	7
1919.5	10
1920.5	15
1921.5	13
1922.5	21
1923.5	13
1924.5	13
1925.5	18
1926.5	12
1927.5	21
1928.5	17
1929.5	14
1930.5	8
1931.5	11
1932.5	15
1933.5	15
1934.5	14
1935.5	13
1936.5	13
1937.5	8
1938.5	12
1939.5	10
1940.5	10
1941.5	21
1942.5	10
1943.5	16
1944.5	15
1945.5	17
1946.5	15
1947.5	14
1948.5	13
1949.5	16
1950.5	14
1951.5	16
1952.5	9
1953.5	8
1954.5	7
1955.5	16
1956.5	13
1957.5	13
1958.5	17
1959.5	17
1960.5	15
1961.5	15
1962.5	11
1963.5	9
1964.5	11
1965.5	22
1966.5	16
1967.5	12
1968.5	16
1969.5	10
1970.5	14
1971.5	11
1972.5	11
1973.5	13
1974.5	11
1975.5	14
1976.5	16
1977.5	18
1978.5	7
1979.5	10
1980.5	15
1981.5	9
1982.5	14
1983.5	16
1984.5	13
1985.5	18
1986.5	9
1987.5	11
1988.5	23
1989.5	6
1990.5	11
1991.5	17
1992.5	18
1993.5	16
1994.5	9
1995.5	17
1996.5	15
1997.5	17
1998.5	10
1999.5	13
2000.5	17
2001.5	15
2002.5	15
2003.5	8
2004.5	22
2005.5	18
2006.5	17
2007.5	13
2008.5	11
2009.5	14
2010.5	25
2011.5	15
2012.5	11
2013.5	20
2014.5	15
2015.5	13
2016.5	16
2017.5	11
2018.5	13
2019.5	17
2020.5	10
2021.5	16
2022.5	10
2023.5	13
2024.5	15
2025.5	19
2026.5	18
2027.5	13
2028.5	11
2029.5	22
2030.5	12
2031.5	14
2032.5	14
2033.5	14
2034.5	14
2035.5	10
2036.5	14
2037.5	12
2038.5	13
2039.5	7
2040.5	19
2041.5	17
2042.5	11
2043.5	20
2044.5	11
2045.5	13
2046.5	12
2047.5	15
2048.5	14
2049.5	18
2050.5	14
2051.5	10
2052.5	21
2053.5	7
2054.5	7
2055.5	16
2056.5	10
2057.5	19
2058.5	22
2059.5	10
2060.5	11
2061.5	11
2062.5	13
2063.5	14
2064.5	7
2065.5	9
2066.5	13
2067.5	10
2068.5	12
2069.5	11
2070.5	14
2071.5	12
2072.5	17
2073.5	17
2074.5	17
2075.5	8
2076.5	16
2077.5	15
2078.5	13
2079.5	14
2080.5	11
2081.5	13
2082.5	10
2083.5	18
2084.5	12
2085.5	15
2086.5	15
2087.5	17
2088.5	11
2089.5	19
2090.5	11
2091.5	8
2092.5	14
2093.5	11
2094.5	20
2095.5	15
2096.5	13
2097.5	12
2098.5	12
2099.5	17
2100.5	8
2101.5	18
2102.5	10
2103.5	12
2104.5	10
2105.5	22
2106.5	12
2107.5	18
2108.5	14
2109.5	11
2110.5	15
2111.5	17
2112.5	11
2113.5	12
2114.5	15
2115.5	13
2116.5	14
2117.5	7
2118.5	15
2119.5	14
2120.5	20
2121.5	9
2122.5	11
2123.5	10
2124.5	13
2125.5	18
2126.5	12
2127.5	10
2128.5	23
2129.5	12
2130.5	12
2131.5	8
2132.5	9
2133.5	19
2134.5	12
2135.5	17
2136.5	6
2137.5	8
2138.5	12
2139.5	12
2140.5	15
2141.5	14
2142.5	15
2143.5	15
2144.5	9
2145.5	10
2146.5	11
2147.5	13
2148.5	19
2149.5	12
2150.5	10
2151.5	14
2152.5	17
2153.5	18
2154.5	12
2155.5	15
2156.5	12
2157.5	13
2158.5	13
2159.5	18
2160.5	12
2161.5	18
2162.5	22
2163.5	10
2164.5	13
2165.5	9
2166.5	11
2167.5	13
2168.5	8
2169.5	15
2170.5	11
2171.5	11
2172.5	18
2173.5	10
2174.5	13
2175.5	13
2176.5	11
2177.5	17
2178.5	14
2179.5	31
2180.5	10
2181.5	12
2182.5	8
2183.5	15
2184.5	9
2185.5	13
2186.5	9
2187.5	14
2188.5	10
2189.5	11
2190.5	13
2191.5	10
2192.5	13
2193.5	12
2194.5	11
2195.5	13
2196.5	14
2197.5	14
2198.5	10
2199.5	16
2200.5	14
2201.5	10
2202.5	19
2203.5	14
2204.5	16
2205.5	14
2206.5	15
2207.5	15
2208.5	9
2209.5	12
2210.5	13
2211.5	11
2212.5	13
2213.5	16
2214.5	10
2215.5	13
2216.5	12
2217.5	14
2218.5	20
2219.5	12
2220.5	13
2221.5	20
2222.5	14
2223.5	17
2224.5	8
2225.5	10
2226.5	11
2227.5	19
2228.5	11
2229.5	8
2230.5	9
2231.5	9
2232.5	16
2233.5	15
2234.5	14
2235.5	18
2236.5	12
2237.5	16
2238.5	17
2239.5	16
2240.5	12
2241.5	4
2242.5	17
2243.5	16
2244.5	8
2245.5	12
2246.5	9
2247.5	11
2248.5	11
2249.5	10
2250.5	14
2251.5	13
2252.5	11
2253.5	15
2254.5	12
2255.5	16
2256.5	15
2257.5	13
2258.5	17
2259.5	10
2260.5	11
2261.5	17
2262.5	17
2263.5	10
2264.5	17
2265.5	15
2266.5	14
2267.5	20
2268.5	16
2269.5	24
2270.5	9
2271.5	13
2272.5	9
2273.5	10
2274.5	10
2275.5	11
2276.5	17
2277.5	19
2278.5	14
2279.5	17
2280.5	10
2281.5	11
2282.5	17
2283.5	12
2284.5	11
2285.5	14
2286.5	9
2287.5	15
2288.5	6
2289.5	14
2290.5	23
2291.5	12
2292.5	10
2293.5	17
2294.5	8
2295.5	18
2296.5	14
2297.5	17
2298.5	11
2299.5	20
2300.5	15
2301.5	3
2302.5	13
2303.5	18
2304.5	12
2305.5	15
2306.5	17
2307.5	20
2308.5	19
2309.5	11
2310.5	19
2311.5	13
2312.5	21
2313.5	20
2314.5	16
2315.5	17
2316.5	22
2317.5	14
2318.5	13
2319.5	20
2320.5	13
2321.5	15
2322.5	20
2323.5	16
2324.5	13
2325.5	10
2326.5	11
2327.5	15
2328.5	14
2329.5	8
2330.5	14
2331.5	10
2332.5	19
2333.5	14
2334.5	13
2335.5	16
2336.5	10
2337.5	9
2338.5	17
2339.5	11
2340.5	11
2341.5	15
2342.5	14
2343.5	8
2344.5	14
2345.5	12
2346.5	15
2347.5	7
2348.5	14
2349.5	10
2350.5	14
2351.5	16
2352.5	11
2353.5	13
2354.5	16
2355.5	16
2356.5	14
2357.5	6
2358.5	15
2359.5	14
2360.5	9
2361.5	10
2362.5	10
2363.5	8
2364.5	11
2365.5	7
2366.5	16
2367.5	7
2368.5	10
2369.5	10
2370.5	10
2371.5	8
2372.5	7
2373.5	10
2374.5	7
2375.5	11
2376.5	10
2377.5	10
2378.5	15
2379.5	11
2380.5	9
2381.5	8
2382.5	12
2383.5	15
2384.5	12
2385.5	15
2386.5	11
2387.5	14
2388.5	13
2389.5	7
2390.5	11
2391.5	8
2392.5	8
2393.5	14
2394.5	11
2395.5	12
2396.5	9
2397.5	15
2398.5	12
2399.5	10
2400.5	6
2401.5	9
2402.5	11
2403.5	6
2404.5	9
2405.5	9
2406.5	11
2407.5	22
2408.5	7
2409.5	10
2410.5	10
2411.5	9
2412.5	12
2413.5	11
2414.5	11
2415.5	10
2416.5	13
2417.5	11
2418.5	12
2419.5	14
2420.5	9
2421.5	9
2422.5	10
2423.5	11
2424.5	12
2425.5	7
2426.5	12
2427.5	15
2428.5	9
2429.5	7
2430.5	16
2431.5	12
2432.5	10
2433.5	5
2434.5	16
2435.5	9
2436.5	16
2437.5	9
2438.5	9
2439.5	3
2440.5	7
2441.5	9
2442.5	11
2443.5	9
2444.5	15
2445.5	14
2446.5	13
2447.5	7
2448.5	13
2449.5	7
2450.5	11
2451.5	11
2452.5	8
2453.5	11
2454.5	12
2455.5	12
2456.5	6
2457.5	9
2458.5	10
2459.5	10
2460.5	13
2461.5	11
2462.5	11
2463.5	13
2464.5	11
2465.5	7
2466.5	8
2467.5	14
2468.5	19
2469.5	12
2470.5	13
2471.5	20
2472.5	9
2473.5	13
2474.5	9
2475.5	6
2476.5	12
2477.5	15
2478.5	8
2479.5	13
2480.5	9
2481.5	11
2482.5	10
2483.5	12
2484.5	12
2485.5	15
2486.5	13
2487.5	11
2488.5	6
2489.5	12
2490.5	15
2491.5	11
2492.5	19
2493.5	7
2494.5	8
2495.5	15
2496.5	12
2497.5	8
2498.5	9
2499.5	11
2500.5	11
2501.5	14
2502.5	17
2503.5	10
2504.5	11
2505.5	12
2506.5	10
2507.5	9
2508.5	14
2509.5	8
2510.5	9
2511.5	11
2512.5	14
2513.5	5
2514.5	14
2515.5	8
2516.5	10
2517.5	9
2518.5	11
2519.5	12
2520.5	11
2521.5	11
2522.5	4
2523.5	13
2524.5	16
2525.5	12
2526.5	12
2527.5	15
2528.5	5
2529.5	4
2530.5	12
2531.5	12
2532.5	12
2533.5	13
2534.5	15
2535.5	15
2536.5	10
2537.5	9
2538.5	8
2539.5	11
2540.5	13
2541.5	14
2542.5	10
2543.5	10
2544.5	15
2545.5	9
2546.5	15
2547.5	12
2548.5	8
2549.5	13
2550.5	7
2551.5	12
2552.5	8
2553.5	11
2554.5	17
2555.5	18
2556.5	11
2557.5	8
2558.5	6
2559.5	13
2560.5	10
2561.5	8
2562.5	6
2563.5	15
2564.5	9
2565.5	13
2566.5	11
2567.5	16
2568.5	9
2569.5	7
2570.5	7
2571.5	13
2572.5	10
2573.5	8
2574.5	7
2575.5	9
2576.5	8
2577.5	17
2578.5	12
2579.5	16
2580.5	8
2581.5	14
2582.5	18
2583.5	11
2584.5	15
2585.5	14
2586.5	16
2587.5	22
2588.5	18
2589.5	12
2590.5	16
2591.5	14
2592.5	6
2593.5	11
2594.5	14
2595.5	16
2596.5	11
2597.5	14
2598.5	14
2599.5	8
2600.5	8
2601.5	7
2602.5	13
2603.5	13
2604.5	13
2605.5	9
2606.5	17
2607.5	8
2608.5	12
2609.5	11
2610.5	5
2611.5	15
2612.5	14
2613.5	18
2614.5	12
2615.5	9
2616.5	9
2617.5	15
2618.5	7
2619.5	5
2620.5	6
2621.5	13
2622.5	10
2623.5	11
2624.5	14
2625.5	10
2626.5	11
2627.5	12
2628.5	8
2629.5	12
2630.5	13
2631.5	12
2632.5	10
2633.5	11
2634.5	13
2635.5	13
2636.5	9
2637.5	14
2638.5	13
2639.5	8
2640.5	12
2641.5	5
2642.5	14
2643.5	7
2644.5	8
2645.5	14
2646.5	13
2647.5	11
2648.5	5
2649.5	11
2650.5	11
2651.5	15
2652.5	8
2653.5	19
2654.5	12
2655.5	14
2656.5	11
2657.5	13
2658.5	11
2659.5	13
2660.5	9
2661.5	9
2662.5	9
2663.5	14
2664.5	16
2665.5	18
2666.5	7
2667.5	15
2668.5	11
2669.5	9
2670.5	6
2671.5	10
2672.5	12
2673.5	12
2674.5	14
2675.5	9
2676.5	9
2677.5	15
2678.5	10
2679.5	9
2680.5	5
2681.5	11
2682.5	11
2683.5	8
2684.5	11
2685.5	13
2686.5	11
2687.5	7
2688.5	10
2689.5	10
2690.5	10
2691.5	13
2692.5	6
2693.5	13
2694.5	16
2695.5	9
2696.5	7
2697.5	13
2698.5	8
2699.5	9
2700.5	6
2701.5	11
2702.5	19
2703.5	9
2704.5	7
2705.5	12
2706.5	11
2707.5	5
2708.5	18
2709.5	12
2710.5	19
2711.5	11
2712.5	10
2713.5	15
2714.5	12
2715.5	11
2716.5	7
2717.5	15
2718.5	14
2719.5	7
2720.5	5
2721.5	10
2722.5	11
2723.5	13
2724.5	8
2725.5	13
2726.5	11
2727.5	15
2728.5	14
2729.5	13
2730.5	16
2731.5	10
2732.5	18
2733.5	10
2734.5	3
2735.5	16
2736.5	11
2737.5	11
2738.5	13
2739.5	9
2740.5	10
2741.5	9
2742.5	8
2743.5	13
2744.5	12
2745.5	9
2746.5	12
2747.5	18
2748.5	8
2749.5	10
2750.5	13
2751.5	7
2752.5	13
2753.5	8
2754.5	9
2755.5	9
2756.5	7
2757.5	10
2758.5	10
2759.5	8
2760.5	8
2761.5	9
2762.5	6
2763.5	16
2764.5	5
2765.5	15
2766.5	20
2767.5	9
2768.5	5
2769.5	8
2770.5	1
2771.5	12
2772.5	12
2773.5	8
2774.5	15
2775.5	13
2776.5	9
2777.5	18
2778.5	9
2779.5	6
2780.5	12
2781.5	15
2782.5	7
2783.5	13
2784.5	15
2785.5	15
2786.5	9
2787.5	11
2788.5	12
2789.5	16
2790.5	10
2791.5	16
2792.5	6
2793.5	9
2794.5	10
2795.5	13
2796.5	15
2797.5	10
2798.5	10
2799.5	10
2800.5	10
2801.5	7
2802.5	7
2803.5	9
2804.5	6
2805.5	15
2806.5	10
2807.5	16
2808.5	8
2809.5	17
2810.5	9
2811.5	10
2812.5	8
2813.5	6
2814.5	17
2815.5	10
2816.5	20
2817.5	8
2818.5	7
2819.5	14
2820.5	12
2821.5	6
2822.5	6
2823.5	11
2824.5	13
2825.5	17
2826.5	11
2827.5	9
2828.5	11
2829.5	11
2830.5	8
2831.5	6
2832.5	10
2833.5	13
2834.5	6
2835.5	11
2836.5	8
2837.5	16
2838.5	5
2839.5	8
2840.5	11
2841.5	12
2842.5	11
2843.5	8
2844.5	9
2845.5	15
2846.5	14
2847.5	11
2848.5	11
2849.5	10
2850.5	9
2851.5	14
2852.5	10
2853.5	8
2854.5	14
2855.5	5
2856.5	12
2857.5	15
2858.5	11
2859.5	12
2860.5	12
2861.5	6
2862.5	13
2863.5	18
2864.5	6
2865.5	10
2866.5	9
2867.5	9
2868.5	11
2869.5	12
2870.5	6
2871.5	8
2872.5	18
2873.5	7
2874.5	12
2875.5	12
2876.5	6
2877.5	12
2878.5	4
2879.5	5
2880.5	14
2881.5	9
2882.5	8
2883.5	10
2884.5	13
2885.5	9
2886.5	9
2887.5	11
2888.5	7
2889.5	9
2890.5	14
2891.5	13
2892.5	14
2893.5	9
2894.5	9
2895.5	10
2896.5	12
2897.5	16
2898.5	13
2899.5	9
2900.5	14
2901.5	6
2902.5	8
2903.5	12
2904.5	12
2905.5	15
2906.5	17
2907.5	14
2908.5	10
2909.5	16
2910.5	8
2911.5	14
2912.5	10
2913.5	10
2914.5	9
2915.5	20
2916.5	11
2917.5	9
2918.5	12
2919.5	11
2920.5	8
2921.5	10
2922.5	10
2923.5	15
2924.5	10
2925.5	6
2926.5	7
2927.5	12
2928.5	10
2929.5	12
2930.5	9
2931.5	11
2932.5	10
2933.5	6
2934.5	9
2935.5	14
2936.5	12
2937.5	16
2938.5	7
2939.5	4
2940.5	6
2941.5	11
2942.5	14
2943.5	17
2944.5	16
2945.5	14
2946.5	8
2947.5	9
2948.5	10
2949.5	9
2950.5	16
2951.5	11
2952.5	8
2953.5	16
2954.5	9
2955.5	10
2956.5	14
2957.5	14
2958.5	16
2959.5	8
2960.5	18
2961.5	14
2962.5	12
2963.5	15
2964.5	12
2965.5	9
2966.5	9
2967.5	6
2968.5	13
2969.5	17
2970.5	14
2971.5	18
2972.5	8
2973.5	12
2974.5	12
2975.5	10
2976.5	7
2977.5	12
2978.5	17
2979.5	11
2980.5	14
2981.5	12
2982.5	10
2983.5	10
2984.5	14
2985.5	8
2986.5	10
2987.5	12
2988.5	18
2989.5	9
2990.5	10
2991.5	8
2992.5	11
2993.5	11
2994.5	14
2995.5	11
2996.5	8
2997.5	7
2998.5	10
2999.5	14
3000.5	10
3001.5	10
3002.5	9
3003.5	9
3004.5	18
3005.5	9
3006.5	11
3007.5	14
3008.5	15
3009.5	6
3010.5	11
3011.5	6
3012.5	15
3013.5	8
3014.5	12
3015.5	11
3016.5	10
3017.5	11
3018.5	9
3019.5	12
3020.5	11
3021.5	18
3022.5	6
3023.5	14
3024.5	15
3025.5	7
3026.5	6
3027.5	8
3028.5	11
3029.5	12
3030.5	14
3031.5	13
3032.5	11
3033.5	12
3034.5	10
3035.5	11
3036.5	15
3037.5	14
3038.5	11
3039.5	17
3040.5	12
3041.5	12
3042.5	12
3043.5	11
3044.5	14
3045.5	13
3046.5	10
3047.5	12
3048.5	12
3049.5	16
3050.5	8
3051.5	21
3052.5	13
3053.5	13
3054.5	10
3055.5	6
3056.5	17
3057.5	14
3058.5	15
3059.5	11
3060.5	10
3061.5	22
3062.5	11
3063.5	12
3064.5	10
3065.5	10
3066.5	15
3067.5	10
3068.5	10
3069.5	9
3070.5	7
3071.5	14
3072.5	10
3073.5	20
3074.5	16
3075.5	12
3076.5	7
3077.5	9
3078.5	13
3079.5	17
3080.5	8
3081.5	15
3082.5	10
3083.5	13
3084.5	17
3085.5	12
3086.5	16
3087.5	11
3088.5	9
3089.5	14
3090.5	15
3091.5	13
3092.5	14
3093.5	6
3094.5	10
3095.5	13
3096.5	8
3097.5	7
3098.5	19
3099.5	15
3100.5	10
3101.5	11
3102.5	17
3103.5	14
3104.5	8
3105.5	12
3106.5	16
3107.5	6
3108.5	18
3109.5	9
3110.5	11
3111.5	12
3112.5	12
3113.5	17
3114.5	6
3115.5	15
3116.5	10
3117.5	10
3118.5	16
3119.5	15
3120.5	5
3121.5	13
3122.5	12
3123.5	14
3124.5	18
3125.5	9
3126.5	16
3127.5	10
3128.5	14
3129.5	21
3130.5	10
3131.5	14
3132.5	11
3133.5	17
3134.5	12
3135.5	12
3136.5	14
3137.5	18
3138.5	9
3139.5	10
3140.5	14
3141.5	18
3142.5	9
3143.5	12
3144.5	10
3145.5	12
3146.5	5
3147.5	8
3148.5	11
3149.5	17
3150.5	19
3151.5	13
3152.5	13
3153.5	15
3154.5	12
3155.5	15
3156.5	12
3157.5	10
3158.5	11
3159.5	18
3160.5	14
3161.5	18
3162.5	18
3163.5	10
3164.5	13
3165.5	10
3166.5	6
3167.5	18
3168.5	16
3169.5	12
3170.5	11
3171.5	22
3172.5	16
3173.5	12
3174.5	13
3175.5	17
3176.5	20
3177.5	16
3178.5	8
3179.5	12
3180.5	11
3181.5	14
3182.5	15
3183.5	9
3184.5	8
3185.5	11
3186.5	12
3187.5	10
3188.5	8
3189.5	18
3190.5	11
3191.5	13
3192.5	17
3193.5	10
3194.5	13
3195.5	15
3196.5	14
3197.5	14
3198.5	19
3199.5	10
3200.5	16
3201.5	10
3202.5	14
3203.5	16
3204.5	9
3205.5	19
3206.5	8
3207.5	14
3208.5	15
3209.5	9
3210.5	9
3211.5	13
3212.5	15
3213.5	16
3214.5	11
3215.5	11
3216.5	11
3217.5	15
3218.5	12
3219.5	13
3220.5	14
3221.5	14
3222.5	21
3223.5	14
3224.5	16
3225.5	15
3226.5	20
3227.5	12
3228.5	15
3229.5	12
3230.5	10
3231.5	14
3232.5	11
3233.5	15
3234.5	16
3235.5	7
3236.5	15
3237.5	20
3238.5	11
3239.5	13
3240.5	10
3241.5	6
3242.5	14
3243.5	13
3244.5	19
3245.5	14
3246.5	12
3247.5	14
3248.5	19
3249.5	23
3250.5	12
3251.5	14
3252.5	14
3253.5	9
3254.5	20
3255.5	17
3256.5	23
3257.5	15
3258.5	25
3259.5	10
3260.5	17
3261.5	27
3262.5	14
3263.5	29
3264.5	24
3265.5	29
3266.5	20
3267.5	23
3268.5	19
3269.5	22
3270.5	24
3271.5	24
3272.5	27
3273.5	30
3274.5	17
3275.5	27
3276.5	22
3277.5	29
3278.5	23
3279.5	32
3280.5	17
3281.5	32
3282.5	19
3283.5	22
3284.5	21
3285.5	29
3286.5	31
3287.5	29
3288.5	22
3289.5	22
3290.5	33
3291.5	32
3292.5	26
3293.5	41
3294.5	33
3295.5	41
3296.5	35
3297.5	32
3298.5	31
3299.5	31
3300.5	36
3301.5	37
3302.5	21
3303.5	22
3304.5	33
3305.5	27
3306.5	35
3307.5	47
3308.5	24
3309.5	35
3310.5	35
3311.5	41
3312.5	22
3313.5	22
3314.5	42
3315.5	34
3316.5	30
3317.5	26
3318.5	29
3319.5	48
3320.5	41
3321.5	32
3322.5	28
3323.5	32
3324.5	28
3325.5	25
3326.5	37
3327.5	36
3328.5	29
3329.5	31
3330.5	33
3331.5	45
3332.5	37
3333.5	38
3334.5	27
3335.5	45
3336.5	29
3337.5	43
3338.5	30
3339.5	37
3340.5	30
3341.5	30
3342.5	30
3343.5	44
3344.5	43
3345.5	44
3346.5	32
3347.5	27
3348.5	35
3349.5	38
3350.5	30
3351.5	30
3352.5	46
3353.5	37
3354.5	34
3355.5	23
3356.5	36
3357.5	33
3358.5	32
3359.5	40
3360.5	30
3361.5	37
3362.5	49
3363.5	24
3364.5	22
3365.5	25
3366.5	29
3367.5	21
3368.5	27
3369.5	29
3370.5	26
3371.5	20
3372.5	28
3373.5	26
3374.5	30
3375.5	24
3376.5	30
3377.5	23
3378.5	24
3379.5	32
3380.5	16
3381.5	21
3382.5	26
3383.5	29
3384.5	28
3385.5	26
3386.5	30
3387.5	22
3388.5	22
3389.5	25
3390.5	25
3391.5	19
3392.5	24
3393.5	21
3394.5	20
3395.5	21
3396.5	23
3397.5	33
3398.5	25
3399.5	14
3400.5	28
3401.5	18
3402.5	17
3403.5	16
3404.5	24
3405.5	28
3406.5	28
3407.5	23
3408.5	19
3409.5	27
3410.5	28
3411.5	24
3412.5	17
3413.5	30
3414.5	30
3415.5	18
3416.5	24
3417.5	18
3418.5	22
3419.5	28
3420.5	28
3421.5	19
3422.5	22
3423.5	24
3424.5	18
3425.5	15
3426.5	18
3427.5	22
3428.5	26
3429.5	27
3430.5	17
3431.5	25
3432.5	32
3433.5	19
3434.5	30
3435.5	19
3436.5	24
3437.5	17
3438.5	24
3439.5	21
3440.5	22
3441.5	29
3442.5	23
3443.5	20
3444.5	22
3445.5	21
3446.5	25
3447.5	27
3448.5	26
3449.5	18
3450.5	21
3451.5	24
3452.5	27
3453.5	25
3454.5	27
3455.5	22
3456.5	14
3457.5	32
3458.5	19
3459.5	26
3460.5	27
3461.5	24
3462.5	18
3463.5	28
3464.5	26
3465.5	26
3466.5	17
3467.5	18
3468.5	23
3469.5	28
3470.5	25
3471.5	21
3472.5	18
3473.5	21
3474.5	27
3475.5	20
3476.5	25
3477.5	30
3478.5	21
3479.5	24
3480.5	19
3481.5	20
3482.5	25
3483.5	21
3484.5	30
3485.5	23
3486.5	22
3487.5	15
3488.5	25
3489.5	24
3490.5	30
3491.5	29
3492.5	28
3493.5	20
3494.5	26
3495.5	18
3496.5	21
3497.5	18
3498.5	20
3499.5	15
3500.5	13
3501.5	26
3502.5	24
3503.5	22
3504.5	21
3505.5	22
3506.5	26
3507.5	25
3508.5	27
3509.5	28
3510.5	25
3511.5	25
3512.5	23
3513.5	30
3514.5	29
3515.5	21
3516.5	27
3517.5	27
3518.5	25
3519.5	22
3520.5	19
3521.5	24
3522.5	25
3523.5	24
3524.5	19
3525.5	26
3526.5	19
3527.5	25
3528.5	28
3529.5	23
3530.5	25
3531.5	34
3532.5	22
3533.5	30
3534.5	19
3535.5	25
3536.5	20
3537.5	24
3538.5	17
3539.5	29
3540.5	28
3541.5	25
3542.5	20
3543.5	16
3544.5	27
3545.5	17
3546.5	31
3547.5	28
3548.5	27
3549.5	21
3550.5	22
3551.5	26
3552.5	25
3553.5	23
3554.5	25
3555.5	19
3556.5	25
3557.5	27
3558.5	25
3559.5	21
3560.5	18
3561.5	24
3562.5	18
3563.5	25
3564.5	33
3565.5	22
3566.5	25
3567.5	22
3568.5	21
3569.5	21
3570.5	22
3571.5	16
3572.5	21
3573.5	29
3574.5	21
3575.5	30
3576.5	22
3577.5	18
3578.5	32
3579.5	20
3580.5	19
3581.5	20
3582.5	27
3583.5	22
3584.5	21
3585.5	21
3586.5	19
3587.5	23
3588.5	17
3589.5	22
3590.5	15
3591.5	25
3592.5	29
3593.5	15
3594.5	16
3595.5	25
3596.5	26
3597.5	23
3598.5	18
3599.5	24
3600.5	22
3601.5	26
3602.5	29
3603.5	18
3604.5	23
3605.5	22
3606.5	21
3607.5	27
3608.5	14
3609.5	29
3610.5	20
3611.5	28
3612.5	28
3613.5	24
3614.5	12
3615.5	17
3616.5	12
3617.5	21
3618.5	20
3619.5	19
3620.5	24
3621.5	18
3622.5	19
3623.5	25
3624.5	25
3625.5	21
3626.5	22
3627.5	21
3628.5	15
3629.5	32
3630.5	21
3631.5	16
3632.5	10
3633.5	20
3634.5	19
3635.5	22
3636.5	19
3637.5	19
3638.5	16
3639.5	20
3640.5	16
3641.5	24
3642.5	22
3643.5	17
3644.5	24
3645.5	23
3646.5	17
3647.5	19
3648.5	19
3649.5	17
3650.5	19
3651.5	23
3652.5	17
3653.5	22
3654.5	15
3655.5	19
3656.5	15
3657.5	24
3658.5	17
3659.5	28
3660.5	12
3661.5	23
3662.5	21
3663.5	21
3664.5	15
3665.5	16
3666.5	18
3667.5	18
3668.5	20
3669.5	20
3670.5	17
3671.5	19
3672.5	20
3673.5	16
3674.5	14
3675.5	17
3676.5	14
3677.5	18
3678.5	14
3679.5	25
3680.5	17
3681.5	20
3682.5	25
3683.5	19
3684.5	16
3685.5	23
3686.5	32
3687.5	22
3688.5	19
3689.5	19
3690.5	25
3691.5	17
3692.5	16
3693.5	17
3694.5	13
3695.5	17
3696.5	20
3697.5	21
3698.5	25
3699.5	26
3700.5	24
3701.5	24
3702.5	28
3703.5	27
3704.5	26
3705.5	31
3706.5	25
3707.5	35
3708.5	27
3709.5	28
3710.5	36
3711.5	32
3712.5	36
3713.5	43
3714.5	32
3715.5	42
3716.5	35
3717.5	40
3718.5	45
3719.5	35
3720.5	42
3721.5	44
3722.5	44
3723.5	54
3724.5	44
3725.5	48
3726.5	36
3727.5	55
3728.5	42
3729.5	58
3730.5	53
3731.5	45
3732.5	48
3733.5	56
3734.5	62
3735.5	54
3736.5	58
3737.5	63
3738.5	43
3739.5	48
3740.5	54
3741.5	43
3742.5	69
3743.5	48
3744.5	51
3745.5	64
3746.5	55
3747.5	50
3748.5	54
3749.5	52
3750.5	53
3751.5	54
3752.5	55
3753.5	53
3754.5	38
3755.5	52
3756.5	59
3757.5	51
3758.5	54
3759.5	53
3760.5	50
3761.5	44
3762.5	50
3763.5	53
3764.5	67
3765.5	53
3766.5	41
3767.5	54
3768.5	55
3769.5	49
3770.5	53
3771.5	53
3772.5	69
3773.5	44
3774.5	46
3775.5	40
3776.5	57
3777.5	39
3778.5	64
3779.5	47
3780.5	65
3781.5	63
3782.5	54
3783.5	48
3784.5	47
3785.5	44
3786.5	48
3787.5	40
3788.5	55
3789.5	53
3790.5	47
3791.5	41
3792.5	55
3793.5	43
3794.5	48
3795.5	46
3796.5	68
3797.5	43
3798.5	55
3799.5	57
3800.5	49
3801.5	41
3802.5	48
3803.5	40
3804.5	44
3805.5	40
3806.5	37
3807.5	56
3808.5	36
3809.5	36
3810.5	43
3811.5	38
3812.5	34
3813.5	39
3814.5	44
3815.5	29
3816.5	28
3817.5	36
3818.5	32
3819.5	26
3820.5	26
3821.5	35
3822.5	30
3823.5	34
3824.5	28
3825.5	19
3826.5	29
3827.5	34
3828.5	38
3829.5	19
3830.5	25
3831.5	29
3832.5	18
3833.5	34
3834.5	16
3835.5	34
3836.5	28
3837.5	29
3838.5	30
3839.5	22
3840.5	23
3841.5	17
3842.5	34
3843.5	32
3844.5	25
3845.5	27
3846.5	27
3847.5	33
3848.5	22
3849.5	24
3850.5	25
3851.5	21
3852.5	20
3853.5	24
3854.5	26
3855.5	21
3856.5	27
3857.5	27
3858.5	30
3859.5	20
3860.5	22
3861.5	26
3862.5	29
3863.5	24
3864.5	21
3865.5	24
3866.5	28
3867.5	19
3868.5	25
3869.5	20
3870.5	19
3871.5	23
3872.5	33
3873.5	18
3874.5	33
3875.5	34
3876.5	26
3877.5	29
3878.5	32
3879.5	18
3880.5	28
3881.5	34
3882.5	30
3883.5	12
3884.5	15
3885.5	22
3886.5	24
3887.5	22
3888.5	30
3889.5	24
3890.5	28
3891.5	24
3892.5	26
3893.5	32
3894.5	25
3895.5	24
3896.5	27
3897.5	26
3898.5	27
3899.5	25
3900.5	25
3901.5	33
3902.5	28
3903.5	25
3904.5	25
3905.5	21
3906.5	29
3907.5	29
3908.5	29
3909.5	15
3910.5	28
3911.5	23
3912.5	34
3913.5	23
3914.5	30
3915.5	26
3916.5	30
3917.5	25
3918.5	32
3919.5	25
3920.5	26
3921.5	29
3922.5	21
3923.5	22
3924.5	23
3925.5	36
3926.5	26
3927.5	31
3928.5	30
3929.5	15
3930.5	24
3931.5	20
3932.5	20
3933.5	25
3934.5	32
3935.5	33
3936.5	29
3937.5	27
3938.5	29
3939.5	26
3940.5	24
3941.5	22
3942.5	26
3943.5	17
3944.5	24
3945.5	23
3946.5	17
3947.5	22
3948.5	23
3949.5	19
3950.5	21
3951.5	21
3952.5	28
3953.5	15
3954.5	23
3955.5	29
3956.5	19
3957.5	25
3958.5	35
3959.5	21
3960.5	14
3961.5	20
3962.5	18
3963.5	20
3964.5	19
3965.5	27
3966.5	30
3967.5	16
3968.5	19
3969.5	20
3970.5	16
3971.5	37
3972.5	14
3973.5	20
3974.5	27
3975.5	18
3976.5	28
3977.5	15
3978.5	33
3979.5	25
3980.5	26
3981.5	13
3982.5	12
3983.5	14
3984.5	24
3985.5	9
3986.5	17
3987.5	22
3988.5	14
3989.5	16
3990.5	17
3991.5	10
3992.5	14
3993.5	17
3994.5	10
3995.5	17
3996.5	8
3997.5	17
3998.5	16
3999.5	19
4000.5	18
4001.5	18
4002.5	12
4003.5	14
4004.5	13
4005.5	8
4006.5	13
4007.5	10
4008.5	19
4009.5	12
4010.5	14
4011.5	7
4012.5	13
4013.5	14
4014.5	10
4015.5	12
4016.5	18
4017.5	13
4018.5	11
4019.5	16
4020.5	12
4021.5	14
4022.5	14
4023.5	5
4024.5	9
4025.5	15
4026.5	3
4027.5	6
4028.5	17
4029.5	6
4030.5	7
4031.5	8
4032.5	16
4033.5	11
4034.5	11
4035.5	8
4036.5	13
4037.5	10
4038.5	13
4039.5	9
4040.5	7
4041.5	10
4042.5	11
4043.5	13
4044.5	6
4045.5	9
4046.5	10
4047.5	3
4048.5	6
4049.5	11
4050.5	6
4051.5	7
4052.5	10
4053.5	8
4054.5	10
4055.5	4
4056.5	10
4057.5	6
4058.5	8
4059.5	8
4060.5	3
4061.5	7
4062.5	7
4063.5	6
4064.5	8
4065.5	9
4066.5	7
4067.5	2
4068.5	11
4069.5	6
4070.5	7
4071.5	6
4072.5	9
4073.5	5
4074.5	7
4075.5	9
4076.5	5
4077.5	3
4078.5	4
4079.5	8
4080.5	6
4081.5	4
4082.5	3
4083.5	8
4084.5	7
4085.5	7
4086.5	5
4087.5	10
4088.5	6
4089.5	4
4090.5	4
4091.5	7
4092.5	5
4093.5	11
4094.5	9
4095.5	8
4096.5	6
4097.5	8
4098.5	9
4099.5	2
4100.5	11
4101.5	10
4102.5	9
4103.5	5
4104.5	6
4105.5	14
4106.5	12
4107.5	12
4108.5	11
4109.5	16
4110.5	9
4111.5	15
4112.5	12
4113.5	17
4114.5	25
4115.5	21
4116.5	21
4117.5	19
4118.5	26
4119.5	19
4120.5	27
4121.5	26
4122.5	27
4123.5	29
4124.5	21
4125.5	23
4126.5	36
4127.5	30
4128.5	25
4129.5	35
4130.5	40
4131.5	35
4132.5	43
4133.5	47
4134.5	44
4135.5	38
4136.5	37
4137.5	37
4138.5	57
4139.5	50
4140.5	44
4141.5	54
4142.5	43
4143.5	54
4144.5	56
4145.5	55
4146.5	62
4147.5	43
4148.5	36
4149.5	51
4150.5	58
4151.5	55
4152.5	48
4153.5	53
4154.5	42
4155.5	57
4156.5	60
4157.5	42
4158.5	64
4159.5	53
4160.5	61
4161.5	54
4162.5	45
4163.5	65
4164.5	57
4165.5	49
4166.5	59
4167.5	54
4168.5	48
4169.5	44
4170.5	53
4171.5	37
4172.5	52
4173.5	65
4174.5	46
4175.5	50
4176.5	46
4177.5	49
4178.5	42
4179.5	57
4180.5	47
4181.5	39
4182.5	50
4183.5	46
4184.5	46
4185.5	38
4186.5	42
4187.5	57
4188.5	52
4189.5	43
4190.5	46
4191.5	37
4192.5	38
4193.5	46
4194.5	46
4195.5	49
4196.5	48
4197.5	43
4198.5	39
4199.5	38
4200.5	35
4201.5	30
4202.5	49
4203.5	49
4204.5	37
4205.5	35
4206.5	40
4207.5	31
4208.5	25
4209.5	31
4210.5	33
4211.5	33
4212.5	21
4213.5	25
4214.5	24
4215.5	23
4216.5	18
4217.5	26
4218.5	26
4219.5	19
4220.5	14
4221.5	16
4222.5	20
4223.5	24
4224.5	11
4225.5	15
4226.5	15
4227.5	19
4228.5	10
4229.5	9
4230.5	14
4231.5	9
4232.5	10
4233.5	7
4234.5	9
4235.5	15
4236.5	10
4237.5	7
4238.5	4
4239.5	8
4240.5	3
4241.5	7
4242.5	3
4243.5	10
4244.5	6
4245.5	3
4246.5	2
4247.5	4
4248.5	6
4249.5	4
4250.5	1
4251.5	4
4252.5	6
4253.5	0
4254.5	4
4255.5	10
4256.5	2
4257.5	6
4258.5	4
4259.5	2
4260.5	3
4261.5	6
4262.5	4
4263.5	1
4264.5	1
4265.5	3
4266.5	3
4267.5	1
4268.5	1
4269.5	3
4270.5	3
4271.5	1
4272.5	4
4273.5	1
4274.5	2
4275.5	1
4276.5	4
4277.5	3
4278.5	2
4279.5	0
4280.5	3
4281.5	1
4282.5	3
4283.5	2
4284.5	2
4285.5	1
4286.5	2
4287.5	5
4288.5	5
4289.5	1
4290.5	3
4291.5	3
4292.5	2
4293.5	1
4294.5	1
4295.5	3
4296.5	2
4297.5	2
4298.5	0
4299.5	1
4300.5	4
4301.5	0
4302.5	1
4303.5	6
4304.5	1
4305.5	2
4306.5	3
4307.5	3
4308.5	0
4309.5	4
4310.5	0
4311.5	6
4312.5	1
4313.5	2
4314.5	2
4315.5	3
4316.5	2
4317.5	5
4318.5	2
4319.5	2
4320.5	4
4321.5	1
4322.5	0
4323.5	2
4324.5	1
4325.5	2
4326.5	0
4327.5	3
4328.5	1
4329.5	5
4330.5	3
4331.5	1
4332.5	1
4333.5	0
4334.5	4
4335.5	3
4336.5	5
4337.5	3
4338.5	1
4339.5	1
4340.5	0
4341.5	5
4342.5	2
4343.5	1
4344.5	0
4345.5	5
4346.5	2
4347.5	3
4348.5	0
4349.5	2
4350.5	2
4351.5	5
4352.5	2
4353.5	3
4354.5	4
4355.5	1
4356.5	2
4357.5	3
4358.5	2
4359.5	0
4360.5	3
4361.5	3
4362.5	3
4363.5	2
4364.5	0
4365.5	1
4366.5	1
4367.5	1
4368.5	4
4369.5	1
4370.5	2
4371.5	1
4372.5	4
4373.5	1
4374.5	1
4375.5	3
4376.5	0
4377.5	0
4378.5	0
4379.5	2
4380.5	3
4381.5	3
4382.5	3
4383.5	3
4384.5	4
4385.5	5
4386.5	2
4387.5	1
4388.5	1
4389.5	2
4390.5	2
4391.5	0
4392.5	2
4393.5	1
4394.5	3
4395.5	5
4396.5	0
4397.5	2
4398.5	1
4399.5	0
4400.5	1
4401.5	0
4402.5	1
4403.5	1
4404.5	3
4405.5	2
4406.5	3
4407.5	1
4408.5	3
4409.5	2
4410.5	1
4411.5	2
4412.5	3
4413.5	2
4414.5	2
4415.5	3
4416.5	1
4417.5	1
4418.5	2
4419.5	0
4420.5	2
4421.5	3
4422.5	5
4423.5	2
4424.5	0
4425.5	2
4426.5	1
4427.5	2
4428.5	2
4429.5	4
4430.5	2
4431.5	1
4432.5	0
4433.5	3
4434.5	2
4435.5	3
4436.5	4
4437.5	0
4438.5	4
4439.5	1
4440.5	1
4441.5	5
4442.5	2
4443.5	1
4444.5	1
4445.5	0
4446.5	2
4447.5	1
4448.5	0
4449.5	2
4450.5	1
4451.5	3
4452.5	2
4453.5	1
4454.5	4
4455.5	3
4456.5	2
4457.5	0
4458.5	1
4459.5	3
4460.5	1
4461.5	1
4462.5	1
4463.5	0
4464.5	1
4465.5	2
4466.5	2
4467.5	0
4468.5	0
4469.5	3
4470.5	0
4471.5	0
4472.5	2
4473.5	0
4474.5	2
4475.5	0
4476.5	1
4477.5	0
4478.5	3
4479.5	1
4480.5	4
4481.5	1
4482.5	1
4483.5	3
4484.5	0
4485.5	0
4486.5	1
4487.5	2
4488.5	5
4489.5	2
4490.5	0
4491.5	1
4492.5	1
4493.5	1
4494.5	1
4495.5	2
4496.5	3
4497.5	0
4498.5	1
4499.5	1
4500.5	3
4501.5	1
4502.5	1
4503.5	0
4504.5	2
4505.5	3
4506.5	2
4507.5	1
4508.5	0
4509.5	2
4510.5	1
4511.5	3
4512.5	2
4513.5	3
4514.5	1
4515.5	3
4516.5	0
4517.5	3
4518.5	3
4519.5	2
4520.5	2
4521.5	1
4522.5	1
4523.5	0
4524.5	0
4525.5	2
4526.5	0
4527.5	6
4528.5	2
4529.5	2
4530.5	2
4531.5	0
4532.5	1
4533.5	3
4534.5	4
4535.5	3
4536.5	1
4537.5	3
4538.5	2
4539.5	2
4540.5	2
4541.5	4
4542.5	3
4543.5	0
4544.5	4
4545.5	3
4546.5	1
4547.5	0
4548.5	2
4549.5	2
4550.5	1
4551.5	1
4552.5	1
4553.5	0
4554.5	2
4555.5	2
4556.5	2
4557.5	2
4558.5	2
4559.5	2
4560.5	0
4561.5	1
4562.5	2
4563.5	2
4564.5	1
4565.5	0
4566.5	1
4567.5	0
4568.5	2
4569.5	0
4570.5	1
4571.5	1
4572.5	1
4573.5	1
4574.5	3
4575.5	1
4576.5	1
4577.5	2
4578.5	2
4579.5	2
4580.5	2
4581.5	1
4582.5	5
4583.5	0
4584.5	3
4585.5	0
4586.5	1
4587.5	1
4588.5	1
4589.5	3
4590.5	1
4591.5	3
4592.5	2
4593.5	2
4594.5	1
4595.5	6
4596.5	1
4597.5	3
4598.5	1
4599.5	3
4600.5	3
4601.5	3
4602.5	1
4603.5	4
4604.5	0
4605.5	2
4606.5	5
4607.5	2
4608.5	4
4609.5	3
4610.5	1
4611.5	3
4612.5	0
4613.5	2
4614.5	2
4615.5	4
4616.5	1
4617.5	1
4618.5	1
4619.5	2
4620.5	0
4621.5	1
4622.5	1
4623.5	2
4624.5	5
4625.5	0
4626.5	3
4627.5	0
4628.5	0
4629.5	1
4630.5	3
4631.5	3
4632.5	5
4633.5	1
4634.5	0
4635.5	1
4636.5	2
4637.5	1
4638.5	1
4639.5	3
4640.5	2
4641.5	1
4642.5	1
4643.5	2
4644.5	3
4645.5	3
4646.5	3
4647.5	3
4648.5	0
4649.5	5
4650.5	3
4651.5	2
4652.5	0
4653.5	3
4654.5	1
4655.5	4
4656.5	3
4657.5	2
4658.5	0
4659.5	0
4660.5	3
4661.5	5
4662.5	4
4663.5	2
4664.5	2
4665.5	4
4666.5	1
4667.5	3
4668.5	2
4669.5	1
4670.5	3
4671.5	3
4672.5	1
4673.5	2
4674.5	5
4675.5	3
4676.5	3
4677.5	4
4678.5	1
4679.5	2
4680.5	0
4681.5	3
4682.5	1
4683.5	1
4684.5	5
4685.5	2
4686.5	1
4687.5	2
4688.5	2
4689.5	1
4690.5	0
4691.5	1
4692.5	7
4693.5	3
4694.5	1
4695.5	1
4696.5	4
4697.5	4
4698.5	1
4699.5	1
4700.5	0
4701.5	2
4702.5	0
4703.5	2
4704.5	2
4705.5	2
4706.5	2
4707.5	1
4708.5	2
4709.5	3
4710.5	3
4711.5	2
4712.5	2
4713.5	2
4714.5	1
4715.5	3
4716.5	2
4717.5	2
4718.5	0
4719.5	4
4720.5	3
4721.5	1
4722.5	4
4723.5	0
4724.5	2
4725.5	2
4726.5	2
4727.5	2
4728.5	4
4729.5	6
4730.5	1
4731.5	2
4732.5	6
4733.5	1
4734.5	3
4735.5	4
4736.5	3
4737.5	4
4738.5	2
4739.5	2
4740.5	2
4741.5	1
4742.5	1
4743.5	3
4744.5	1
4745.5	4
4746.5	2
4747.5	5
4748.5	2
4749.5	0
4750.5	5
4751.5	1
4752.5	3
4753.5	1
4754.5	3
4755.5	1
4756.5	3
4757.5	4
4758.5	2
4759.5	1
4760.5	1
4761.5	4
4762.5	2
4763.5	2
4764.5	2
4765.5	1
4766.5	0
4767.5	1
4768.5	1
4769.5	0
4770.5	2
4771.5	0
4772.5	2
4773.5	5
4774.5	0
4775.5	0
4776.5	1
4777.5	4
4778.5	0
4779.5	1
4780.5	0
4781.5	5
4782.5	0
4783.5	0
4784.5	2
4785.5	2
4786.5	1
4787.5	1
4788.5	2
4789.5	3
4790.5	0
4791.5	0
4792.5	2
4793.5	1
4794.5	1
4795.5	1
4796.5	1
4797.5	2
4798.5	1
4799.5	2
4800.5	4
4801.5	4
4802.5	2
4803.5	5
4804.5	0
4805.5	4
4806.5	1
4807.5	3
4808.5	2
4809.5	2
4810.5	4
4811.5	2
4812.5	2
4813.5	2
4814.5	1
4815.5	2
4816.5	2
4817.5	2
4818.5	2
4819.5	2
4820.5	4
4821.5	0
4822.5	1
4823.5	0
4824.5	1
4825.5	3
4826.5	2
4827.5	1
4828.5	2
4829.5	1
4830.5	3
4831.5	4
4832.5	2
4833.5	4
4834.5	2
4835.5	4
4836.5	0
4837.5	0
4838.5	4
4839.5	2
4840.5	2
4841.5	0
4842.5	1
4843.5	2
4844.5	1
4845.5	1
4846.5	0
4847.5	2
4848.5	1
4849.5	3
4850.5	3
4851.5	0
4852.5	1
4853.5	2
4854.5	1
4855.5	3
4856.5	2
4857.5	4
4858.5	4
4859.5	1
4860.5	2
4861.5	1
4862.5	1
4863.5	1
4864.5	1
4865.5	3
4866.5	4
4867.5	5
4868.5	2
4869.5	3
4870.5	1
4871.5	4
4872.5	1
4873.5	3
4874.5	3
4875.5	4
4876.5	0
4877.5	1
4878.5	0
4879.5	1
4880.5	1
4881.5	2
4882.5	3
4883.5	3
4884.5	4
4885.5	0
4886.5	3
4887.5	4
4888.5	2
4889.5	2
4890.5	2
4891.5	1
4892.5	0
4893.5	4
4894.5	4
4895.5	3
4896.5	3
4897.5	2
4898.5	5
4899.5	5
4900.5	2
4901.5	0
4902.5	1
4903.5	2
4904.5	2
4905.5	3
4906.5	2
4907.5	1
4908.5	6
4909.5	3
4910.5	1
4911.5	3
4912.5	4
4913.5	0
4914.5	5
4915.5	2
4916.5	0
4917.5	4
4918.5	0
4919.5	2
4920.5	1
4921.5	0
4922.5	6
4923.5	1
4924.5	2
4925.5	1
4926.5	4
4927.5	3
4928.5	1
4929.5	4
4930.5	3
4931.5	2
4932.5	1
4933.5	0
4934.5	2
4935.5	2
4936.5	1
4937.5	4
4938.5	0
4939.5	1
4940.5	1
4941.5	1
4942.5	2
4943.5	1
4944.5	1
4945.5	2
4946.5	4
4947.5	2
4948.5	0
4949.5	3
4950.5	2
4951.5	0
4952.5	2
4953.5	1
4954.5	1
4955.5	2
4956.5	1
4957.5	1
4958.5	2
4959.5	0
4960.5	1
4961.5	3
4962.5	2
4963.5	1
4964.5	1
4965.5	3
4966.5	1
4967.5	0
4968.5	5
4969.5	4
4970.5	4
4971.5	2
4972.5	1
4973.5	2
4974.5	0
4975.5	0
4976.5	2
4977.5	2
4978.5	3
4979.5	1
4980.5	0
4981.5	7
4982.5	2
4983.5	3
4984.5	3
4985.5	3
4986.5	3
4987.5	2
4988.5	0
4989.5	2
4990.5	2
4991.5	1
4992.5	0
4993.5	5
4994.5	3
4995.5	4
4996.5	4
4997.5	1
4998.5	6
4999.5	3
5000.5	3
5001.5	2
5002.5	5
5003.5	1
5004.5	1
5005.5	1
5006.5	6
5007.5	3
5008.5	1
5009.5	3
5010.5	1
5011.5	3
5012.5	3
5013.5	2
5014.5	2
5015.5	2
5016.5	6
5017.5	2
5018.5	7
5019.5	3
5020.5	2
5021.5	7
5022.5	6
5023.5	0
5024.5	2
5025.5	0
5026.5	1
5027.5	6
5028.5	1
5029.5	2
5030.5	3
5031.5	0
5032.5	2
5033.5	1
5034.5	1
5035.5	2
5036.5	4
5037.5	2
5038.5	1
5039.5	1
5040.5	1
5041.5	0
5042.5	3
5043.5	3
5044.5	0
5045.5	2
5046.5	0
5047.5	2
5048.5	1
5049.5	0
5050.5	4
5051.5	2
5052.5	0
5053.5	1
5054.5	1
5055.5	3
5056.5	2
5057.5	0
5058.5	4
5059.5	3
5060.5	1
5061.5	2
5062.5	2
5063.5	4
5064.5	4
5065.5	3
5066.5	2
5067.5	2
5068.5	5
5069.5	1
5070.5	4
5071.5	2
5072.5	1
5073.5	1
5074.5	2
5075.5	0
5076.5	2
5077.5	1
5078.5	5
5079.5	4
5080.5	6
5081.5	0
5082.5	1
5083.5	0
5084.5	1
5085.5	3
5086.5	3
5087.5	3
5088.5	2
5089.5	3
5090.5	4
5091.5	4
5092.5	2
5093.5	4
5094.5	1
5095.5	0
5096.5	2
5097.5	2
5098.5	2
5099.5	2
5100.5	2
5101.5	3
5102.5	5
5103.5	0
5104.5	2
5105.5	1
5106.5	6
5107.5	3
5108.5	1
5109.5	2
5110.5	1
5111.5	2
5112.5	3
5113.5	3
5114.5	1
5115.5	0
5116.5	1
5117.5	2
5118.5	1
5119.5	3
5120.5	4
5121.5	2
5122.5	0
5123.5	3
5124.5	2
5125.5	0
5126.5	1
5127.5	4
5128.5	3
5129.5	2
5130.5	1
5131.5	0
5132.5	2
5133.5	0
5134.5	2
5135.5	0
5136.5	2
5137.5	0
5138.5	1
5139.5	3
5140.5	3
5141.5	3
5142.5	2
5143.5	5
5144.5	2
5145.5	2
5146.5	2
5147.5	2
5148.5	3
5149.5	2
5150.5	3
5151.5	2
5152.5	3
5153.5	1
5154.5	0
5155.5	4
5156.5	1
5157.5	2
5158.5	4
5159.5	2
5160.5	1
5161.5	2
5162.5	3
5163.5	1
5164.5	0
5165.5	5
5166.5	1
5167.5	0
5168.5	4
5169.5	2
5170.5	2
5171.5	2
5172.5	3
5173.5	1
5174.5	4
5175.5	2
5176.5	2
5177.5	3
5178.5	2
5179.5	2
5180.5	1
5181.5	5
5182.5	2
5183.5	1
5184.5	6
5185.5	0
5186.5	3
5187.5	2
5188.5	2
5189.5	1
5190.5	2
5191.5	1
5192.5	3
5193.5	1
5194.5	1
5195.5	1
5196.5	1
5197.5	2
5198.5	1
5199.5	3
5200.5	6
5201.5	1
5202.5	0
5203.5	2
5204.5	1
5205.5	2
5206.5	2
5207.5	0
5208.5	2
5209.5	2
5210.5	2
5211.5	2
5212.5	7
5213.5	0
5214.5	4
5215.5	0
5216.5	1
5217.5	4
5218.5	1
5219.5	4
5220.5	5
5221.5	4
5222.5	0
5223.5	6
5224.5	1
5225.5	2
5226.5	5
5227.5	2
5228.5	0
5229.5	1
5230.5	2
5231.5	2
5232.5	3
5233.5	1
5234.5	1
5235.5	2
5236.5	1
5237.5	2
5238.5	4
5239.5	0
5240.5	1
5241.5	2
5242.5	1
5243.5	2
5244.5	2
5245.5	2
5246.5	2
5247.5	1
5248.5	3
5249.5	2
5250.5	1
5251.5	1
5252.5	4
5253.5	4
5254.5	1
5255.5	2
5256.5	1
5257.5	1
5258.5	4
5259.5	5
5260.5	2
5261.5	3
5262.5	2
5263.5	3
5264.5	2
5265.5	0
5266.5	3
5267.5	0
5268.5	2
5269.5	2
5270.5	3
5271.5	2
5272.5	3
5273.5	2
5274.5	1
5275.5	4
5276.5	3
5277.5	4
5278.5	0
5279.5	4
5280.5	0
5281.5	0
5282.5	0
5283.5	2
5284.5	1
5285.5	5
5286.5	4
5287.5	4
5288.5	2
5289.5	2
5290.5	3
5291.5	1
5292.5	1
5293.5	3
5294.5	3
5295.5	2
5296.5	3
5297.5	2
5298.5	3
5299.5	2
5300.5	3
5301.5	1
5302.5	3
5303.5	1
5304.5	4
5305.5	4
5306.5	2
5307.5	2
5308.5	3
5309.5	1
5310.5	2
5311.5	4
5312.5	3
5313.5	1
5314.5	2
5315.5	2
5316.5	3
5317.5	4
5318.5	3
5319.5	3
5320.5	1
5321.5	5
5322.5	3
5323.5	3
5324.5	3
5325.5	1
5326.5	7
5327.5	2
5328.5	4
5329.5	1
5330.5	6
5331.5	3
5332.5	3
5333.5	3
5334.5	4
5335.5	2
5336.5	1
5337.5	3
5338.5	0
5339.5	4
5340.5	1
5341.5	6
5342.5	3
5343.5	3
5344.5	4
5345.5	2
5346.5	4
5347.5	1
5348.5	2
5349.5	2
5350.5	4
5351.5	4
5352.5	2
5353.5	1
5354.5	6
5355.5	4
5356.5	2
5357.5	4
5358.5	1
5359.5	2
5360.5	1
5361.5	4
5362.5	1
5363.5	0
5364.5	7
5365.5	3
5366.5	1
5367.5	0
5368.5	4
5369.5	1
5370.5	2
5371.5	7
5372.5	1
5373.5	2
5374.5	3
5375.5	1
5376.5	2
5377.5	2
5378.5	2
5379.5	2
5380.5	2
5381.5	1
5382.5	2
5383.5	1
5384.5	6
5385.5	4
5386.5	1
5387.5	1
5388.5	1
5389.5	3
5390.5	2
5391.5	0
5392.5	1
5393.5	0
5394.5	1
5395.5	2
5396.5	2
5397.5	1
5398.5	1
5399.5	1
5400.5	2
5401.5	1
5402.5	1
5403.5	5
5404.5	3
5405.5	1
5406.5	4
5407.5	0
5408.5	3
5409.5	0
5410.5	2
5411.5	0
5412.5	2
5413.5	4
5414.5	2
5415.5	2
5416.5	2
5417.5	2
5418.5	0
5419.5	1
5420.5	6
5421.5	1
5422.5	1
5423.5	5
5424.5	1
5425.5	3
5426.5	4
5427.5	3
5428.5	3
5429.5	0
5430.5	3
5431.5	0
5432.5	2
5433.5	3
5434.5	2
5435.5	3
5436.5	0
5437.5	6
5438.5	1
5439.5	3
5440.5	3
5441.5	3
5442.5	2
5443.5	4
5444.5	1
5445.5	2
5446.5	4
5447.5	3
5448.5	2
5449.5	3
5450.5	2
5451.5	1
5452.5	2
5453.5	1
5454.5	4
5455.5	1
5456.5	3
5457.5	3
5458.5	1
5459.5	2
5460.5	2
5461.5	2
5462.5	2
5463.5	6
5464.5	1
5465.5	2
5466.5	1
5467.5	1
5468.5	1
5469.5	4
5470.5	1
5471.5	1
5472.5	2
5473.5	2
5474.5	1
5475.5	4
5476.5	4
5477.5	6
5478.5	5
5479.5	2
5480.5	6
5481.5	4
5482.5	1
5483.5	3
5484.5	3
5485.5	0
5486.5	2
5487.5	5
5488.5	3
5489.5	3
5490.5	8
5491.5	2
5492.5	1
5493.5	0
5494.5	1
5495.5	1
5496.5	1
5497.5	0
5498.5	2
5499.5	1
5500.5	2
5501.5	0
5502.5	2
5503.5	2
5504.5	2
5505.5	1
5506.5	5
5507.5	0
5508.5	4
5509.5	1
5510.5	2
5511.5	2
5512.5	4
5513.5	5
5514.5	1
5515.5	2
5516.5	2
5517.5	0
5518.5	3
5519.5	1
5520.5	4
5521.5	0
5522.5	2
5523.5	3
5524.5	1
5525.5	2
5526.5	0
5527.5	1
5528.5	1
5529.5	1
5530.5	0
5531.5	0
5532.5	0
5533.5	2
5534.5	1
5535.5	1
5536.5	2
5537.5	2
5538.5	2
5539.5	3
5540.5	7
5541.5	2
5542.5	1
5543.5	2
5544.5	2
5545.5	3
5546.5	2
5547.5	2
5548.5	2
5549.5	1
5550.5	3
5551.5	0
5552.5	0
5553.5	0
5554.5	4
5555.5	0
5556.5	1
5557.5	1
5558.5	2
5559.5	4
5560.5	3
5561.5	3
5562.5	0
5563.5	2
5564.5	1
5565.5	2
5566.5	0
5567.5	0
5568.5	4
5569.5	2
5570.5	0
5571.5	2
5572.5	2
5573.5	1
5574.5	0
5575.5	2
5576.5	3
5577.5	1
5578.5	3
5579.5	2
5580.5	0
5581.5	1
5582.5	4
5583.5	2
5584.5	2
5585.5	2
5586.5	3
5587.5	4
5588.5	1
5589.5	0
5590.5	8
5591.5	4
5592.5	1
5593.5	3
5594.5	1
5595.5	1
5596.5	0
5597.5	1
5598.5	3
5599.5	5
5600.5	3
5601.5	0
5602.5	3
5603.5	1
5604.5	4
5605.5	5
5606.5	1
5607.5	1
5608.5	3
5609.5	1
5610.5	2
5611.5	3
5612.5	2
5613.5	5
5614.5	0
5615.5	0
5616.5	0
5617.5	4
5618.5	2
5619.5	2
5620.5	2
5621.5	3
5622.5	0
5623.5	2
5624.5	2
5625.5	1
5626.5	3
5627.5	1
5628.5	2
5629.5	2
5630.5	1
5631.5	1
5632.5	2
5633.5	1
5634.5	4
5635.5	1
5636.5	2
5637.5	2
5638.5	0
5639.5	1
5640.5	1
5641.5	0
5642.5	1
5643.5	3
5644.5	3
5645.5	4
5646.5	1
5647.5	3
5648.5	1
5649.5	1
5650.5	2
5651.5	1
5652.5	1
5653.5	4
5654.5	3
5655.5	0
5656.5	3
5657.5	1
5658.5	1
5659.5	1
5660.5	1
5661.5	1
5662.5	5
5663.5	0
5664.5	1
5665.5	1
5666.5	2
5667.5	2
5668.5	1
5669.5	0
5670.5	4
5671.5	0
5672.5	3
5673.5	1
5674.5	4
5675.5	2
5676.5	4
5677.5	3
5678.5	0
5679.5	1
5680.5	2
5681.5	0
5682.5	2
5683.5	1
5684.5	3
5685.5	0
5686.5	0
5687.5	0
5688.5	0
5689.5	1
5690.5	0
5691.5	2
5692.5	1
5693.5	2
5694.5	3
5695.5	3
5696.5	2
5697.5	3
5698.5	1
5699.5	0
5700.5	0
5701.5	2
5702.5	2
5703.5	1
5704.5	2
5705.5	1
5706.5	1
5707.5	2
5708.5	3
5709.5	1
5710.5	1
5711.5	2
5712.5	3
5713.5	2
5714.5	1
5715.5	1
5716.5	1
5717.5	0
5718.5	0
5719.5	1
5720.5	4
5721.5	0
5722.5	2
5723.5	2
5724.5	2
5725.5	3
5726.5	3
5727.5	1
5728.5	2
5729.5	0
5730.5	2
5731.5	0
5732.5	1
5733.5	2
5734.5	3
5735.5	1
5736.5	1
5737.5	0
5738.5	2
5739.5	0
5740.5	2
5741.5	1
5742.5	0
5743.5	3
5744.5	2
5745.5	0
5746.5	1
5747.5	4
5748.5	1
5749.5	2
5750.5	3
5751.5	0
5752.5	3
5753.5	3
5754.5	0
5755.5	3
5756.5	0
5757.5	3
5758.5	2
5759.5	3
5760.5	1
5761.5	1
5762.5	4
5763.5	3
5764.5	0
5765.5	0
5766.5	1
5767.5	1
5768.5	2
5769.5	2
5770.5	1
5771.5	2
5772.5	1
5773.5	0
5774.5	1
5775.5	1
5776.5	2
5777.5	3
5778.5	3
5779.5	1
5780.5	3
5781.5	2
5782.5	0
5783.5	2
5784.5	3
5785.5	2
5786.5	0
5787.5	0
5788.5	1
5789.5	0
5790.5	2
5791.5	1
5792.5	2
5793.5	1
5794.5	1
5795.5	2
5796.5	2
5797.5	2
5798.5	2
5799.5	3
5800.5	1
5801.5	2
5802.5	1
5803.5	2
5804.5	1
5805.5	0
5806.5	1
5807.5	1
5808.5	1
5809.5	2
5810.5	0
5811.5	2
5812.5	0
5813.5	0
5814.5	1
5815.5	2
5816.5	0
5817.5	3
5818.5	0
5819.5	2
5820.5	1
5821.5	3
5822.5	1
5823.5	3
5824.5	2
5825.5	1
5826.5	0
5827.5	2
5828.5	0
5829.5	0
5830.5	2
5831.5	2
5832.5	2
5833.5	1
5834.5	1
5835.5	1
5836.5	2
5837.5	2
5838.5	1
5839.5	0
5840.5	2
5841.5	0
5842.5	1
5843.5	2
5844.5	5
5845.5	0
5846.5	1
5847.5	2
5848.5	3
5849.5	1
5850.5	1
5851.5	2
5852.5	2
5853.5	0
5854.5	2
5855.5	4
5856.5	0
5857.5	1
5858.5	0
5859.5	0
5860.5	1
5861.5	2
5862.5	1
5863.5	2
5864.5	0
5865.5	2
5866.5	1
5867.5	1
5868.5	2
5869.5	2
5870.5	0
5871.5	3
5872.5	1
5873.5	1
5874.5	3
5875.5	1
5876.5	1
5877.5	1
5878.5	2
5879.5	0
5880.5	2
5881.5	2
5882.5	2
5883.5	2
5884.5	2
5885.5	0
5886.5	0
5887.5	4
5888.5	2
5889.5	2
5890.5	1
5891.5	2
5892.5	1
5893.5	0
5894.5	2
5895.5	0
5896.5	2
5897.5	0
5898.5	0
5899.5	2
5900.5	1
5901.5	0
5902.5	0
5903.5	1
5904.5	1
5905.5	0
5906.5	2
5907.5	0
5908.5	0
5909.5	1
5910.5	1
5911.5	2
5912.5	2
5913.5	3
5914.5	2
5915.5	0
5916.5	1
5917.5	2
5918.5	1
5919.5	0
5920.5	0
5921.5	1
5922.5	1
5923.5	0
5924.5	4
5925.5	0
5926.5	2
5927.5	1
5928.5	2
5929.5	2
5930.5	2
5931.5	3
5932.5	3
5933.5	0
5934.5	0
5935.5	1
5936.5	2
5937.5	0
5938.5	3
5939.5	1
5940.5	1
5941.5	0
5942.5	3
5943.5	0
5944.5	0
5945.5	0
5946.5	2
5947.5	1
5948.5	0
5949.5	0
5950.5	0
5951.5	2
5952.5	0
5953.5	0
5954.5	2
5955.5	3
5956.5	1
5957.5	1
5958.5	0
5959.5	0
5960.5	0
5961.5	3
5962.5	0
5963.5	1
5964.5	3
5965.5	2
5966.5	1
5967.5	0
5968.5	2
5969.5	3
5970.5	3
5971.5	0
5972.5	1
5973.5	0
5974.5	0
5975.5	1
5976.5	0
5977.5	2
5978.5	0
5979.5	2
5980.5	1
5981.5	0
5982.5	1
5983.5	0
5984.5	1
5985.5	0
5986.5	3
5987.5	0
5988.5	0
5989.5	1
5990.5	1
5991.5	0
5992.5	0
5993.5	2
5994.5	1
5995.5	3
5996.5	1
5997.5	0
5998.5	1
5999.5	3
6000.5	1
6001.5	2
6002.5	2
6003.5	2
6004.5	0
6005.5	0
6006.5	1
6007.5	3
6008.5	1
6009.5	0
6010.5	0
6011.5	1
6012.5	1
6013.5	1
6014.5	2
6015.5	0
6016.5	2
6017.5	0
6018.5	0
6019.5	0
6020.5	0
6021.5	1
6022.5	2
6023.5	0
6024.5	0
6025.5	0
6026.5	0
6027.5	2
6028.5	0
6029.5	1
6030.5	0
6031.5	0
6032.5	0
6033.5	1
6034.5	0
6035.5	0
6036.5	1
6037.5	1
6038.5	0
6039.5	0
6040.5	2
6041.5	1
6042.5	3
6043.5	0
6044.5	2
6045.5	0
6046.5	2
6047.5	1
6048.5	0
6049.5	0
6050.5	0
6051.5	1
6052.5	1
6053.5	2
6054.5	0
6055.5	0
6056.5	1
6057.5	0
6058.5	2
6059.5	1
6060.5	0
6061.5	1
6062.5	0
6063.5	1
6064.5	1
6065.5	0
6066.5	0
6067.5	0
6068.5	1
6069.5	1
6070.5	1
6071.5	0
6072.5	1
6073.5	2
6074.5	0
6075.5	1
6076.5	0
6077.5	1
6078.5	2
6079.5	0
6080.5	0
6081.5	0
6082.5	0
6083.5	0
6084.5	0
6085.5	0
6086.5	0
6087.5	0
6088.5	0
6089.5	0
6090.5	1
6091.5	0
6092.5	0
6093.5	0
6094.5	0
6095.5	0
6096.5	0
6097.5	0
6098.5	0
6099.5	2
6100.5	2
6101.5	1
6102.5	1
6103.5	0
6104.5	0
6105.5	0
6106.5	2
6107.5	0
6108.5	0
6109.5	0
6110.5	0
6111.5	0
6112.5	1
6113.5	0
6114.5	2
6115.5	1
6116.5	0
6117.5	0
6118.5	1
6119.5	0
6120.5	1
6121.5	1
6122.5	1
6123.5	1
6124.5	0
6125.5	1
6126.5	0
6127.5	0
6128.5	0
6129.5	1
6130.5	0
6131.5	1
6132.5	0
6133.5	0
6134.5	1
6135.5	0
6136.5	1
6137.5	0
6138.5	0
6139.5	0
6140.5	0
6141.5	0
6142.5	1
6143.5	1
6144.5	0
6145.5	0
6146.5	1
6147.5	1
6148.5	2
6149.5	0
6150.5	1
6151.5	1
6152.5	0
6153.5	1
6154.5	1
6155.5	1
6156.5	0
6157.5	0
6158.5	2
6159.5	2
6160.5	1
6161.5	2
6162.5	0
6163.5	2
6164.5	1
6165.5	3
6166.5	1
6167.5	1
6168.5	1
6169.5	1
6170.5	2
6171.5	1
6172.5	1
6173.5	0
6174.5	1
6175.5	0
6176.5	2
6177.5	2
6178.5	0
6179.5	0
6180.5	1
6181.5	0
6182.5	0
6183.5	1
6184.5	1
6185.5	0
6186.5	0
6187.5	0
6188.5	1
6189.5	0
6190.5	0
6191.5	2
6192.5	1
6193.5	0
6194.5	3
6195.5	0
6196.5	2
6197.5	0
6198.5	2
6199.5	0
6200.5	0
6201.5	0
6202.5	0
6203.5	0
6204.5	0
6205.5	0
6206.5	2
6207.5	1
6208.5	1
6209.5	0
6210.5	1
6211.5	0
6212.5	1
6213.5	0
6214.5	0
6215.5	0
6216.5	1
6217.5	1
6218.5	0
6219.5	0
6220.5	0
6221.5	0
6222.5	0
6223.5	1
6224.5	0
6225.5	0
6226.5	1
6227.5	0
6228.5	1
6229.5	0
6230.5	1
6231.5	0
6232.5	0
6233.5	1
6234.5	1
6235.5	1
6236.5	0
6237.5	0
6238.5	1
6239.5	0
6240.5	2
6241.5	0
6242.5	0
6243.5	1
6244.5	0
6245.5	0
6246.5	0
6247.5	0
6248.5	0
6249.5	1
6250.5	0
6251.5	1
6252.5	0
6253.5	0
6254.5	1
6255.5	2
6256.5	0
6257.5	1
6258.5	2
6259.5	1
6260.5	1
6261.5	1
6262.5	1
6263.5	1
6264.5	0
6265.5	2
6266.5	1
6267.5	0
6268.5	0
6269.5	0
6270.5	3
6271.5	2
6272.5	0
6273.5	2
6274.5	1
6275.5	0
6276.5	0
6277.5	0
6278.5	1
6279.5	0
6280.5	0
6281.5	0
6282.5	1
6283.5	0
6284.5	1
6285.5	0
6286.5	0
6287.5	1
6288.5	0
6289.5	0
6290.5	0
6291.5	0
6292.5	2
6293.5	0
6294.5	1
6295.5	0
6296.5	1
6297.5	0
6298.5	0
6299.5	1
6300.5	0
6301.5	0
6302.5	1
6303.5	0
6304.5	1
6305.5	0
6306.5	0
6307.5	1
6308.5	1
6309.5	1
6310.5	1
6311.5	0
6312.5	0
6313.5	0
6314.5	1
6315.5	1
6316.5	1
6317.5	2
6318.5	0
6319.5	0
6320.5	0
6321.5	0
6322.5	0
6323.5	1
6324.5	0
6325.5	1
6326.5	2
6327.5	0
6328.5	1
6329.5	1
6330.5	1
6331.5	0
6332.5	0
6333.5	0
6334.5	0
6335.5	0
6336.5	1
6337.5	1
6338.5	0
6339.5	1
6340.5	1
6341.5	0
6342.5	2
6343.5	0
6344.5	0
6345.5	0
6346.5	0
6347.5	1
6348.5	0
6349.5	0
6350.5	0
6351.5	0
6352.5	0
6353.5	0
6354.5	0
6355.5	0
6356.5	0
6357.5	0
6358.5	0
6359.5	0
6360.5	0
6361.5	0
6362.5	0
6363.5	0
6364.5	0
6365.5	0
6366.5	0
6367.5	0
6368.5	1
6369.5	0
6370.5	0
6371.5	0
6372.5	0
6373.5	0
6374.5	0
6375.5	0
6376.5	1
6377.5	0
6378.5	1
6379.5	0
6380.5	1
6381.5	0
6382.5	0
6383.5	0
6384.5	0
6385.5	0
6386.5	0
6387.5	0
6388.5	0
6389.5	0
6390.5	0
6391.5	1
6392.5	0
6393.5	0
6394.5	1
6395.5	1
6396.5	0
6397.5	0
6398.5	3
6399.5	0
6400.5	0
6401.5	0
6402.5	0
6403.5	0
6404.5	1
6405.5	0
6406.5	0
6407.5	1
6408.5	0
6409.5	0
6410.5	2
6411.5	1
6412.5	0
6413.5	1
6414.5	1
6415.5	0
6416.5	0
6417.5	0
6418.5	0
6419.5	1
6420.5	0
6421.5	0
6422.5	0
6423.5	1
6424.5	1
6425.5	0
6426.5	0
6427.5	0
6428.5	0
6429.5	1
6430.5	1
6431.5	2
6432.5	0
6433.5	1
6434.5	0
6435.5	1
6436.5	0
6437.5	1
6438.5	0
6439.5	1
6440.5	0
6441.5	0
6442.5	0
6443.5	0
6444.5	0
6445.5	0
6446.5	0
6447.5	0
6448.5	0
6449.5	0
6450.5	0
6451.5	0
6452.5	0
6453.5	1
6454.5	1
6455.5	1
6456.5	0
6457.5	0
6458.5	1
6459.5	0
6460.5	0
6461.5	0
6462.5	0
6463.5	0
6464.5	0
6465.5	0
6466.5	0
6467.5	0
6468.5	0
6469.5	0
6470.5	0
6471.5	1
6472.5	0
6473.5	0
6474.5	0
6475.5	0
6476.5	1
6477.5	1
6478.5	0
6479.5	0
6480.5	1
6481.5	1
6482.5	0
6483.5	2
6484.5	0
6485.5	0
6486.5	0
6487.5	0
6488.5	0
6489.5	0
6490.5	0
6491.5	0
6492.5	0
6493.5	0
6494.5	0
6495.5	1
6496.5	0
6497.5	0
6498.5	0
6499.5	0
6500.5	0
6501.5	0
6502.5	1
6503.5	0
6504.5	1
6505.5	0
6506.5	0
6507.5	0
6508.5	1
6509.5	0
6510.5	0
6511.5	2
6512.5	0
6513.5	0
6514.5	0
6515.5	0
6516.5	0
6517.5	0
6518.5	0
6519.5	1
6520.5	0
6521.5	2
6522.5	0
6523.5	0
6524.5	0
6525.5	0
6526.5	1
6527.5	0
6528.5	1
6529.5	1
6530.5	0
6531.5	0
6532.5	1
6533.5	0
6534.5	0
6535.5	0
6536.5	0
6537.5	1
6538.5	0
6539.5	0
6540.5	0
6541.5	0
6542.5	1
6543.5	0
6544.5	1
6545.5	0
6546.5	0
6547.5	1
6548.5	0
6549.5	0
6550.5	0
6551.5	0
6552.5	1
6553.5	0
6554.5	0
6555.5	0
6556.5	0
6557.5	0
6558.5	0
6559.5	0
6560.5	0
6561.5	0
6562.5	0
6563.5	0
6564.5	0
6565.5	0
6566.5	0
6567.5	0
6568.5	0
6569.5	1
6570.5	0
6571.5	0
6572.5	0
6573.5	0
6574.5	0
6575.5	0
6576.5	0
6577.5	0
6578.5	0
6579.5	0
6580.5	1
6581.5	0
6582.5	0
6583.5	0
6584.5	0
6585.5	0
6586.5	0
6587.5	0
6588.5	0
6589.5	0
6590.5	0
6591.5	0
6592.5	0
6593.5	0
6594.5	0
6595.5	0
6596.5	0
6597.5	0
6598.5	0
6599.5	0
6600.5	0
6601.5	0
6602.5	0
6603.5	0
6604.5	0
6605.5	0
6606.5	0
6607.5	0
6608.5	0
6609.5	0
6610.5	0
6611.5	0
6612.5	0
6613.5	0
6614.5	0
6615.5	0
6616.5	0
6617.5	0
6618.5	0
6619.5	0
6620.5	0
6621.5	0
6622.5	0
6623.5	0
6624.5	0
6625.5	0
6626.5	0
6627.5	0
6628.5	0
6629.5	0
6630.5	0
6631.5	0
6632.5	0
6633.5	0
6634.5	0
6635.5	0
6636.5	0
6637.5	0
6638.5	0
6639.5	0
6640.5	0
6641.5	0
6642.5	0
6643.5	0
6644.5	0
6645.5	0
6646.5	0
6647.5	0
6648.5	0
6649.5	0
6650.5	0
6651.5	0
6652.5	0
6653.5	0
6654.5	0
6655.5	0
6656.5	0
6657.5	0
6658.5	0
6659.5	0
6660.5	0
6661.5	0
6662.5	0
6663.5	0
6664.5	0
6665.5	0
6666.5	0
6667.5	0
6668.5	0
6669.5	0
6670.5	0
6671.5	0
6672.5	0
6673.5	0
6674.5	0
6675.5	0
6676.5	0
6677.5	0
6678.5	0
6679.5	0
6680.5	0
6681.5	0
6682.5	0
6683.5	0
6684.5	0
6685.5	0
6686.5	0
6687.5	0
6688.5	0
6689.5	0
6690.5	0
6691.5	0
6692.5	0
6693.5	0
6694.5	0
6695.5	0
6696.5	0
6697.5	0
6698.5	0
6699.5	0
6700.5	0
6701.5	0
6702.5	0
6703.5	0
6704.5	0
6705.5	0
6706.5	0
6707.5	0
6708.5	0
6709.5	0
6710.5	0
6711.5	0
6712.5	0
6713.5	0
6714.5	0
6715.5	0
6716.5	0
6717.5	0
6718.5	0
6719.5	0
6720.5	0
6721.5	0
6722.5	0
6723.5	0
6724.5	0
6725.5	0
6726.5	0
6727.5	0
6728.5	0
6729.5	0
6730.5	0
6731.5	0
6732.5	0
6733.5	0
6734.5	0
6735.5	0
6736.5	0
6737.5	0
6738.5	0
6739.5	0
6740.5	0
6741.5	0
6742.5	0
6743.5	0
6744.5	0
6745.5	0
6746.5	0
6747.5	0
6748.5	0
6749.5	0
6750.5	0
6751.5	0
6752.5	0
6753.5	0
6754.5	0
6755.5	0
6756.5	0
6757.5	0
6758.5	0
6759.5	0
6760.5	0
6761.5	0
6762.5	0
6763.5	0
6764.5	1
6765.5	0
6766.5	0
6767.5	0
6768.5	0
6769.5	0
6770.5	0
6771.5	0
6772.5	0
6773.5	0
6774.5	0
6775.5	0
6776.5	0
6777.5	0
6778.5	0
6779.5	0
6780.5	0
6781.5	0
6782.5	0
6783.5	0
6784.5	0
6785.5	0
6786.5	0
6787.5	0
6788.5	0
6789.5	0
6790.5	0
6791.5	0
6792.5	0
6793.5	0
6794.5	0
6795.5	0
6796.5	0
6797.5	0
6798.5	0
6799.5	0
6800.5	0
6801.5	0
6802.5	0
6803.5	0
6804.5	0
6805.5	0
6806.5	0
6807.5	0
6808.5	0
6809.5	0
6810.5	0
6811.5	0
6812.5	0
6813.5	0
6814.5	0
6815.5	0
6816.5	0
6817.5	0
6818.5	0
6819.5	0
6820.5	0
6821.5	0
6822.5	0
6823.5	0
6824.5	0
6825.5	0
6826.5	0
6827.5	0
6828.5	0
6829.5	0
6830.5	0
6831.5	0
6832.5	0
6833.5	0
6834.5	0
6835.5	0
6836.5	0
6837.5	0
6838.5	0
6839.5	0
6840.5	0
6841.5	0
6842.5	0
6843.5	0
6844.5	0
6845.5	0
6846.5	0
6847.5	0
6848.5	0
6849.5	0
6850.5	0
6851.5	0
6852.5	0
6853.5	0
6854.5	0
6855.5	0
6856.5	0
6857.5	0
6858.5	0
6859.5	0
6860.5	0
6861.5	0
6862.5	0
6863.5	0
6864.5	0
6865.5	0
6866.5	0
6867.5	0
6868.5	0
6869.5	0
6870.5	0
6871.5	0
6872.5	0
6873.5	0
6874.5	0
6875.5	0
6876.5	0
6877.5	0
6878.5	0
6879.5	0
6880.5	0
6881.5	0
6882.5	0
6883.5	0
6884.5	0
6885.5	0
6886.5	0
6887.5	0
6888.5	0
6889.5	0
6890.5	0
6891.5	0
6892.5	0
6893.5	0
6894.5	0
6895.5	0
6896.5	0
6897.5	0
6898.5	0
6899.5	0
6900.5	0
6901.5	0
6902.5	0
6903.5	0
6904.5	0
6905.5	0
6906.5	0
6907.5	0
6908.5	0
6909.5	0
6910.5	0
6911.5	0
6912.5	0
6913.5	0
6914.5	0
6915.5	0
6916.5	0
6917.5	0
6918.5	0
6919.5	0
6920.5	0
6921.5	0
6922.5	0
6923.5	0
6924.5	0
6925.5	0
6926.5	0
6927.5	0
6928.5	0
6929.5	0
6930.5	0
6931.5	0
6932.5	0
6933.5	0
6934.5	0
6935.5	0
6936.5	0
6937.5	0
6938.5	0
6939.5	0
6940.5	0
6941.5	0
6942.5	0
6943.5	0
6944.5	0
6945.5	0
6946.5	0
6947.5	0
6948.5	0
6949.5	0
6950.5	0
6951.5	0
6952.5	0
6953.5	0
6954.5	0
6955.5	0
6956.5	0
6957.5	0
6958.5	0
6959.5	0
6960.5	0
6961.5	0
6962.5	0
6963.5	0
6964.5	0
6965.5	0
6966.5	0
6967.5	0
6968.5	0
6969.5	0
6970.5	0
6971.5	0
6972.5	0
6973.5	0
6974.5	0
6975.5	0
6976.5	0
6977.5	0
6978.5	0
6979.5	0
6980.5	0
6981.5	0
6982.5	0
6983.5	0
6984.5	0
6985.5	0
6986.5	0
6987.5	0
6988.5	0
6989.5	0
6990.5	0
6991.5	0
6992.5	0
6993.5	0
6994.5	0
6995.5	0
6996.5	0
6997.5	0
6998.5	0
6999.5	0
7000.5	0
7001.5	0
7002.5	0
7003.5	0
7004.5	0
7005.5	0
7006.5	0
7007.5	0
7008.5	0
7009.5	0
7010.5	0
7011.5	0
7012.5	0
7013.5	0
7014.5	0
7015.5	0
7016.5	0
7017.5	0
7018.5	0
7019.5	0
7020.5	0
7021.5	0
7022.5	0
7023.5	0
7024.5	0
7025.5	0
7026.5	0
7027.5	0
7028.5	0
7029.5	0
7030.5	0
7031.5	0
7032.5	0
7033.5	0
7034.5	0
7035.5	0
7036.5	0
7037.5	0
7038.5	0
7039.5	0
7040.5	0
7041.5	0
7042.5	0
7043.5	0
7044.5	0
7045.5	0
7046.5	0
7047.5	0
7048.5	0
7049.5	0
7050.5	0
7051.5	0
7052.5	0
7053.5	0
7054.5	0
7055.5	0
7056.5	0
7057.5	0
7058.5	0
7059.5	0
7060.5	0
7061.5	0
7062.5	0
7063.5	0
7064.5	0
7065.5	0
7066.5	0
7067.5	0
7068.5	0
7069.5	0
7070.5	0
7071.5	0
7072.5	0
7073.5	0
7074.5	0
7075.5	0
7076.5	0
7077.5	0
7078.5	0
7079.5	0
7080.5	0
7081.5	0
7082.5	0
7083.5	0
7084.5	0
7085.5	0
7086.5	0
7087.5	0
7088.5	0
7089.5	0
7090.5	0
7091.5	0
7092.5	0
7093.5	0
7094.5	0
7095.5	0
7096.5	0
7097.5	0
7098.5	0
7099.5	0
7100.5	0
7101.5	0
7102.5	0
7103.5	0
7104.5	0
7105.5	0
7106.5	0
7107.5	0
7108.5	0
7109.5	0
7110.5	0
7111.5	0
7112.5	0
7113.5	0
7114.5	0
7115.5	0
7116.5	0
7117.5	0
7118.5	0
7119.5	0
7120.5	0
7121.5	0
7122.5	0
7123.5	0
7124.5	0
7125.5	0
7126.5	0
7127.5	0
7128.5	0
7129.5	0
7130.5	0
7131.5	0
7132.5	0
7133.5	0
7134.5	0
7135.5	0
7136.5	0
7137.5	0
7138.5	0
7139.5	0
7140.5	0
7141.5	0
7142.5	0
7143.5	0
7144.5	0
7145.5	0
7146.5	0
7147.5	0
7148.5	0
7149.5	0
7150.5	0
7151.5	0
7152.5	0
7153.5	0
7154.5	0
7155.5	0
7156.5	0
7157.5	0
7158.5	0
7159.5	0
7160.5	0
7161.5	0
7162.5	0
7163.5	0
7164.5	0
7165.5	0
7166.5	0
7167.5	0
7168.5	0
7169.5	0
7170.5	0
7171.5	0
7172.5	0
7173.5	0
7174.5	0
7175.5	0
7176.5	0
7177.5	0
7178.5	0
7179.5	0
7180.5	0
7181.5	0
7182.5	0
7183.5	0
7184.5	0
7185.5	0
7186.5	0
7187.5	0
7188.5	0
7189.5	0
7190.5	0
7191.5	0
7192.5	0
7193.5	0
7194.5	0
7195.5	0
7196.5	0
7197.5	0
7198.5	0
7199.5	0
7200.5	0
7201.5	0
7202.5	0
7203.5	0
7204.5	0
7205.5	0
7206.5	0
7207.5	0
7208.5	0
7209.5	0
7210.5	0
7211.5	0
7212.5	0
7213.5	0
7214.5	0
7215.5	0
7216.5	0
7217.5	0
7218.5	0
7219.5	0
7220.5	0
7221.5	0
7222.5	0
7223.5	0
7224.5	0
7225.5	0
7226.5	0
7227.5	0
7228.5	0
7229.5	0
7230.5	0
7231.5	0
7232.5	0
7233.5	0
7234.5	0
7235.5	0
7236.5	0
7237.5	0
7238.5	0
7239.5	0
7240.5	0
7241.5	0
7242.5	0
7243.5	0
7244.5	0
7245.5	0
7246.5	0
7247.5	0
7248.5	0
7249.5	0
7250.5	0
7251.5	0
7252.5	0
7253.5	0
7254.5	0
7255.5	0
7256.5	0
7257.5	0
7258.5	0
7259.5	0
7260.5	0
7261.5	0
7262.5	0
7263.5	0
7264.5	0
7265.5	0
7266.5	0
7267.5	0
7268.5	0
7269.5	0
7270.5	0
7271.5	0
7272.5	0
7273.5	0
7274.5	0
7275.5	0
7276.5	0
7277.5	0
7278.5	0
7279.5	0
7280.5	0
7281.5	0
7282.5	0
7283.5	0
7284.5	0
7285.5	0
7286.5	0
7287.5	0
7288.5	0
7289.5	0
7290.5	0
7291.5	0
7292.5	0
7293.5	0
7294.5	0
7295.5	0
7296.5	0
7297.5	0
7298.5	0
7299.5	0
7300.5	0
7301.5	0
7302.5	0
7303.5	0
7304.5	0
7305.5	0
7306.5	0
7307.5	0
7308.5	0
7309.5	0
7310.5	0
7311.5	0
7312.5	0
7313.5	0
7314.5	0
7315.5	0
7316.5	0
7317.5	0
7318.5	0
7319.5	0
7320.5	0
7321.5	0
7322.5	0
7323.5	0
7324.5	0
7325.5	0
7326.5	0
7327.5	0
7328.5	0
7329.5	0
7330.5	0
7331.5	0
7332.5	0
7333.5	0
7334.5	0
7335.5	0
7336.5	0
7337.5	0
7338.5	0
7339.5	0
7340.5	0
7341.5	0
7342.5	0
7343.5	0
7344.5	0
7345.5	0
7346.5	0
7347.5	0
7348.5	0
7349.5	0
7350.5	0
7351.5	0
7352.5	0
7353.5	0
7354.5	0
7355.5	0
7356.5	0
7357.5	0
7358.5	0
7359.5	0
7360.5	0
7361.5	0
7362.5	0
7363.5	0
7364.5	0
7365.5	0
7366.5	0
7367.5	0
7368.5	0
7369.5	0
7370.5	0
7371.5	0
7372.5	0
7373.5	0
7374.5	0
7375.5	0
7376.5	0
7377.5	0
7378.5	0
7379.5	0
7380.5	0
7381.5	0
7382.5	0
7383.5	0
7384.5	0
7385.5	0
7386.5	0
7387.5	0
7388.5	0
7389.5	0
7390.5	0
7391.5	0
7392.5	0
7393.5	0
7394.5	0
7395.5	0
7396.5	0
7397.5	0
7398.5	0
7399.5	0
7400.5	0
7401.5	0
7402.5	0
7403.5	0
7404.5	0
7405.5	0
7406.5	0
7407.5	0
7408.5	0
7409.5	0
7410.5	0
7411.5	0
7412.5	0
7413.5	0
7414.5	0
7415.5	0
7416.5	0
7417.5	0
7418.5	0
7419.5	0
7420.5	0
7421.5	0
7422.5	0
7423.5	0
7424.5	0
7425.5	0
7426.5	0
7427.5	0
7428.5	0
7429.5	0
7430.5	0
7431.5	0
7432.5	0
7433.5	0
7434.5	0
7435.5	0
7436.5	0
7437.5	0
7438.5	0
7439.5	0
7440.5	0
7441.5	0
7442.5	0
7443.5	0
7444.5	0
7445.5	0
7446.5	0
7447.5	0
7448.5	0
7449.5	0
7450.5	0
7451.5	0
7452.5	0
7453.5	0
7454.5	0
7455.5	0
7456.5	0
7457.5	0
7458.5	0
7459.5	0
7460.5	0
7461.5	0
7462.5	0
7463.5	0
7464.5	0
7465.5	0
7466.5	0
7467.5	0
7468.5	0
7469.5	0
7470.5	0
7471.5	0
7472.5	0
7473.5	0
7474.5	0
7475.5	0
7476.5	0
7477.5	0
7478.5	0
7479.5	0
7480.5	0
7481.5	0
7482.5	0
7483.5	0
7484.5	0
7485.5	0
7486.5	0
7487.5	0
7488.5	0
7489.5	0
7490.5	0
7491.5	0
7492.5	0
7493.5	0
7494.5	0
7495.5	0
7496.5	0
7497.5	0
7498.5	0
7499.5	0
7500.5	0
7501.5	0
7502.5	0
7503.5	0
7504.5	0
7505.5	0
7506.5	0
7507.5	0
7508.5	0
7509.5	0
7510.5	0
7511.5	0
7512.5	0
7513.5	0
7514.5	0
7515.5	0
7516.5	0
7517.5	0
7518.5	0
7519.5	0
7520.5	0
7521.5	0
7522.5	0
7523.5	0
7524.5	0
7525.5	0
7526.5	0
7527.5	0
7528.5	0
7529.5	0
7530.5	0
7531.5	0
7532.5	0
7533.5	0
7534.5	0
7535.5	0
7536.5	0
7537.5	0
7538.5	0
7539.5	0
7540.5	0
7541.5	0
7542.5	0
7543.5	0
7544.5	0
7545.5	0
7546.5	0
7547.5	0
7548.5	0
7549.5	0
7550.5	0
7551.5	0
7552.5	0
7553.5	0
7554.5	0
7555.5	0
7556.5	0
7557.5	0
7558.5	0
7559.5	0
7560.5	0
7561.5	0
7562.5	0
7563.5	0
7564.5	0
7565.5	0
7566.5	0
7567.5	0
7568.5	0
7569.5	0
7570.5	0
7571.5	0
7572.5	0
7573.5	0
7574.5	0
7575.5	0
7576.5	0
7577.5	0
7578.5	0
7579.5	0
7580.5	0
7581.5	0
7582.5	0
7583.5	0
7584.5	0
7585.5	0
7586.5	0
7587.5	0
7588.5	0
7589.5	0
7590.5	0
7591.5	0
7592.5	0
7593.5	0
7594.5	0
7595.5	0
7596.5	0
7597.5	0
7598.5	0
7599.5	0
7600.5	0
7601.5	0
7602.5	0
7603.5	0
7604.5	0
7605.5	0
7606.5	0
7607.5	0
7608.5	0
7609.5	0
7610.5	0
7611.5	0
7612.5	0
7613.5	0
7614.5	0
7615.5	0
7616.5	0
7617.5	0
7618.5	0
7619.5	0
7620.5	0
7621.5	0
7622.5	0
7623.5	0
7624.5	0
7625.5	0
7626.5	0
7627.5	0
7628.5	0
7629.5	0
7630.5	0
7631.5	0
7632.5	0
7633.5	0
7634.5	0
7635.5	0
7636.5	0
7637.5	0
7638.5	0
7639.5	0
7640.5	0
7641.5	0
7642.5	0
7643.5	0
7644.5	0
7645.5	0
7646.5	0
7647.5	0
7648.5	0
7649.5	0
7650.5	0
7651.5	0
7652.5	0
7653.5	0
7654.5	0
7655.5	0
7656.5	0
7657.5	0
7658.5	0
7659.5	0
7660.5	0
7661.5	0
7662.5	0
7663.5	0
7664.5	0
7665.5	0
7666.5	0
7667.5	0
7668.5	0
7669.5	0
7670.5	0
7671.5	0
7672.5	0
7673.5	0
7674.5	0
7675.5	0
7676.5	0
7677.5	0
7678.5	0
7679.5	0
7680.5	0
7681.5	0
7682.5	0
7683.5	0
7684.5	0
7685.5	0
7686.5	0
7687.5	0
7688.5	0
7689.5	0
7690.5	0
7691.5	0
7692.5	0
7693.5	0
7694.5	0
7695.5	0
7696.5	0
7697.5	0
7698.5	0
7699.5	0
7700.5	0
7701.5	0
7702.5	0
7703.5	0
7704.5	0
7705.5	0
7706.5	0
7707.5	0
7708.5	0
7709.5	0
7710.5	0
7711.5	0
7712.5	0
7713.5	0
7714.5	0
7715.5	0
7716.5	0
7717.5	0
7718.5	0
7719.5	0
7720.5	0
7721.5	0
7722.5	0
7723.5	0
7724.5	0
7725.5	0
7726.5	0
7727.5	0
7728.5	0
7729.5	0
7730.5	0
7731.5	0
7732.5	0
7733.5	0
7734.5	0
7735.5	0
7736.5	0
7737.5	0
7738.5	0
7739.5	0
7740.5	0
7741.5	0
7742.5	0
7743.5	0
7744.5	0
7745.5	0
7746.5	0
7747.5	0
7748.5	0
7749.5	0
7750.5	0
7751.5	0
7752.5	0
7753.5	0
7754.5	0
7755.5	0
7756.5	0
7757.5	0
7758.5	0
7759.5	0
7760.5	0
7761.5	0
7762.5	0
7763.5	0
7764.5	0
7765.5	0
7766.5	0
7767.5	0
7768.5	0
7769.5	0
7770.5	0
7771.5	0
7772.5	0
7773.5	0
7774.5	0
7775.5	0
7776.5	0
7777.5	0
7778.5	0
7779.5	0
7780.5	0
7781.5	0
7782.5	0
7783.5	0
7784.5	0
7785.5	0
7786.5	0
7787.5	0
7788.5	0
7789.5	0
7790.5	0
7791.5	0
7792.5	0
7793.5	0
7794.5	0
7795.5	0
7796.5	0
7797.5	0
7798.5	0
7799.5	0
7800.5	0
7801.5	0
7802.5	0
7803.5	0
7804.5	0
7805.5	0
7806.5	0
7807.5	0
7808.5	0
7809.5	0
7810.5	0
7811.5	0
7812.5	0
7813.5	0
7814.5	0
7815.5	0
7816.5	0
7817.5	0
7818.5	0
7819.5	0
7820.5	0
7821.5	0
7822.5	0
7823.5	0
7824.5	0
7825.5	0
7826.5	0
7827.5	0
7828.5	0
7829.5	0
7830.5	0
7831.5	0
7832.5	0
7833.5	0
7834.5	0
7835.5	0
7836.5	0
7837.5	0
7838.5	0
7839.5	0
7840.5	0
7841.5	0
7842.5	0
7843.5	0
7844.5	0
7845.5	0
7846.5	0
7847.5	0
7848.5	0
7849.5	0
7850.5	0
7851.5	0
7852.5	0
7853.5	0
7854.5	0
7855.5	0
7856.5	0
7857.5	0
7858.5	0
7859.5	0
7860.5	0
7861.5	0
7862.5	0
7863.5	0
7864.5	0
7865.5	0
7866.5	0
7867.5	0
7868.5	0
7869.5	0
7870.5	0
7871.5	0
7872.5	0
7873.5	0
7874.5	0
7875.5	0
7876.5	0
7877.5	0
7878.5	0
7879.5	0
7880.5	0
7881.5	0
7882.5	0
7883.5	0
7884.5	0
7885.5	0
7886.5	0
7887.5	0
7888.5	0
7889.5	0
7890.5	0
7891.5	0
7892.5	0
7893.5	0
7894.5	0
7895.5	0
7896.5	0
7897.5	0
7898.5	0
7899.5	0
7900.5	0
7901.5	0
7902.5	0
7903.5	0
7904.5	0
7905.5	0
7906.5	0
7907.5	0
7908.5	0
7909.5	0
7910.5	0
7911.5	0
7912.5	0
7913.5	0
7914.5	0
7915.5	0
7916.5	0
7917.5	0
7918.5	0
7919.5	0
7920.5	0
7921.5	0
7922.5	0
7923.5	0
7924.5	0
7925.5	0
7926.5	0
7927.5	0
7928.5	0
7929.5	0
7930.5	0
7931.5	0
7932.5	0
7933.5	0
7934.5	0
7935.5	0
7936.5	0
7937.5	0
7938.5	0
7939.5	0
7940.5	0
7941.5	0
7942.5	0
7943.5	0
7944.5	0
7945.5	0
7946.5	0
7947.5	0
7948.5	0
7949.5	0
7950.5	0
7951.5	0
7952.5	0
7953.5	0
7954.5	0
7955.5	0
7956.5	0
7957.5	0
7958.5	0
7959.5	0
7960.5	0
7961.5	0
7962.5	0
7963.5	0
7964.5	0
7965.5	0
7966.5	0
7967.5	0
7968.5	0
7969.5	0
7970.5	0
7971.5	0
7972.5	0
7973.5	0
7974.5	0
7975.5	0
7976.5	0
7977.5	0
7978.5	0
7979.5	0
7980.5	0
7981.5	0
7982.5	0
7983.5	0
7984.5	0
7985.5	0
7986.5	0
7987.5	0
7988.5	0
7989.5	0
7990.5	0
7991.5	0
7992.5	0
7993.5	0
7994.5	0
7995.5	0
7996.5	0
7997.5	0
7998.5	0
7999.5	0
8000.5	0
8001.5	0
8002.5	0
8003.5	0
8004.5	0
8005.5	0
8006.5	0
8007.5	0
8008.5	0
8009.5	0
8010.5	0
8011.5	0
8012.5	0
8013.5	0
8014.5	0
8015.5	0
8016.5	0
8017.5	0
8018.5	0
8019.5	0
8020.5	0
8021.5	0
8022.5	0
8023.5	0
8024.5	0
8025.5	0
8026.5	0
8027.5	0
8028.5	0
8029.5	0
8030.5	0
8031.5	0
8032.5	0
8033.5	0
8034.5	0
8035.5	0
8036.5	0
8037.5	0
8038.5	0
8039.5	0
8040.5	0
8041.5	0
8042.5	0
8043.5	0
8044.5	0
8045.5	0
8046.5	0
8047.5	0
8048.5	0
8049.5	0
8050.5	0
8051.5	0
8052.5	0
8053.5	0
8054.5	0
8055.5	0
8056.5	0
8057.5	0
8058.5	0
8059.5	0
8060.5	0
8061.5	0
8062.5	0
8063.5	0
8064.5	0
8065.5	0
8066.5	0
8067.5	0
8068.5	0
8069.5	0
8070.5	0
8071.5	0
8072.5	0
8073.5	0
8074.5	0
8075.5	0
8076.5	0
8077.5	0
8078.5	0
8079.5	0
8080.5	0
8081.5	0
8082.5	0
8083.5	0
8084.5	0
8085.5	0
8086.5	0
8087.5	0
8088.5	0
8089.5	0
8090.5	0
8091.5	0
8092.5	0
8093.5	0
8094.5	0
8095.5	0
8096.5	0
8097.5	0
8098.5	0
8099.5	0
8100.5	0
8101.5	0
8102.5	0
8103.5	0
8104.5	0
8105.5	0
8106.5	0
8107.5	0
8108.5	0
8109.5	0
8110.5	0
8111.5	0
8112.5	0
8113.5	0
8114.5	0
8115.5	0
8116.5	0
8117.5	0
8118.5	0
8119.5	0
8120.5	0
8121.5	0
8122.5	0
8123.5	0
8124.5	0
8125.5	0
8126.5	0
8127.5	0
8128.5	0
8129.5	0
8130.5	0
8131.5	0
8132.5	0
8133.5	0
8134.5	0
8135.5	0
8136.5	0
8137.5	0
8138.5	0
8139.5	0
8140.5	0
8141.5	0
8142.5	0
8143.5	0
8144.5	0
8145.5	0
8146.5	0
8147.5	0
8148.5	0
8149.5	0
8150.5	0
8151.5	0
8152.5	0
8153.5	0
8154.5	0
8155.5	0
8156.5	0
8157.5	0
8158.5	0
8159.5	0
8160.5	0
8161.5	0
8162.5	0
8163.5	0
8164.5	0
8165.5	0
8166.5	0
8167.5	0
8168.5	0
8169.5	0
8170.5	0
8171.5	0
8172.5	0
8173.5	0
8174.5	0
8175.5	0
8176.5	0
8177.5	0
8178.5	0
8179.5	0
8180.5	0
8181.5	0
8182.5	0
8183.5	0
8184.5	0
8185.5	0
8186.5	0
8187.5	0
8188.5	0
8189.5	0
8190.5	0
8191.5	0
