0.5	1934
1.5	920
2.5	145
3.5	34
4.5	21
5.5	15
6.5	22
7.5	25
8.5	11
9.5	27
10.5	20
11.5	23
12.5	22
13.5	17
14.5	15
15.5	18
16.5	27
17.5	23
18.5	18
19.5	18
20.5	19
21.5	27
22.5	23
23.5	22
24.5	22
25.5	27
26.5	28
27.5	27
28.5	21
29.5	22
30.5	25
31.5	23
32.5	27
33.5	22
34.5	27
35.5	33
36.5	43
37.5	25
38.5	36
39.5	40
40.5	40
41.5	52
42.5	44
43.5	60
44.5	57
45.5	64
46.5	56
47.5	73
48.5	56
49.5	60
50.5	75
51.5	70
52.5	86
53.5	62
54.5	58
55.5	53
56.5	50
57.5	43
58.5	54
59.5	53
60.5	36
61.5	35
62.5	35
63.5	50
64.5	45
65.5	38
66.5	39
67.5	40
68.5	45
69.5	48
70.5	41
71.5	33
72.5	54
73.5	49
74.5	49
75.5	51
76.5	36
77.5	55
78.5	51
79.5	49
80.5	54
81.5	63
82.5	58
83.5	65
84.5	51
85.5	66
86.5	61
87.5	49
88.5	48
89.5	63
90.5	55
91.5	61
92.5	63
93.5	56
94.5	62
95.5	60
96.5	60
97.5	72
98.5	68
99.5	74
100.5	67
101.5	65
102.5	68
103.5	76
104.5	78
105.5	92
106.5	110
107.5	106
108.5	126
109.5	151
110.5	150
111.5	212
112.5	261
113.5	296
114.5	339
115.5	381
116.5	483
117.5	634
118.5	735
119.5	841
120.5	1006
121.5	1242
122.5	1480
123.5	1785
124.5	2195
125.5	2854
126.5	3843
127.5	5232
128.5	7670
129.5	10964
130.5	16127
131.5	22848
132.5	30377
133.5	38994
134.5	46819
135.5	52708
136.5	55900
137.5	55054
138.5	50627
139.5	44086
140.5	35487
141.5	26717
142.5	19007
143.5	13153
144.5	8926
145.5	6094
146.5	4417
147.5	3422
148.5	2978
149.5	2974
150.5	2859
151.5	2893
152.5	3026
153.5	3011
154.5	3214
155.5	3345
156.5	3726
157.5	4237
158.5	4951
159.5	5949
160.5	7095
161.5	8235
162.5	9417
163.5	10185
164.5	10826
165.5	11083
166.5	10909
167.5	10119
168.5	9097
169.5	7788
170.5	6346
171.5	5187
172.5	4084
173.5	3256
174.5	2673
175.5	2214
176.5	2131
177.5	1881
178.5	1844
179.5	1812
180.5	1731
181.5	1771
182.5	1721
183.5	1729
184.5	1821
185.5	1812
186.5	1875
187.5	1901
188.5	1897
189.5	1937
190.5	1989
191.5	1986
192.5	2043
193.5	1938
194.5	1849
195.5	1891
196.5	1711
197.5	1755
198.5	1753
199.5	1758
200.5	1656
201.5	1544
202.5	1582
203.5	1523
204.5	1369
205.5	1394
206.5	1443
207.5	1372
208.5	1292
209.5	1320
210.5	1299
211.5	1289
212.5	1319
213.5	1351
214.5	1328
215.5	1234
216.5	1328
217.5	1349
218.5	1379
219.5	1294
220.5	1312
221.5	1307
222.5	1309
223.5	1357
224.5	1404
225.5	1365
226.5	1368
227.5	1373
228.5	1271
229.5	1332
230.5	1265
231.5	1238
232.5	1145
233.5	1159
234.5	1173
235.5	1058
236.5	994
237.5	1010
238.5	1011
239.5	954
240.5	919
241.5	922
242.5	957
243.5	936
244.5	934
245.5	953
246.5	928
247.5	906
248.5	870
249.5	905
250.5	841
251.5	836
252.5	892
253.5	824
254.5	881
255.5	865
256.5	809
257.5	818
258.5	891
259.5	912
260.5	820
261.5	874
262.5	856
263.5	843
264.5	843
265.5	861
266.5	849
267.5	814
268.5	815
269.5	875
270.5	770
271.5	810
272.5	820
273.5	776
274.5	837
275.5	776
276.5	755
277.5	781
278.5	817
279.5	810
280.5	780
281.5	803
282.5	779
283.5	723
284.5	801
285.5	752
286.5	768
287.5	760
288.5	807
289.5	879
290.5	943
291.5	1070
292.5	1260
293.5	1403
294.5	1719
295.5	1991
296.5	2419
297.5	2775
298.5	3157
299.5	3444
300.5	3871
301.5	3920
302.5	4189
303.5	4079
304.5	4177
305.5	3887
306.5	3490
307.5	3184
308.5	2816
309.5	2462
310.5	2000
311.5	1704
312.5	1332
313.5	1142
314.5	956
315.5	790
316.5	674
317.5	602
318.5	537
319.5	489
320.5	449
321.5	474
322.5	445
323.5	428
324.5	380
325.5	419
326.5	416
327.5	440
328.5	392
329.5	407
330.5	378
331.5	407
332.5	383
333.5	425
334.5	421
335.5	397
336.5	367
337.5	414
338.5	394
339.5	396
340.5	407
341.5	409
342.5	367
343.5	366
344.5	364
345.5	369
346.5	379
347.5	395
348.5	370
349.5	352
350.5	395
351.5	366
352.5	366
353.5	356
354.5	377
355.5	397
356.5	380
357.5	379
358.5	376
359.5	381
360.5	358
361.5	352
362.5	379
363.5	353
364.5	326
365.5	305
366.5	386
367.5	370
368.5	347
369.5	368
370.5	340
371.5	365
372.5	370
373.5	406
374.5	419
375.5	437
376.5	413
377.5	451
378.5	446
379.5	431
380.5	449
381.5	460
382.5	465
383.5	435
384.5	391
385.5	426
386.5	389
387.5	340
388.5	328
389.5	313
390.5	284
391.5	302
392.5	262
393.5	316
394.5	283
395.5	251
396.5	258
397.5	263
398.5	243
399.5	225
400.5	277
401.5	288
402.5	220
403.5	256
404.5	262
405.5	253
406.5	227
407.5	230
408.5	245
409.5	263
410.5	261
411.5	257
412.5	236
413.5	270
414.5	249
415.5	281
416.5	242
417.5	239
418.5	269
419.5	231
420.5	248
421.5	228
422.5	219
423.5	213
424.5	226
425.5	234
426.5	221
427.5	222
428.5	214
429.5	243
430.5	228
431.5	219
432.5	222
433.5	224
434.5	227
435.5	224
436.5	187
437.5	233
438.5	219
439.5	235
440.5	264
441.5	216
442.5	243
443.5	212
444.5	194
445.5	202
446.5	209
447.5	208
448.5	201
449.5	219
450.5	203
451.5	186
452.5	219
453.5	219
454.5	198
455.5	212
456.5	220
457.5	179
458.5	236
459.5	183
460.5	233
461.5	188
462.5	209
463.5	212
464.5	177
465.5	202
466.5	176
467.5	208
468.5	213
469.5	225
470.5	205
471.5	212
472.5	232
473.5	191
474.5	194
475.5	194
476.5	243
477.5	214
478.5	220
479.5	215
480.5	219
481.5	210
482.5	204
483.5	227
484.5	198
485.5	198
486.5	211
487.5	202
488.5	200
489.5	213
490.5	182
491.5	182
492.5	215
493.5	186
494.5	213
495.5	215
496.5	233
497.5	252
498.5	243
499.5	298
500.5	321
501.5	334
502.5	405
503.5	382
504.5	468
505.5	488
506.5	551
507.5	572
508.5	639
509.5	643
510.5	704
511.5	744
512.5	738
513.5	764
514.5	790
515.5	800
516.5	799
517.5	717
518.5	697
519.5	670
520.5	594
521.5	525
522.5	514
523.5	461
524.5	436
525.5	360
526.5	327
527.5	310
528.5	286
529.5	244
530.5	230
531.5	191
532.5	216
533.5	190
534.5	201
535.5	169
536.5	183
537.5	204
538.5	167
539.5	159
540.5	176
541.5	167
542.5	178
543.5	175
544.5	157
545.5	168
546.5	150
547.5	127
548.5	189
549.5	141
550.5	180
551.5	175
552.5	159
553.5	161
554.5	167
555.5	196
556.5	158
557.5	147
558.5	157
559.5	177
560.5	181
561.5	159
562.5	161
563.5	187
564.5	181
565.5	199
566.5	178
567.5	188
568.5	176
569.5	162
570.5	177
571.5	188
572.5	176
573.5	194
574.5	174
575.5	179
576.5	175
577.5	157
578.5	170
579.5	151
580.5	179
581.5	162
582.5	160
583.5	173
584.5	168
585.5	153
586.5	151
587.5	176
588.5	137
589.5	142
590.5	179
591.5	154
592.5	174
593.5	159
594.5	172
595.5	138
596.5	169
597.5	157
598.5	168
599.5	182
600.5	168
601.5	176
602.5	158
603.5	184
604.5	150
605.5	146
606.5	164
607.5	144
608.5	160
609.5	149
610.5	177
611.5	160
612.5	157
613.5	150
614.5	157
615.5	175
616.5	139
617.5	165
618.5	165
619.5	204
620.5	159
621.5	183
622.5	175
623.5	151
624.5	138
625.5	162
626.5	172
627.5	179
628.5	188
629.5	151
630.5	157
631.5	169
632.5	161
633.5	145
634.5	140
635.5	152
636.5	147
637.5	159
638.5	141
639.5	148
640.5	146
641.5	158
642.5	145
643.5	146
644.5	152
645.5	142
646.5	156
647.5	153
648.5	154
649.5	136
650.5	155
651.5	147
652.5	140
653.5	153
654.5	119
655.5	155
656.5	141
657.5	119
658.5	132
659.5	138
660.5	153
661.5	160
662.5	136
663.5	114
664.5	120
665.5	141
666.5	143
667.5	117
668.5	106
669.5	112
670.5	121
671.5	115
672.5	106
673.5	115
674.5	122
675.5	141
676.5	108
677.5	105
678.5	119
679.5	126
680.5	113
681.5	109
682.5	114
683.5	140
684.5	102
685.5	127
686.5	129
687.5	99
688.5	115
689.5	116
690.5	107
691.5	91
692.5	111
693.5	119
694.5	104
695.5	100
696.5	106
697.5	91
698.5	109
699.5	114
700.5	105
701.5	120
702.5	108
703.5	96
704.5	110
705.5	114
706.5	104
707.5	99
708.5	107
709.5	113
710.5	77
711.5	107
712.5	99
713.5	97
714.5	93
715.5	108
716.5	105
717.5	90
718.5	103
719.5	97
720.5	86
721.5	85
722.5	80
723.5	120
724.5	98
725.5	98
726.5	97
727.5	99
728.5	92
729.5	93
730.5	83
731.5	99
732.5	106
733.5	94
734.5	87
735.5	99
736.5	99
737.5	101
738.5	90
739.5	105
740.5	92
741.5	108
742.5	102
743.5	96
744.5	89
745.5	90
746.5	96
747.5	100
748.5	84
749.5	92
750.5	98
751.5	104
752.5	97
753.5	79
754.5	111
755.5	96
756.5	95
757.5	91
758.5	105
759.5	78
760.5	97
761.5	104
762.5	87
763.5	95
764.5	87
765.5	82
766.5	85
767.5	87
768.5	89
769.5	95
770.5	98
771.5	103
772.5	105
773.5	99
774.5	105
775.5	81
776.5	100
777.5	106
778.5	108
779.5	91
780.5	92
781.5	77
782.5	110
783.5	94
784.5	114
785.5	107
786.5	101
787.5	89
788.5	84
789.5	103
790.5	121
791.5	102
792.5	90
793.5	80
794.5	106
795.5	96
796.5	100
797.5	99
798.5	103
799.5	112
800.5	85
801.5	75
802.5	95
803.5	90
804.5	100
805.5	99
806.5	79
807.5	78
808.5	93
809.5	87
810.5	78
811.5	70
812.5	89
813.5	84
814.5	84
815.5	81
816.5	90
817.5	99
818.5	86
819.5	80
820.5	84
821.5	91
822.5	77
823.5	92
824.5	89
825.5	101
826.5	90
827.5	90
828.5	118
829.5	123
830.5	142
831.5	150
832.5	176
833.5	215
834.5	213
835.5	240
836.5	247
837.5	278
838.5	356
839.5	365
840.5	388
841.5	488
842.5	528
843.5	525
844.5	631
845.5	629
846.5	696
847.5	676
848.5	721
849.5	751
850.5	790
851.5	738
852.5	742
853.5	801
854.5	730
855.5	694
856.5	690
857.5	656
858.5	641
859.5	570
860.5	571
861.5	499
862.5	477
863.5	410
864.5	335
865.5	327
866.5	326
867.5	231
868.5	212
869.5	184
870.5	192
871.5	143
872.5	129
873.5	138
874.5	119
875.5	116
876.5	84
877.5	94
878.5	82
879.5	76
880.5	79
881.5	80
882.5	88
883.5	89
884.5	88
885.5	79
886.5	77
887.5	74
888.5	98
889.5	100
890.5	87
891.5	92
892.5	97
893.5	96
894.5	97
895.5	102
896.5	109
897.5	101
898.5	103
899.5	100
900.5	93
901.5	84
902.5	96
903.5	102
904.5	95
905.5	91
906.5	94
907.5	79
908.5	92
909.5	90
910.5	70
911.5	77
912.5	78
913.5	74
914.5	82
915.5	86
916.5	75
917.5	62
918.5	76
919.5	83
920.5	75
921.5	69
922.5	62
923.5	59
924.5	63
925.5	68
926.5	69
927.5	70
928.5	83
929.5	69
930.5	64
931.5	73
932.5	80
933.5	78
934.5	71
935.5	70
936.5	70
937.5	66
938.5	77
939.5	80
940.5	79
941.5	68
942.5	67
943.5	75
944.5	67
945.5	59
946.5	61
947.5	55
948.5	63
949.5	60
950.5	54
951.5	49
952.5	53
953.5	67
954.5	63
955.5	56
956.5	60
957.5	68
958.5	56
959.5	57
960.5	63
961.5	60
962.5	67
963.5	84
964.5	63
965.5	81
966.5	71
967.5	77
968.5	92
969.5	110
970.5	106
971.5	102
972.5	142
973.5	136
974.5	152
975.5	171
976.5	190
977.5	188
978.5	239
979.5	265
980.5	261
981.5	290
982.5	299
983.5	292
984.5	284
985.5	305
986.5	319
987.5	300
988.5	342
989.5	304
990.5	324
991.5	323
992.5	328
993.5	268
994.5	307
995.5	278
996.5	250
997.5	234
998.5	226
999.5	189
1000.5	191
1001.5	188
1002.5	162
1003.5	157
1004.5	163
1005.5	137
1006.5	116
1007.5	131
1008.5	130
1009.5	109
1010.5	92
1011.5	89
1012.5	113
1013.5	80
1014.5	101
1015.5	89
1016.5	92
1017.5	93
1018.5	85
1019.5	88
1020.5	74
1021.5	80
1022.5	87
1023.5	75
1024.5	80
1025.5	95
1026.5	84
1027.5	63
1028.5	69
1029.5	92
1030.5	79
1031.5	62
1032.5	54
1033.5	56
1034.5	71
1035.5	65
1036.5	49
1037.5	44
1038.5	51
1039.5	56
1040.5	40
1041.5	49
1042.5	57
1043.5	47
1044.5	38
1045.5	46
1046.5	37
1047.5	47
1048.5	36
1049.5	52
1050.5	41
1051.5	38
1052.5	37
1053.5	36
1054.5	36
1055.5	37
1056.5	41
1057.5	51
1058.5	47
1059.5	50
1060.5	37
1061.5	47
1062.5	53
1063.5	36
1064.5	42
1065.5	34
1066.5	50
1067.5	37
1068.5	42
1069.5	38
1070.5	36
1071.5	38
1072.5	46
1073.5	37
1074.5	41
1075.5	36
1076.5	44
1077.5	38
1078.5	38
1079.5	33
1080.5	38
1081.5	34
1082.5	36
1083.5	31
1084.5	33
1085.5	34
1086.5	35
1087.5	47
1088.5	38
1089.5	51
1090.5	38
1091.5	33
1092.5	42
1093.5	39
1094.5	41
1095.5	34
1096.5	37
1097.5	29
1098.5	39
1099.5	36
1100.5	33
1101.5	34
1102.5	31
1103.5	33
1104.5	49
1105.5	27
1106.5	38
1107.5	40
1108.5	37
1109.5	37
1110.5	37
1111.5	32
1112.5	35
1113.5	47
1114.5	28
1115.5	41
1116.5	26
1117.5	36
1118.5	37
1119.5	31
1120.5	34
1121.5	27
1122.5	32
1123.5	35
1124.5	38
1125.5	32
1126.5	31
1127.5	35
1128.5	45
1129.5	35
1130.5	28
1131.5	29
1132.5	40
1133.5	38
1134.5	38
1135.5	32
1136.5	34
1137.5	43
1138.5	25
1139.5	38
1140.5	29
1141.5	57
1142.5	39
1143.5	33
1144.5	42
1145.5	28
1146.5	31
1147.5	40
1148.5	36
1149.5	44
1150.5	56
1151.5	39
1152.5	41
1153.5	46
1154.5	38
1155.5	44
1156.5	36
1157.5	45
1158.5	38
1159.5	50
1160.5	41
1161.5	33
1162.5	35
1163.5	38
1164.5	37
1165.5	35
1166.5	45
1167.5	30
1168.5	31
1169.5	36
1170.5	39
1171.5	27
1172.5	40
1173.5	37
1174.5	39
1175.5	32
1176.5	29
1177.5	36
1178.5	34
1179.5	26
1180.5	33
1181.5	34
1182.5	34
1183.5	34
1184.5	31
1185.5	37
1186.5	31
1187.5	43
1188.5	35
1189.5	34
1190.5	37
1191.5	33
1192.5	22
1193.5	39
1194.5	36
1195.5	36
1196.5	33
1197.5	20
1198.5	23
1199.5	23
1200.5	30
1201.5	26
1202.5	25
1203.5	25
1204.5	24
1205.5	24
1206.5	32
1207.5	39
1208.5	34
1209.5	36
1210.5	36
1211.5	26
1212.5	25
1213.5	36
1214.5	30
1215.5	30
1216.5	35
1217.5	34
1218.5	22
1219.5	30
1220.5	31
1221.5	22
1222.5	31
1223.5	18
1224.5	28
1225.5	31
1226.5	28
1227.5	22
1228.5	30
1229.5	27
1230.5	30
1231.5	44
1232.5	36
1233.5	24
1234.5	34
1235.5	30
1236.5	37
1237.5	30
1238.5	27
1239.5	19
1240.5	35
1241.5	23
1242.5	25
1243.5	39
1244.5	35
1245.5	35
1246.5	42
1247.5	41
1248.5	28
1249.5	37
1250.5	33
1251.5	25
1252.5	28
1253.5	22
1254.5	21
1255.5	23
1256.5	22
1257.5	27
1258.5	16
1259.5	23
1260.5	31
1261.5	23
1262.5	26
1263.5	37
1264.5	33
1265.5	28
1266.5	27
1267.5	30
1268.5	27
1269.5	27
1270.5	36
1271.5	30
1272.5	35
1273.5	37
1274.5	34
1275.5	32
1276.5	23
1277.5	35
1278.5	42
1279.5	22
1280.5	29
1281.5	24
1282.5	26
1283.5	27
1284.5	32
1285.5	38
1286.5	37
1287.5	22
1288.5	37
1289.5	32
1290.5	31
1291.5	23
1292.5	29
1293.5	29
1294.5	44
1295.5	26
1296.5	37
1297.5	31
1298.5	38
1299.5	35
1300.5	27
1301.5	33
1302.5	31
1303.5	26
1304.5	26
1305.5	35
1306.5	20
1307.5	38
1308.5	39
1309.5	29
1310.5	31
1311.5	28
1312.5	29
1313.5	31
1314.5	19
1315.5	25
1316.5	43
1317.5	27
1318.5	33
1319.5	34
1320.5	35
1321.5	27
1322.5	43
1323.5	37
1324.5	39
1325.5	35
1326.5	31
1327.5	21
1328.5	34
1329.5	25
1330.5	34
1331.5	23
1332.5	24
1333.5	33
1334.5	36
1335.5	21
1336.5	19
1337.5	33
1338.5	41
1339.5	39
1340.5	37
1341.5	23
1342.5	25
1343.5	22
1344.5	28
1345.5	28
1346.5	29
1347.5	12
1348.5	30
1349.5	31
1350.5	34
1351.5	47
1352.5	30
1353.5	28
1354.5	35
1355.5	37
1356.5	28
1357.5	40
1358.5	34
1359.5	29
1360.5	37
1361.5	39
1362.5	40
1363.5	28
1364.5	41
1365.5	41
1366.5	49
1367.5	48
1368.5	34
1369.5	40
1370.5	55
1371.5	43
1372.5	38
1373.5	44
1374.5	48
1375.5	47
1376.5	48
1377.5	43
1378.5	40
1379.5	45
1380.5	37
1381.5	39
1382.5	47
1383.5	34
1384.5	31
1385.5	40
1386.5	37
1387.5	36
1388.5	33
1389.5	29
1390.5	33
1391.5	33
1392.5	33
1393.5	24
1394.5	31
1395.5	20
1396.5	26
1397.5	23
1398.5	27
1399.5	30
1400.5	30
1401.5	24
1402.5	35
1403.5	28
1404.5	22
1405.5	26
1406.5	35
1407.5	28
1408.5	28
1409.5	32
1410.5	39
1411.5	35
1412.5	34
1413.5	36
1414.5	36
1415.5	36
1416.5	42
1417.5	24
1418.5	48
1419.5	61
1420.5	42
1421.5	43
1422.5	57
1423.5	61
1424.5	65
1425.5	62
1426.5	46
1427.5	54
1428.5	64
1429.5	59
1430.5	54
1431.5	62
1432.5	72
1433.5	65
1434.5	67
1435.5	55
1436.5	63
1437.5	73
1438.5	60
1439.5	59
1440.5	60
1441.5	63
1442.5	57
1443.5	79
1444.5	57
1445.5	62
1446.5	61
1447.5	55
1448.5	61
1449.5	55
1450.5	62
1451.5	51
1452.5	46
1453.5	70
1454.5	53
1455.5	46
1456.5	57
1457.5	46
1458.5	46
1459.5	49
1460.5	54
1461.5	63
1462.5	56
1463.5	61
1464.5	51
1465.5	53
1466.5	60
1467.5	47
1468.5	52
1469.5	54
1470.5	43
1471.5	42
1472.5	55
1473.5	47
1474.5	43
1475.5	46
1476.5	50
1477.5	53
1478.5	51
1479.5	32
1480.5	41
1481.5	43
1482.5	35
1483.5	37
1484.5	39
1485.5	35
1486.5	40
1487.5	29
1488.5	25
1489.5	23
1490.5	33
1491.5	29
1492.5	24
1493.5	18
1494.5	26
1495.5	26
1496.5	28
1497.5	22
1498.5	17
1499.5	32
1500.5	21
1501.5	31
1502.5	22
1503.5	21
1504.5	25
1505.5	16
1506.5	34
1507.5	22
1508.5	24
1509.5	17
1510.5	21
1511.5	24
1512.5	21
1513.5	25
1514.5	16
1515.5	27
1516.5	18
1517.5	23
1518.5	20
1519.5	17
1520.5	15
1521.5	22
1522.5	20
1523.5	25
1524.5	17
1525.5	9
1526.5	23
1527.5	21
1528.5	19
1529.5	19
1530.5	25
1531.5	21
1532.5	18
1533.5	15
1534.5	16
1535.5	17
1536.5	18
1537.5	15
1538.5	19
1539.5	21
1540.5	13
1541.5	22
1542.5	19
1543.5	13
1544.5	18
1545.5	21
1546.5	6
1547.5	18
1548.5	16
1549.5	12
1550.5	17
1551.5	18
1552.5	21
1553.5	13
1554.5	16
1555.5	15
1556.5	8
1557.5	17
1558.5	14
1559.5	15
1560.5	10
1561.5	16
1562.5	14
1563.5	12
1564.5	19
1565.5	18
1566.5	14
1567.5	12
1568.5	16
1569.5	20
1570.5	12
1571.5	15
1572.5	11
1573.5	15
1574.5	11
1575.5	10
1576.5	12
1577.5	16
1578.5	15
1579.5	10
1580.5	18
1581.5	16
1582.5	19
1583.5	9
1584.5	11
1585.5	18
1586.5	12
1587.5	12
1588.5	26
1589.5	22
1590.5	19
1591.5	18
1592.5	13
1593.5	17
1594.5	14
1595.5	21
1596.5	11
1597.5	12
1598.5	12
1599.5	11
1600.5	23
1601.5	17
1602.5	13
1603.5	18
1604.5	13
1605.5	12
1606.5	16
1607.5	20
1608.5	15
1609.5	19
1610.5	9
1611.5	16
1612.5	20
1613.5	21
1614.5	14
1615.5	13
1616.5	25
1617.5	21
1618.5	20
1619.5	19
1620.5	27
1621.5	18
1622.5	20
1623.5	21
1624.5	14
1625.5	27
1626.5	23
1627.5	32
1628.5	22
1629.5	17
1630.5	17
1631.5	23
1632.5	21
1633.5	21
1634.5	21
1635.5	17
1636.5	11
1637.5	15
1638.5	21
1639.5	12
1640.5	18
1641.5	16
1642.5	18
1643.5	19
1644.5	15
1645.5	7
1646.5	14
1647.5	13
1648.5	15
1649.5	19
1650.5	12
1651.5	9
1652.5	11
1653.5	14
1654.5	11
1655.5	20
1656.5	17
1657.5	19
1658.5	12
1659.5	10
1660.5	12
1661.5	12
1662.5	10
1663.5	17
1664.5	15
1665.5	18
1666.5	15
1667.5	8
1668.5	17
1669.5	17
1670.5	11
1671.5	5
1672.5	9
1673.5	17
1674.5	11
1675.5	14
1676.5	15
1677.5	14
1678.5	7
1679.5	12
1680.5	9
1681.5	19
1682.5	10
1683.5	7
1684.5	17
1685.5	12
1686.5	12
1687.5	13
1688.5	14
1689.5	17
1690.5	14
1691.5	15
1692.5	16
1693.5	19
1694.5	11
1695.5	13
1696.5	13
1697.5	8
1698.5	7
1699.5	11
1700.5	15
1701.5	13
1702.5	14
1703.5	10
1704.5	11
1705.5	12
1706.5	14
1707.5	9
1708.5	2
1709.5	17
1710.5	17
1711.5	13
1712.5	8
1713.5	17
1714.5	17
1715.5	10
1716.5	10
1717.5	7
1718.5	8
1719.5	8
1720.5	16
1721.5	8
1722.5	8
1723.5	8
1724.5	11
1725.5	16
1726.5	17
1727.5	18
1728.5	9
1729.5	5
1730.5	7
1731.5	7
1732.5	10
1733.5	18
1734.5	18
1735.5	9
1736.5	14
1737.5	15
1738.5	21
1739.5	17
1740.5	12
1741.5	15
1742.5	21
1743.5	18
1744.5	18
1745.5	22
1746.5	15
1747.5	19
1748.5	14
1749.5	17
1750.5	19
1751.5	23
1752.5	19
1753.5	18
1754.5	22
1755.5	31
1756.5	35
1757.5	35
1758.5	26
1759.5	24
1760.5	20
1761.5	35
1762.5	32
1763.5	40
1764.5	21
1765.5	30
1766.5	18
1767.5	41
1768.5	36
1769.5	26
1770.5	37
1771.5	27
1772.5	25
1773.5	34
1774.5	36
1775.5	31
1776.5	33
1777.5	24
1778.5	24
1779.5	22
1780.5	22
1781.5	25
1782.5	31
1783.5	17
1784.5	19
1785.5	21
1786.5	25
1787.5	31
1788.5	22
1789.5	20
1790.5	17
1791.5	27
1792.5	22
1793.5	20
1794.5	17
1795.5	12
1796.5	24
1797.5	11
1798.5	12
1799.5	15
1800.5	15
1801.5	16
1802.5	17
1803.5	15
1804.5	9
1805.5	13
1806.5	23
1807.5	18
1808.5	12
1809.5	12
1810.5	15
1811.5	14
1812.5	17
1813.5	10
1814.5	13
1815.5	17
1816.5	14
1817.5	10
1818.5	12
1819.5	16
1820.5	12
1821.5	13
1822.5	9
1823.5	12
1824.5	18
1825.5	12
1826.5	16
1827.5	13
1828.5	8
1829.5	14
1830.5	7
1831.5	14
1832.5	12
1833.5	11
1834.5	14
1835.5	18
1836.5	16
1837.5	10
1838.5	14
1839.5	13
1840.5	13
1841.5	16
1842.5	7
1843.5	13
1844.5	12
1845.5	15
1846.5	14
1847.5	12
1848.5	10
1849.5	17
1850.5	12
1851.5	7
1852.5	14
1853.5	13
1854.5	10
1855.5	10
1856.5	8
1857.5	10
1858.5	9
1859.5	9
1860.5	13
1861.5	12
1862.5	10
1863.5	12
1864.5	7
1865.5	13
1866.5	11
1867.5	13
1868.5	6
1869.5	12
1870.5	19
1871.5	16
1872.5	11
1873.5	9
1874.5	9
1875.5	17
1876.5	13
1877.5	9
1878.5	10
1879.5	9
1880.5	16
1881.5	19
1882.5	7
1883.5	20
1884.5	12
1885.5	8
1886.5	9
1887.5	8
1888.5	16
1889.5	7
1890.5	19
1891.5	14
1892.5	6
1893.5	7
1894.5	12
1895.5	12
1896.5	12
1897.5	19
1898.5	18
1899.5	16
1900.5	19
1901.5	11
1902.5	14
1903.5	15
1904.5	15
1905.5	7
1906.5	15
1907.5	14
1908.5	12
1909.5	13
1910.5	14
1911.5	14
1912.5	13
1913.5	20
1914.5	22
1915.5	10
1916.5	10
1917.5	9
1918.5	12
1919.5	11
1920.5	20
1921.5	13
1922.5	12
1923.5	17
1924.5	9
1925.5	12
1926.5	13
1927.5	15
1928.5	18
1929.5	16
1930.5	14
1931.5	19
1932.5	19
1933.5	26
1934.5	5
1935.5	11
1936.5	10
1937.5	11
1938.5	13
1939.5	16
1940.5	11
1941.5	12
1942.5	16
1943.5	12
1944.5	17
1945.5	5
1946.5	13
1947.5	10
1948.5	11
1949.5	19
1950.5	13
1951.5	14
1952.5	19
1953.5	13
1954.5	11
1955.5	9
1956.5	15
1957.5	12
1958.5	10
1959.5	9
1960.5	15
1961.5	10
1962.5	7
1963.5	8
1964.5	9
1965.5	7
1966.5	12
1967.5	12
1968.5	6
1969.5	10
1970.5	11
1971.5	17
1972.5	9
1973.5	21
1974.5	9
1975.5	11
1976.5	18
1977.5	13
1978.5	8
1979.5	11
1980.5	20
1981.5	10
1982.5	12
1983.5	17
1984.5	15
1985.5	17
1986.5	14
1987.5	10
1988.5	6
1989.5	9
1990.5	6
1991.5	12
1992.5	14
1993.5	16
1994.5	8
1995.5	13
1996.5	11
1997.5	10
1998.5	20
1999.5	14
2000.5	14
2001.5	9
2002.5	11
2003.5	17
2004.5	12
2005.5	12
2006.5	13
2007.5	19
2008.5	16
2009.5	10
2010.5	17
2011.5	12
2012.5	10
2013.5	17
2014.5	18
2015.5	12
2016.5	15
2017.5	18
2018.5	7
2019.5	17
2020.5	16
2021.5	17
2022.5	7
2023.5	6
2024.5	12
2025.5	15
2026.5	14
2027.5	11
2028.5	11
2029.5	7
2030.5	13
2031.5	14
2032.5	15
2033.5	15
2034.5	9
2035.5	9
2036.5	10
2037.5	13
2038.5	13
2039.5	15
2040.5	5
2041.5	11
2042.5	11
2043.5	7
2044.5	11
2045.5	10
2046.5	17
2047.5	11
2048.5	13
2049.5	17
2050.5	11
2051.5	17
2052.5	9
2053.5	12
2054.5	9
2055.5	8
2056.5	10
2057.5	15
2058.5	10
2059.5	11
2060.5	10
2061.5	14
2062.5	9
2063.5	11
2064.5	12
2065.5	14
2066.5	10
2067.5	8
2068.5	13
2069.5	10
2070.5	8
2071.5	14
2072.5	15
2073.5	13
2074.5	11
2075.5	12
2076.5	6
2077.5	12
2078.5	10
2079.5	11
2080.5	13
2081.5	9
2082.5	14
2083.5	13
2084.5	17
2085.5	10
2086.5	6
2087.5	17
2088.5	13
2089.5	12
2090.5	13
2091.5	10
2092.5	7
2093.5	10
2094.5	13
2095.5	10
2096.5	8
2097.5	14
2098.5	11
2099.5	12
2100.5	10
2101.5	6
2102.5	10
2103.5	12
2104.5	11
2105.5	12
2106.5	15
2107.5	17
2108.5	12
2109.5	10
2110.5	11
2111.5	10
2112.5	11
2113.5	15
2114.5	8
2115.5	11
2116.5	7
2117.5	8
2118.5	4
2119.5	10
2120.5	13
2121.5	10
2122.5	10
2123.5	20
2124.5	14
2125.5	9
2126.5	10
2127.5	13
2128.5	6
2129.5	16
2130.5	7
2131.5	14
2132.5	14
2133.5	10
2134.5	13
2135.5	18
2136.5	14
2137.5	14
2138.5	13
2139.5	8
2140.5	17
2141.5	18
2142.5	10
2143.5	12
2144.5	11
2145.5	10
2146.5	11
2147.5	16
2148.5	12
2149.5	14
2150.5	16
2151.5	10
2152.5	6
2153.5	6
2154.5	11
2155.5	7
2156.5	7
2157.5	13
2158.5	10
2159.5	13
2160.5	16
2161.5	8
2162.5	15
2163.5	12
2164.5	9
2165.5	11
2166.5	13
2167.5	13
2168.5	17
2169.5	15
2170.5	13
2171.5	7
2172.5	20
2173.5	10
2174.5	7
2175.5	11
2176.5	8
2177.5	12
2178.5	20
2179.5	15
2180.5	11
2181.5	13
2182.5	9
2183.5	13
2184.5	12
2185.5	17
2186.5	13
2187.5	14
2188.5	10
2189.5	17
2190.5	14
2191.5	10
2192.5	6
2193.5	24
2194.5	15
2195.5	16
2196.5	15
2197.5	15
2198.5	13
2199.5	8
2200.5	12
2201.5	10
2202.5	10
2203.5	12
2204.5	11
2205.5	11
2206.5	12
2207.5	15
2208.5	13
2209.5	13
2210.5	14
2211.5	13
2212.5	16
2213.5	11
2214.5	16
2215.5	13
2216.5	7
2217.5	15
2218.5	14
2219.5	13
2220.5	9
2221.5	10
2222.5	17
2223.5	13
2224.5	9
2225.5	13
2226.5	13
2227.5	17
2228.5	13
2229.5	19
2230.5	8
2231.5	12
2232.5	8
2233.5	17
2234.5	14
2235.5	9
2236.5	9
2237.5	15
2238.5	10
2239.5	8
2240.5	11
2241.5	9
2242.5	13
2243.5	8
2244.5	14
2245.5	21
2246.5	9
2247.5	11
2248.5	11
2249.5	10
2250.5	9
2251.5	19
2252.5	16
2253.5	15
2254.5	17
2255.5	17
2256.5	19
2257.5	12
2258.5	8
2259.5	19
2260.5	12
2261.5	6
2262.5	14
2263.5	18
2264.5	7
2265.5	13
2266.5	11
2267.5	17
2268.5	14
2269.5	14
2270.5	14
2271.5	8
2272.5	26
2273.5	14
2274.5	25
2275.5	14
2276.5	19
2277.5	23
2278.5	23
2279.5	10
2280.5	14
2281.5	13
2282.5	16
2283.5	16
2284.5	13
2285.5	15
2286.5	12
2287.5	17
2288.5	13
2289.5	7
2290.5	13
2291.5	19
2292.5	12
2293.5	12
2294.5	6
2295.5	19
2296.5	15
2297.5	7
2298.5	8
2299.5	12
2300.5	6
2301.5	15
2302.5	13
2303.5	13
2304.5	11
2305.5	6
2306.5	11
2307.5	12
2308.5	19
2309.5	11
2310.5	16
2311.5	17
2312.5	9
2313.5	10
2314.5	10
2315.5	9
2316.5	11
2317.5	6
2318.5	14
2319.5	12
2320.5	15
2321.5	14
2322.5	18
2323.5	11
2324.5	17
2325.5	12
2326.5	12
2327.5	18
2328.5	10
2329.5	9
2330.5	9
2331.5	5
2332.5	10
2333.5	12
2334.5	10
2335.5	16
2336.5	12
2337.5	13
2338.5	10
2339.5	11
2340.5	14
2341.5	11
2342.5	6
2343.5	13
2344.5	9
2345.5	15
2346.5	7
2347.5	12
2348.5	12
2349.5	11
2350.5	22
2351.5	15
2352.5	8
2353.5	9
2354.5	6
2355.5	12
2356.5	5
2357.5	15
2358.5	13
2359.5	10
2360.5	12
2361.5	11
2362.5	13
2363.5	15
2364.5	15
2365.5	12
2366.5	9
2367.5	11
2368.5	10
2369.5	7
2370.5	14
2371.5	11
2372.5	6
2373.5	11
2374.5	14
2375.5	10
2376.5	13
2377.5	10
2378.5	17
2379.5	12
2380.5	15
2381.5	8
2382.5	4
2383.5	11
2384.5	18
2385.5	4
2386.5	12
2387.5	12
2388.5	12
2389.5	8
2390.5	13
2391.5	9
2392.5	8
2393.5	10
2394.5	7
2395.5	8
2396.5	6
2397.5	11
2398.5	10
2399.5	7
2400.5	6
2401.5	9
2402.5	11
2403.5	8
2404.5	6
2405.5	9
2406.5	4
2407.5	10
2408.5	6
2409.5	10
2410.5	14
2411.5	9
2412.5	11
2413.5	8
2414.5	10
2415.5	2
2416.5	9
2417.5	7
2418.5	11
2419.5	4
2420.5	9
2421.5	9
2422.5	4
2423.5	12
2424.5	7
2425.5	7
2426.5	5
2427.5	10
2428.5	10
2429.5	12
2430.5	12
2431.5	5
2432.5	8
2433.5	10
2434.5	12
2435.5	9
2436.5	6
2437.5	10
2438.5	11
2439.5	10
2440.5	6
2441.5	7
2442.5	9
2443.5	6
2444.5	10
2445.5	10
2446.5	18
2447.5	9
2448.5	15
2449.5	9
2450.5	11
2451.5	6
2452.5	13
2453.5	10
2454.5	6
2455.5	8
2456.5	11
2457.5	10
2458.5	6
2459.5	10
2460.5	9
2461.5	10
2462.5	9
2463.5	5
2464.5	11
2465.5	9
2466.5	12
2467.5	11
2468.5	13
2469.5	11
2470.5	7
2471.5	17
2472.5	9
2473.5	8
2474.5	9
2475.5	10
2476.5	13
2477.5	8
2478.5	9
2479.5	8
2480.5	9
2481.5	7
2482.5	7
2483.5	12
2484.5	10
2485.5	16
2486.5	14
2487.5	11
2488.5	16
2489.5	12
2490.5	15
2491.5	12
2492.5	17
2493.5	13
2494.5	9
2495.5	11
2496.5	11
2497.5	13
2498.5	12
2499.5	14
2500.5	12
2501.5	6
2502.5	16
2503.5	10
2504.5	18
2505.5	17
2506.5	11
2507.5	11
2508.5	9
2509.5	5
2510.5	10
2511.5	14
2512.5	9
2513.5	7
2514.5	10
2515.5	6
2516.5	9
2517.5	9
2518.5	15
2519.5	9
2520.5	11
2521.5	8
2522.5	6
2523.5	11
2524.5	10
2525.5	10
2526.5	13
2527.5	17
2528.5	9
2529.5	12
2530.5	10
2531.5	11
2532.5	16
2533.5	13
2534.5	10
2535.5	9
2536.5	5
2537.5	9
2538.5	10
2539.5	16
2540.5	12
2541.5	10
2542.5	9
2543.5	10
2544.5	8
2545.5	14
2546.5	11
2547.5	13
2548.5	9
2549.5	9
2550.5	7
2551.5	9
2552.5	9
2553.5	10
2554.5	14
2555.5	19
2556.5	14
2557.5	12
2558.5	7
2559.5	17
2560.5	14
2561.5	11
2562.5	14
2563.5	9
2564.5	9
2565.5	8
2566.5	12
2567.5	12
2568.5	10
2569.5	6
2570.5	17
2571.5	18
2572.5	18
2573.5	11
2574.5	6
2575.5	10
2576.5	7
2577.5	16
2578.5	9
2579.5	8
2580.5	11
2581.5	8
2582.5	10
2583.5	4
2584.5	12
2585.5	11
2586.5	15
2587.5	11
2588.5	15
2589.5	11
2590.5	6
2591.5	10
2592.5	17
2593.5	10
2594.5	5
2595.5	10
2596.5	9
2597.5	13
2598.5	12
2599.5	8
2600.5	16
2601.5	11
2602.5	9
2603.5	12
2604.5	11
2605.5	11
2606.5	12
2607.5	10
2608.5	13
2609.5	8
2610.5	9
2611.5	9
2612.5	10
2613.5	11
2614.5	8
2615.5	8
2616.5	17
2617.5	8
2618.5	9
2619.5	10
2620.5	7
2621.5	9
2622.5	8
2623.5	10
2624.5	9
2625.5	8
2626.5	6
2627.5	15
2628.5	7
2629.5	7
2630.5	14
2631.5	8
2632.5	16
2633.5	13
2634.5	14
2635.5	13
2636.5	9
2637.5	10
2638.5	7
2639.5	13
2640.5	9
2641.5	15
2642.5	9
2643.5	9
2644.5	10
2645.5	8
2646.5	5
2647.5	8
2648.5	15
2649.5	5
2650.5	12
2651.5	9
2652.5	7
2653.5	7
2654.5	6
2655.5	7
2656.5	9
2657.5	8
2658.5	6
2659.5	9
2660.5	5
2661.5	9
2662.5	8
2663.5	9
2664.5	7
2665.5	6
2666.5	14
2667.5	5
2668.5	7
2669.5	16
2670.5	10
2671.5	4
2672.5	5
2673.5	14
2674.5	10
2675.5	9
2676.5	12
2677.5	9
2678.5	9
2679.5	12
2680.5	15
2681.5	6
2682.5	9
2683.5	13
2684.5	11
2685.5	5
2686.5	10
2687.5	13
2688.5	9
2689.5	15
2690.5	8
2691.5	11
2692.5	8
2693.5	13
2694.5	16
2695.5	10
2696.5	4
2697.5	16
2698.5	12
2699.5	9
2700.5	10
2701.5	9
2702.5	6
2703.5	8
2704.5	10
2705.5	4
2706.5	14
2707.5	11
2708.5	14
2709.5	10
2710.5	8
2711.5	12
2712.5	6
2713.5	10
2714.5	6
2715.5	15
2716.5	17
2717.5	13
2718.5	10
2719.5	7
2720.5	4
2721.5	10
2722.5	10
2723.5	15
2724.5	11
2725.5	15
2726.5	8
2727.5	9
2728.5	9
2729.5	13
2730.5	11
2731.5	7
2732.5	7
2733.5	6
2734.5	8
2735.5	12
2736.5	9
2737.5	9
2738.5	14
2739.5	7
2740.5	4
2741.5	6
2742.5	11
2743.5	11
2744.5	6
2745.5	10
2746.5	8
2747.5	10
2748.5	9
2749.5	7
2750.5	11
2751.5	14
2752.5	14
2753.5	9
2754.5	15
2755.5	10
2756.5	9
2757.5	7
2758.5	8
2759.5	10
2760.5	19
2761.5	5
2762.5	8
2763.5	6
2764.5	7
2765.5	9
2766.5	4
2767.5	8
2768.5	16
2769.5	11
2770.5	13
2771.5	9
2772.5	9
2773.5	9
2774.5	5
2775.5	11
2776.5	6
2777.5	8
2778.5	13
2779.5	9
2780.5	12
2781.5	7
2782.5	6
2783.5	11
2784.5	9
2785.5	9
2786.5	14
2787.5	13
2788.5	9
2789.5	10
2790.5	7
2791.5	10
2792.5	8
2793.5	8
2794.5	11
2795.5	9
2796.5	4
2797.5	15
2798.5	12
2799.5	12
2800.5	15
2801.5	7
2802.5	7
2803.5	12
2804.5	7
2805.5	14
2806.5	10
2807.5	14
2808.5	12
2809.5	14
2810.5	11
2811.5	8
2812.5	10
2813.5	11
2814.5	14
2815.5	7
2816.5	5
2817.5	12
2818.5	5
2819.5	4
2820.5	8
2821.5	8
2822.5	6
2823.5	8
2824.5	9
2825.5	10
2826.5	13
2827.5	10
2828.5	10
2829.5	12
2830.5	10
2831.5	12
2832.5	10
2833.5	6
2834.5	11
2835.5	6
2836.5	15
2837.5	11
2838.5	9
2839.5	12
2840.5	14
2841.5	11
2842.5	9
2843.5	6
2844.5	16
2845.5	11
2846.5	11
2847.5	13
2848.5	13
2849.5	4
2850.5	12
2851.5	9
2852.5	6
2853.5	7
2854.5	6
2855.5	12
2856.5	12
2857.5	7
2858.5	9
2859.5	7
2860.5	4
2861.5	10
2862.5	6
2863.5	6
2864.5	10
2865.5	11
2866.5	9
2867.5	18
2868.5	15
2869.5	12
2870.5	4
2871.5	9
2872.5	11
2873.5	6
2874.5	6
2875.5	8
2876.5	5
2877.5	9
2878.5	8
2879.5	11
2880.5	18
2881.5	12
2882.5	15
2883.5	8
2884.5	6
2885.5	8
2886.5	9
2887.5	14
2888.5	18
2889.5	3
2890.5	12
2891.5	9
2892.5	14
2893.5	6
2894.5	8
2895.5	16
2896.5	7
2897.5	4
2898.5	12
2899.5	11
2900.5	13
2901.5	13
2902.5	10
2903.5	8
2904.5	9
2905.5	12
2906.5	16
2907.5	7
2908.5	13
2909.5	10
2910.5	12
2911.5	17
2912.5	6
2913.5	9
2914.5	14
2915.5	11
2916.5	13
2917.5	13
2918.5	11
2919.5	10
2920.5	7
2921.5	12
2922.5	8
2923.5	16
2924.5	9
2925.5	8
2926.5	9
2927.5	13
2928.5	11
2929.5	12
2930.5	9
2931.5	8
2932.5	7
2933.5	13
2934.5	9
2935.5	14
2936.5	13
2937.5	16
2938.5	5
2939.5	6
2940.5	12
2941.5	13
2942.5	15
2943.5	12
2944.5	10
2945.5	9
2946.5	19
2947.5	10
2948.5	13
2949.5	10
2950.5	14
2951.5	11
2952.5	13
2953.5	15
2954.5	9
2955.5	8
2956.5	5
2957.5	13
2958.5	14
2959.5	11
2960.5	7
2961.5	11
2962.5	11
2963.5	14
2964.5	8
2965.5	19
2966.5	10
2967.5	2
2968.5	8
2969.5	14
2970.5	11
2971.5	11
2972.5	6
2973.5	11
2974.5	16
2975.5	16
2976.5	15
2977.5	6
2978.5	16
2979.5	11
2980.5	18
2981.5	16
2982.5	12
2983.5	12
2984.5	8
2985.5	7
2986.5	11
2987.5	16
2988.5	6
2989.5	11
2990.5	7
2991.5	10
2992.5	15
2993.5	8
2994.5	8
2995.5	13
2996.5	9
2997.5	13
2998.5	10
2999.5	12
3000.5	9
3001.5	13
3002.5	11
3003.5	13
3004.5	15
3005.5	7
3006.5	6
3007.5	13
3008.5	12
3009.5	14
3010.5	10
3011.5	11
3012.5	11
3013.5	13
3014.5	10
3015.5	6
3016.5	10
3017.5	9
3018.5	6
3019.5	14
3020.5	11
3021.5	13
3022.5	12
3023.5	18
3024.5	13
3025.5	10
3026.5	14
3027.5	13
3028.5	13
3029.5	13
3030.5	11
3031.5	11
3032.5	21
3033.5	6
3034.5	7
3035.5	12
3036.5	10
3037.5	10
3038.5	11
3039.5	17
3040.5	13
3041.5	12
3042.5	8
3043.5	15
3044.5	13
3045.5	9
3046.5	9
3047.5	15
3048.5	12
3049.5	15
3050.5	11
3051.5	13
3052.5	10
3053.5	14
3054.5	12
3055.5	12
3056.5	13
3057.5	12
3058.5	12
3059.5	11
3060.5	14
3061.5	11
3062.5	8
3063.5	18
3064.5	14
3065.5	11
3066.5	6
3067.5	11
3068.5	15
3069.5	11
3070.5	13
3071.5	18
3072.5	16
3073.5	11
3074.5	9
3075.5	16
3076.5	8
3077.5	12
3078.5	12
3079.5	10
3080.5	15
3081.5	5
3082.5	11
3083.5	10
3084.5	12
3085.5	8
3086.5	11
3087.5	11
3088.5	18
3089.5	14
3090.5	10
3091.5	11
3092.5	8
3093.5	12
3094.5	16
3095.5	20
3096.5	16
3097.5	9
3098.5	16
3099.5	12
3100.5	7
3101.5	11
3102.5	18
3103.5	15
3104.5	16
3105.5	9
3106.5	13
3107.5	15
3108.5	15
3109.5	15
3110.5	6
3111.5	11
3112.5	12
3113.5	12
3114.5	13
3115.5	9
3116.5	15
3117.5	11
3118.5	11
3119.5	7
3120.5	16
3121.5	13
3122.5	9
3123.5	12
3124.5	16
3125.5	13
3126.5	8
3127.5	7
3128.5	10
3129.5	13
3130.5	6
3131.5	11
3132.5	10
3133.5	12
3134.5	10
3135.5	15
3136.5	12
3137.5	10
3138.5	12
3139.5	6
3140.5	10
3141.5	17
3142.5	13
3143.5	16
3144.5	12
3145.5	20
3146.5	19
3147.5	17
3148.5	10
3149.5	16
3150.5	12
3151.5	14
3152.5	12
3153.5	11
3154.5	9
3155.5	8
3156.5	11
3157.5	11
3158.5	11
3159.5	22
3160.5	15
3161.5	13
3162.5	8
3163.5	14
3164.5	13
3165.5	19
3166.5	19
3167.5	7
3168.5	12
3169.5	9
3170.5	7
3171.5	16
3172.5	11
3173.5	11
3174.5	14
3175.5	9
3176.5	13
3177.5	11
3178.5	9
3179.5	12
3180.5	15
3181.5	13
3182.5	8
3183.5	12
3184.5	11
3185.5	18
3186.5	12
3187.5	10
3188.5	19
3189.5	16
3190.5	16
3191.5	12
3192.5	13
3193.5	14
3194.5	14
3195.5	17
3196.5	18
3197.5	15
3198.5	14
3199.5	12
3200.5	11
3201.5	21
3202.5	19
3203.5	15
3204.5	14
3205.5	13
3206.5	12
3207.5	16
3208.5	12
3209.5	17
3210.5	22
3211.5	16
3212.5	14
3213.5	15
3214.5	14
3215.5	16
3216.5	21
3217.5	12
3218.5	20
3219.5	23
3220.5	13
3221.5	18
3222.5	14
3223.5	19
3224.5	14
3225.5	24
3226.5	16
3227.5	19
3228.5	25
3229.5	13
3230.5	24
3231.5	18
3232.5	17
3233.5	20
3234.5	22
3235.5	14
3236.5	21
3237.5	30
3238.5	26
3239.5	31
3240.5	15
3241.5	24
3242.5	12
3243.5	27
3244.5	29
3245.5	19
3246.5	31
3247.5	21
3248.5	25
3249.5	27
3250.5	30
3251.5	25
3252.5	28
3253.5	29
3254.5	18
3255.5	24
3256.5	39
3257.5	35
3258.5	23
3259.5	35
3260.5	33
3261.5	21
3262.5	49
3263.5	27
3264.5	29
3265.5	30
3266.5	24
3267.5	36
3268.5	21
3269.5	31
3270.5	30
3271.5	34
3272.5	28
3273.5	35
3274.5	30
3275.5	34
3276.5	29
3277.5	38
3278.5	27
3279.5	31
3280.5	38
3281.5	39
3282.5	28
3283.5	30
3284.5	35
3285.5	26
3286.5	39
3287.5	29
3288.5	36
3289.5	42
3290.5	30
3291.5	41
3292.5	39
3293.5	26
3294.5	30
3295.5	24
3296.5	38
3297.5	35
3298.5	37
3299.5	29
3300.5	30
3301.5	38
3302.5	34
3303.5	37
3304.5	28
3305.5	43
3306.5	37
3307.5	39
3308.5	29
3309.5	31
3310.5	35
3311.5	34
3312.5	43
3313.5	29
3314.5	31
3315.5	35
3316.5	32
3317.5	30
3318.5	33
3319.5	37
3320.5	38
3321.5	33
3322.5	35
3323.5	49
3324.5	27
3325.5	29
3326.5	22
3327.5	32
3328.5	28
3329.5	36
3330.5	29
3331.5	41
3332.5	35
3333.5	34
3334.5	25
3335.5	31
3336.5	25
3337.5	26
3338.5	24
3339.5	26
3340.5	24
3341.5	26
3342.5	29
3343.5	21
3344.5	31
3345.5	28
3346.5	28
3347.5	34
3348.5	29
3349.5	25
3350.5	21
3351.5	31
3352.5	23
3353.5	30
3354.5	15
3355.5	27
3356.5	21
3357.5	18
3358.5	21
3359.5	18
3360.5	23
3361.5	18
3362.5	15
3363.5	20
3364.5	24
3365.5	20
3366.5	21
3367.5	19
3368.5	26
3369.5	14
3370.5	23
3371.5	19
3372.5	25
3373.5	16
3374.5	21
3375.5	18
3376.5	24
3377.5	14
3378.5	28
3379.5	15
3380.5	19
3381.5	22
3382.5	22
3383.5	19
3384.5	20
3385.5	18
3386.5	15
3387.5	20
3388.5	22
3389.5	20
3390.5	26
3391.5	26
3392.5	21
3393.5	22
3394.5	14
3395.5	7
3396.5	23
3397.5	34
3398.5	18
3399.5	21
3400.5	28
3401.5	23
3402.5	25
3403.5	17
3404.5	29
3405.5	23
3406.5	24
3407.5	22
3408.5	20
3409.5	21
3410.5	16
3411.5	19
3412.5	26
3413.5	26
3414.5	25
3415.5	21
3416.5	30
3417.5	27
3418.5	15
3419.5	19
3420.5	23
3421.5	23
3422.5	23
3423.5	29
3424.5	20
3425.5	28
3426.5	24
3427.5	18
3428.5	30
3429.5	22
3430.5	24
3431.5	19
3432.5	22
3433.5	19
3434.5	15
3435.5	19
3436.5	19
3437.5	19
3438.5	22
3439.5	21
3440.5	28
3441.5	22
3442.5	28
3443.5	16
3444.5	34
3445.5	27
3446.5	25
3447.5	26
3448.5	24
3449.5	22
3450.5	28
3451.5	18
3452.5	11
3453.5	20
3454.5	17
3455.5	16
3456.5	21
3457.5	12
3458.5	23
3459.5	20
3460.5	18
3461.5	28
3462.5	24
3463.5	16
3464.5	27
3465.5	18
3466.5	25
3467.5	16
3468.5	20
3469.5	21
3470.5	22
3471.5	23
3472.5	13
3473.5	24
3474.5	20
3475.5	21
3476.5	27
3477.5	28
3478.5	17
3479.5	27
3480.5	20
3481.5	20
3482.5	13
3483.5	32
3484.5	17
3485.5	24
3486.5	22
3487.5	26
3488.5	24
3489.5	29
3490.5	23
3491.5	24
3492.5	23
3493.5	28
3494.5	20
3495.5	20
3496.5	30
3497.5	25
3498.5	28
3499.5	20
3500.5	28
3501.5	22
3502.5	18
3503.5	24
3504.5	13
3505.5	24
3506.5	18
3507.5	20
3508.5	23
3509.5	22
3510.5	20
3511.5	17
3512.5	21
3513.5	12
3514.5	21
3515.5	17
3516.5	22
3517.5	25
3518.5	20
3519.5	25
3520.5	19
3521.5	22
3522.5	31
3523.5	20
3524.5	18
3525.5	27
3526.5	14
3527.5	25
3528.5	20
3529.5	17
3530.5	18
3531.5	25
3532.5	22
3533.5	16
3534.5	23
3535.5	24
3536.5	24
3537.5	24
3538.5	25
3539.5	18
3540.5	22
3541.5	26
3542.5	21
3543.5	23
3544.5	17
3545.5	22
3546.5	26
3547.5	21
3548.5	23
3549.5	20
3550.5	23
3551.5	22
3552.5	19
3553.5	24
3554.5	20
3555.5	16
3556.5	25
3557.5	14
3558.5	22
3559.5	18
3560.5	21
3561.5	21
3562.5	22
3563.5	21
3564.5	21
3565.5	22
3566.5	15
3567.5	19
3568.5	14
3569.5	29
3570.5	25
3571.5	20
3572.5	17
3573.5	23
3574.5	22
3575.5	30
3576.5	20
3577.5	16
3578.5	25
3579.5	32
3580.5	17
3581.5	16
3582.5	24
3583.5	16
3584.5	25
3585.5	18
3586.5	25
3587.5	20
3588.5	15
3589.5	21
3590.5	21
3591.5	27
3592.5	15
3593.5	16
3594.5	20
3595.5	14
3596.5	26
3597.5	21
3598.5	11
3599.5	18
3600.5	17
3601.5	29
3602.5	12
3603.5	17
3604.5	20
3605.5	20
3606.5	22
3607.5	19
3608.5	11
3609.5	19
3610.5	14
3611.5	20
3612.5	18
3613.5	15
3614.5	17
3615.5	12
3616.5	22
3617.5	11
3618.5	16
3619.5	18
3620.5	14
3621.5	15
3622.5	12
3623.5	20
3624.5	17
3625.5	25
3626.5	15
3627.5	18
3628.5	13
3629.5	16
3630.5	21
3631.5	16
3632.5	18
3633.5	14
3634.5	11
3635.5	20
3636.5	20
3637.5	14
3638.5	16
3639.5	15
3640.5	24
3641.5	13
3642.5	13
3643.5	15
3644.5	14
3645.5	19
3646.5	17
3647.5	15
3648.5	34
3649.5	15
3650.5	27
3651.5	28
3652.5	26
3653.5	15
3654.5	16
3655.5	24
3656.5	32
3657.5	25
3658.5	30
3659.5	33
3660.5	24
3661.5	27
3662.5	15
3663.5	20
3664.5	32
3665.5	25
3666.5	33
3667.5	28
3668.5	29
3669.5	26
3670.5	30
3671.5	27
3672.5	38
3673.5	40
3674.5	26
3675.5	30
3676.5	32
3677.5	24
3678.5	38
3679.5	36
3680.5	32
3681.5	34
3682.5	40
3683.5	37
3684.5	26
3685.5	40
3686.5	34
3687.5	46
3688.5	36
3689.5	30
3690.5	26
3691.5	45
3692.5	36
3693.5	54
3694.5	44
3695.5	49
3696.5	35
3697.5	43
3698.5	48
3699.5	25
3700.5	52
3701.5	45
3702.5	45
3703.5	29
3704.5	44
3705.5	41
3706.5	46
3707.5	45
3708.5	47
3709.5	44
3710.5	46
3711.5	45
3712.5	52
3713.5	49
3714.5	49
3715.5	50
3716.5	52
3717.5	38
3718.5	46
3719.5	67
3720.5	33
3721.5	64
3722.5	54
3723.5	50
3724.5	47
3725.5	50
3726.5	49
3727.5	55
3728.5	46
3729.5	49
3730.5	49
3731.5	42
3732.5	37
3733.5	47
3734.5	48
3735.5	47
3736.5	38
3737.5	63
3738.5	45
3739.5	56
3740.5	49
3741.5	54
3742.5	46
3743.5	56
3744.5	62
3745.5	40
3746.5	55
3747.5	57
3748.5	55
3749.5	51
3750.5	51
3751.5	53
3752.5	54
3753.5	46
3754.5	51
3755.5	52
3756.5	41
3757.5	38
3758.5	42
3759.5	41
3760.5	41
3761.5	47
3762.5	43
3763.5	46
3764.5	35
3765.5	40
3766.5	45
3767.5	31
3768.5	51
3769.5	46
3770.5	37
3771.5	31
3772.5	25
3773.5	34
3774.5	43
3775.5	44
3776.5	41
3777.5	46
3778.5	36
3779.5	30
3780.5	27
3781.5	38
3782.5	30
3783.5	44
3784.5	23
3785.5	23
3786.5	29
3787.5	35
3788.5	31
3789.5	38
3790.5	31
3791.5	22
3792.5	24
3793.5	29
3794.5	18
3795.5	30
3796.5	38
3797.5	21
3798.5	28
3799.5	20
3800.5	21
3801.5	27
3802.5	25
3803.5	31
3804.5	16
3805.5	19
3806.5	28
3807.5	26
3808.5	24
3809.5	30
3810.5	28
3811.5	26
3812.5	29
3813.5	26
3814.5	28
3815.5	17
3816.5	18
3817.5	23
3818.5	23
3819.5	27
3820.5	23
3821.5	27
3822.5	22
3823.5	19
3824.5	28
3825.5	25
3826.5	25
3827.5	27
3828.5	20
3829.5	35
3830.5	28
3831.5	20
3832.5	27
3833.5	20
3834.5	24
3835.5	26
3836.5	27
3837.5	27
3838.5	32
3839.5	12
3840.5	10
3841.5	29
3842.5	24
3843.5	24
3844.5	19
3845.5	13
3846.5	35
3847.5	29
3848.5	17
3849.5	23
3850.5	30
3851.5	20
3852.5	18
3853.5	36
3854.5	24
3855.5	26
3856.5	16
3857.5	26
3858.5	30
3859.5	18
3860.5	25
3861.5	37
3862.5	20
3863.5	30
3864.5	27
3865.5	30
3866.5	27
3867.5	32
3868.5	26
3869.5	32
3870.5	23
3871.5	24
3872.5	19
3873.5	25
3874.5	26
3875.5	24
3876.5	29
3877.5	14
3878.5	19
3879.5	19
3880.5	29
3881.5	17
3882.5	30
3883.5	26
3884.5	33
3885.5	27
3886.5	19
3887.5	33
3888.5	28
3889.5	24
3890.5	21
3891.5	23
3892.5	16
3893.5	21
3894.5	19
3895.5	19
3896.5	19
3897.5	23
3898.5	25
3899.5	18
3900.5	28
3901.5	10
3902.5	24
3903.5	31
3904.5	24
3905.5	14
3906.5	23
3907.5	20
3908.5	25
3909.5	31
3910.5	25
3911.5	25
3912.5	20
3913.5	23
3914.5	18
3915.5	21
3916.5	27
3917.5	22
3918.5	19
3919.5	23
3920.5	23
3921.5	23
3922.5	21
3923.5	25
3924.5	12
3925.5	22
3926.5	33
3927.5	22
3928.5	24
3929.5	26
3930.5	16
3931.5	25
3932.5	16
3933.5	17
3934.5	18
3935.5	22
3936.5	23
3937.5	32
3938.5	21
3939.5	20
3940.5	16
3941.5	18
3942.5	22
3943.5	21
3944.5	15
3945.5	18
3946.5	23
3947.5	21
3948.5	21
3949.5	16
3950.5	12
3951.5	18
3952.5	14
3953.5	18
3954.5	17
3955.5	21
3956.5	20
3957.5	21
3958.5	13
3959.5	23
3960.5	18
3961.5	21
3962.5	23
3963.5	13
3964.5	14
3965.5	20
3966.5	18
3967.5	9
3968.5	18
3969.5	15
3970.5	23
3971.5	12
3972.5	18
3973.5	18
3974.5	20
3975.5	12
3976.5	9
3977.5	20
3978.5	13
3979.5	13
3980.5	14
3981.5	6
3982.5	16
3983.5	13
3984.5	14
3985.5	14
3986.5	13
3987.5	12
3988.5	12
3989.5	13
3990.5	15
3991.5	15
3992.5	8
3993.5	7
3994.5	15
3995.5	7
3996.5	8
3997.5	13
3998.5	11
3999.5	18
4000.5	14
4001.5	11
4002.5	11
4003.5	8
4004.5	13
4005.5	10
4006.5	9
4007.5	11
4008.5	13
4009.5	12
4010.5	19
4011.5	8
4012.5	12
4013.5	16
4014.5	8
4015.5	8
4016.5	15
4017.5	9
4018.5	10
4019.5	5
4020.5	3
4021.5	8
4022.5	8
4023.5	8
4024.5	14
4025.5	4
4026.5	9
4027.5	7
4028.5	9
4029.5	8
4030.5	5
4031.5	7
4032.5	5
4033.5	6
4034.5	7
4035.5	3
4036.5	3
4037.5	5
4038.5	7
4039.5	11
4040.5	8
4041.5	8
4042.5	9
4043.5	5
4044.5	11
4045.5	6
4046.5	8
4047.5	8
4048.5	9
4049.5	8
4050.5	9
4051.5	7
4052.5	6
4053.5	4
4054.5	9
4055.5	3
4056.5	4
4057.5	8
4058.5	5
4059.5	3
4060.5	10
4061.5	4
4062.5	6
4063.5	9
4064.5	7
4065.5	6
4066.5	4
4067.5	6
4068.5	11
4069.5	7
4070.5	14
4071.5	8
4072.5	6
4073.5	8
4074.5	11
4075.5	17
4076.5	9
4077.5	8
4078.5	12
4079.5	10
4080.5	14
4081.5	17
4082.5	18
4083.5	9
4084.5	15
4085.5	24
4086.5	14
4087.5	21
4088.5	17
4089.5	15
4090.5	18
4091.5	15
4092.5	19
4093.5	19
4094.5	17
4095.5	20
4096.5	25
4097.5	27
4098.5	17
4099.5	30
4100.5	23
4101.5	28
4102.5	21
4103.5	35
4104.5	33
4105.5	22
4106.5	28
4107.5	26
4108.5	34
4109.5	30
4110.5	36
4111.5	34
4112.5	26
4113.5	45
4114.5	33
4115.5	31
4116.5	28
4117.5	47
4118.5	42
4119.5	43
4120.5	50
4121.5	45
4122.5	51
4123.5	43
4124.5	45
4125.5	54
4126.5	48
4127.5	41
4128.5	54
4129.5	49
4130.5	52
4131.5	33
4132.5	37
4133.5	43
4134.5	37
4135.5	35
4136.5	50
4137.5	47
4138.5	47
4139.5	59
4140.5	40
4141.5	51
4142.5	50
4143.5	44
4144.5	52
4145.5	49
4146.5	43
4147.5	46
4148.5	42
4149.5	49
4150.5	48
4151.5	50
4152.5	41
4153.5	58
4154.5	51
4155.5	49
4156.5	50
4157.5	41
4158.5	46
4159.5	45
4160.5	50
4161.5	46
4162.5	56
4163.5	34
4164.5	37
4165.5	41
4166.5	49
4167.5	39
4168.5	38
4169.5	43
4170.5	50
4171.5	34
4172.5	44
4173.5	38
4174.5	40
4175.5	49
4176.5	40
4177.5	36
4178.5	27
4179.5	48
4180.5	47
4181.5	22
4182.5	34
4183.5	32
4184.5	27
4185.5	28
4186.5	29
4187.5	29
4188.5	39
4189.5	27
4190.5	33
4191.5	23
4192.5	19
4193.5	22
4194.5	20
4195.5	30
4196.5	24
4197.5	19
4198.5	27
4199.5	26
4200.5	20
4201.5	14
4202.5	20
4203.5	19
4204.5	15
4205.5	14
4206.5	17
4207.5	22
4208.5	14
4209.5	22
4210.5	11
4211.5	8
4212.5	11
4213.5	15
4214.5	11
4215.5	6
4216.5	3
4217.5	6
4218.5	5
4219.5	12
4220.5	6
4221.5	3
4222.5	5
4223.5	6
4224.5	5
4225.5	5
4226.5	7
4227.5	6
4228.5	8
4229.5	5
4230.5	2
4231.5	5
4232.5	1
4233.5	6
4234.5	4
4235.5	1
4236.5	4
4237.5	3
4238.5	3
4239.5	3
4240.5	0
4241.5	4
4242.5	3
4243.5	0
4244.5	2
4245.5	4
4246.5	3
4247.5	3
4248.5	1
4249.5	1
4250.5	4
4251.5	3
4252.5	0
4253.5	0
4254.5	1
4255.5	1
4256.5	4
4257.5	1
4258.5	1
4259.5	1
4260.5	2
4261.5	1
4262.5	1
4263.5	1
4264.5	2
4265.5	5
4266.5	0
4267.5	1
4268.5	3
4269.5	1
4270.5	1
4271.5	0
4272.5	3
4273.5	2
4274.5	1
4275.5	3
4276.5	2
4277.5	1
4278.5	0
4279.5	4
4280.5	2
4281.5	3
4282.5	0
4283.5	2
4284.5	7
4285.5	0
4286.5	0
4287.5	1
4288.5	4
4289.5	5
4290.5	0
4291.5	1
4292.5	2
4293.5	1
4294.5	4
4295.5	1
4296.5	3
4297.5	4
4298.5	2
4299.5	1
4300.5	3
4301.5	3
4302.5	0
4303.5	0
4304.5	1
4305.5	1
4306.5	2
4307.5	2
4308.5	2
4309.5	1
4310.5	4
4311.5	1
4312.5	1
4313.5	0
4314.5	1
4315.5	1
4316.5	3
4317.5	1
4318.5	1
4319.5	3
4320.5	1
4321.5	1
4322.5	0
4323.5	2
4324.5	1
4325.5	1
4326.5	0
4327.5	4
4328.5	3
4329.5	2
4330.5	0
4331.5	3
4332.5	2
4333.5	1
4334.5	3
4335.5	0
4336.5	5
4337.5	1
4338.5	4
4339.5	2
4340.5	3
4341.5	2
4342.5	1
4343.5	2
4344.5	0
4345.5	3
4346.5	4
4347.5	0
4348.5	1
4349.5	1
4350.5	3
4351.5	2
4352.5	1
4353.5	0
4354.5	4
4355.5	3
4356.5	1
4357.5	2
4358.5	4
4359.5	3
4360.5	0
4361.5	1
4362.5	1
4363.5	0
4364.5	0
4365.5	2
4366.5	1
4367.5	4
4368.5	3
4369.5	1
4370.5	2
4371.5	1
4372.5	2
4373.5	4
4374.5	2
4375.5	2
4376.5	3
4377.5	1
4378.5	0
4379.5	2
4380.5	1
4381.5	2
4382.5	2
4383.5	1
4384.5	1
4385.5	4
4386.5	0
4387.5	0
4388.5	3
4389.5	3
4390.5	3
4391.5	1
4392.5	1
4393.5	2
4394.5	3
4395.5	2
4396.5	6
4397.5	1
4398.5	2
4399.5	1
4400.5	0
4401.5	0
4402.5	2
4403.5	2
4404.5	1
4405.5	3
4406.5	5
4407.5	2
4408.5	1
4409.5	2
4410.5	0
4411.5	2
4412.5	0
4413.5	2
4414.5	1
4415.5	2
4416.5	0
4417.5	2
4418.5	0
4419.5	4
4420.5	0
4421.5	1
4422.5	2
4423.5	1
4424.5	1
4425.5	3
4426.5	3
4427.5	2
4428.5	1
4429.5	1
4430.5	1
4431.5	1
4432.5	1
4433.5	1
4434.5	4
4435.5	2
4436.5	1
4437.5	6
4438.5	3
4439.5	2
4440.5	0
4441.5	0
4442.5	0
4443.5	0
4444.5	4
4445.5	2
4446.5	2
4447.5	3
4448.5	1
4449.5	1
4450.5	2
4451.5	2
4452.5	1
4453.5	2
4454.5	2
4455.5	1
4456.5	2
4457.5	0
4458.5	0
4459.5	2
4460.5	0
4461.5	1
4462.5	1
4463.5	3
4464.5	0
4465.5	1
4466.5	2
4467.5	0
4468.5	0
4469.5	7
4470.5	3
4471.5	0
4472.5	1
4473.5	3
4474.5	1
4475.5	3
4476.5	2
4477.5	0
4478.5	3
4479.5	1
4480.5	1
4481.5	2
4482.5	1
4483.5	4
4484.5	4
4485.5	2
4486.5	3
4487.5	0
4488.5	2
4489.5	0
4490.5	3
4491.5	2
4492.5	1
4493.5	5
4494.5	1
4495.5	2
4496.5	1
4497.5	3
4498.5	2
4499.5	4
4500.5	0
4501.5	0
4502.5	1
4503.5	0
4504.5	1
4505.5	2
4506.5	1
4507.5	1
4508.5	1
4509.5	3
4510.5	3
4511.5	3
4512.5	4
4513.5	1
4514.5	0
4515.5	1
4516.5	2
4517.5	2
4518.5	3
4519.5	1
4520.5	2
4521.5	0
4522.5	4
4523.5	0
4524.5	2
4525.5	0
4526.5	0
4527.5	2
4528.5	1
4529.5	1
4530.5	0
4531.5	3
4532.5	0
4533.5	2
4534.5	0
4535.5	1
4536.5	0
4537.5	1
4538.5	1
4539.5	2
4540.5	1
4541.5	3
4542.5	0
4543.5	2
4544.5	0
4545.5	1
4546.5	0
4547.5	2
4548.5	1
4549.5	1
4550.5	4
4551.5	2
4552.5	1
4553.5	4
4554.5	1
4555.5	3
4556.5	0
4557.5	1
4558.5	1
4559.5	1
4560.5	1
4561.5	2
4562.5	2
4563.5	1
4564.5	2
4565.5	0
4566.5	0
4567.5	2
4568.5	5
4569.5	3
4570.5	4
4571.5	0
4572.5	1
4573.5	1
4574.5	2
4575.5	3
4576.5	3
4577.5	3
4578.5	1
4579.5	2
4580.5	0
4581.5	3
4582.5	0
4583.5	1
4584.5	3
4585.5	5
4586.5	1
4587.5	3
4588.5	3
4589.5	0
4590.5	0
4591.5	3
4592.5	3
4593.5	1
4594.5	3
4595.5	0
4596.5	2
4597.5	1
4598.5	2
4599.5	3
4600.5	0
4601.5	1
4602.5	0
4603.5	4
4604.5	1
4605.5	3
4606.5	4
4607.5	1
4608.5	0
4609.5	1
4610.5	3
4611.5	1
4612.5	2
4613.5	2
4614.5	1
4615.5	4
4616.5	5
4617.5	1
4618.5	0
4619.5	1
4620.5	0
4621.5	2
4622.5	1
4623.5	2
4624.5	1
4625.5	1
4626.5	1
4627.5	3
4628.5	1
4629.5	2
4630.5	2
4631.5	2
4632.5	0
4633.5	0
4634.5	0
4635.5	1
4636.5	2
4637.5	1
4638.5	4
4639.5	2
4640.5	1
4641.5	2
4642.5	2
4643.5	1
4644.5	1
4645.5	2
4646.5	1
4647.5	2
4648.5	1
4649.5	0
4650.5	2
4651.5	1
4652.5	3
4653.5	0
4654.5	1
4655.5	5
4656.5	1
4657.5	2
4658.5	1
4659.5	2
4660.5	1
4661.5	3
4662.5	0
4663.5	2
4664.5	1
4665.5	2
4666.5	1
4667.5	1
4668.5	2
4669.5	1
4670.5	2
4671.5	1
4672.5	3
4673.5	2
4674.5	1
4675.5	3
4676.5	2
4677.5	2
4678.5	2
4679.5	1
4680.5	2
4681.5	1
4682.5	6
4683.5	3
4684.5	1
4685.5	3
4686.5	5
4687.5	2
4688.5	2
4689.5	2
4690.5	3
4691.5	2
4692.5	1
4693.5	2
4694.5	0
4695.5	0
4696.5	0
4697.5	1
4698.5	4
4699.5	5
4700.5	0
4701.5	0
4702.5	4
4703.5	4
4704.5	3
4705.5	2
4706.5	1
4707.5	0
4708.5	0
4709.5	2
4710.5	3
4711.5	1
4712.5	1
4713.5	2
4714.5	0
4715.5	4
4716.5	4
4717.5	1
4718.5	0
4719.5	4
4720.5	4
4721.5	1
4722.5	2
4723.5	3
4724.5	3
4725.5	1
4726.5	0
4727.5	1
4728.5	3
4729.5	0
4730.5	1
4731.5	1
4732.5	1
4733.5	2
4734.5	1
4735.5	1
4736.5	2
4737.5	2
4738.5	1
4739.5	1
4740.5	2
4741.5	2
4742.5	1
4743.5	2
4744.5	2
4745.5	2
4746.5	1
4747.5	0
4748.5	0
4749.5	3
4750.5	0
4751.5	2
4752.5	4
4753.5	2
4754.5	1
4755.5	2
4756.5	0
4757.5	1
4758.5	0
4759.5	2
4760.5	1
4761.5	7
4762.5	3
4763.5	0
4764.5	3
4765.5	3
4766.5	1
4767.5	0
4768.5	2
4769.5	2
4770.5	2
4771.5	3
4772.5	1
4773.5	2
4774.5	2
4775.5	1
4776.5	0
4777.5	1
4778.5	4
4779.5	1
4780.5	4
4781.5	2
4782.5	3
4783.5	0
4784.5	1
4785.5	3
4786.5	4
4787.5	3
4788.5	3
4789.5	0
4790.5	1
4791.5	0
4792.5	3
4793.5	2
4794.5	2
4795.5	1
4796.5	0
4797.5	4
4798.5	0
4799.5	1
4800.5	0
4801.5	0
4802.5	2
4803.5	2
4804.5	1
4805.5	2
4806.5	2
4807.5	1
4808.5	2
4809.5	0
4810.5	0
4811.5	1
4812.5	0
4813.5	2
4814.5	1
4815.5	1
4816.5	1
4817.5	4
4818.5	3
4819.5	2
4820.5	1
4821.5	2
4822.5	0
4823.5	0
4824.5	0
4825.5	4
4826.5	3
4827.5	0
4828.5	5
4829.5	0
4830.5	0
4831.5	0
4832.5	0
4833.5	1
4834.5	2
4835.5	0
4836.5	0
4837.5	2
4838.5	2
4839.5	1
4840.5	1
4841.5	1
4842.5	4
4843.5	1
4844.5	1
4845.5	1
4846.5	1
4847.5	1
4848.5	1
4849.5	4
4850.5	2
4851.5	2
4852.5	1
4853.5	0
4854.5	1
4855.5	3
4856.5	5
4857.5	1
4858.5	0
4859.5	0
4860.5	1
4861.5	1
4862.5	2
4863.5	5
4864.5	3
4865.5	2
4866.5	2
4867.5	3
4868.5	3
4869.5	5
4870.5	1
4871.5	2
4872.5	3
4873.5	3
4874.5	0
4875.5	1
4876.5	1
4877.5	1
4878.5	1
4879.5	2
4880.5	0
4881.5	1
4882.5	0
4883.5	0
4884.5	1
4885.5	1
4886.5	2
4887.5	3
4888.5	0
4889.5	3
4890.5	3
4891.5	2
4892.5	3
4893.5	4
4894.5	3
4895.5	5
4896.5	4
4897.5	0
4898.5	1
4899.5	3
4900.5	2
4901.5	2
4902.5	0
4903.5	2
4904.5	0
4905.5	1
4906.5	2
4907.5	1
4908.5	1
4909.5	0
4910.5	4
4911.5	0
4912.5	1
4913.5	0
4914.5	2
4915.5	1
4916.5	2
4917.5	1
4918.5	1
4919.5	1
4920.5	3
4921.5	2
4922.5	1
4923.5	4
4924.5	0
4925.5	3
4926.5	0
4927.5	2
4928.5	0
4929.5	2
4930.5	2
4931.5	1
4932.5	0
4933.5	2
4934.5	1
4935.5	4
4936.5	3
4937.5	3
4938.5	0
4939.5	4
4940.5	3
4941.5	2
4942.5	3
4943.5	2
4944.5	0
4945.5	2
4946.5	0
4947.5	2
4948.5	2
4949.5	2
4950.5	0
4951.5	0
4952.5	3
4953.5	1
4954.5	3
4955.5	5
4956.5	3
4957.5	1
4958.5	1
4959.5	0
4960.5	0
4961.5	2
4962.5	4
4963.5	2
4964.5	3
4965.5	0
4966.5	1
4967.5	0
4968.5	0
4969.5	2
4970.5	2
4971.5	0
4972.5	1
4973.5	0
4974.5	2
4975.5	2
4976.5	2
4977.5	0
4978.5	2
4979.5	2
4980.5	4
4981.5	3
4982.5	2
4983.5	1
4984.5	2
4985.5	3
4986.5	1
4987.5	6
4988.5	3
4989.5	4
4990.5	2
4991.5	0
4992.5	0
4993.5	0
4994.5	1
4995.5	2
4996.5	6
4997.5	3
4998.5	2
4999.5	1
5000.5	5
5001.5	2
5002.5	1
5003.5	2
5004.5	3
5005.5	2
5006.5	2
5007.5	2
5008.5	0
5009.5	4
5010.5	1
5011.5	0
5012.5	1
5013.5	1
5014.5	1
5015.5	4
5016.5	0
5017.5	5
5018.5	3
5019.5	5
5020.5	0
5021.5	2
5022.5	3
5023.5	2
5024.5	1
5025.5	0
5026.5	2
5027.5	1
5028.5	2
5029.5	2
5030.5	1
5031.5	3
5032.5	3
5033.5	2
5034.5	1
5035.5	3
5036.5	4
5037.5	3
5038.5	1
5039.5	1
5040.5	0
5041.5	3
5042.5	4
5043.5	2
5044.5	2
5045.5	5
5046.5	1
5047.5	2
5048.5	4
5049.5	4
5050.5	2
5051.5	2
5052.5	0
5053.5	2
5054.5	0
5055.5	4
5056.5	1
5057.5	3
5058.5	1
5059.5	1
5060.5	3
5061.5	3
5062.5	2
5063.5	6
5064.5	1
5065.5	3
5066.5	2
5067.5	3
5068.5	4
5069.5	1
5070.5	0
5071.5	2
5072.5	4
5073.5	1
5074.5	2
5075.5	1
5076.5	2
5077.5	1
5078.5	2
5079.5	0
5080.5	0
5081.5	2
5082.5	2
5083.5	1
5084.5	1
5085.5	2
5086.5	1
5087.5	1
5088.5	2
5089.5	1
5090.5	1
5091.5	3
5092.5	3
5093.5	1
5094.5	1
5095.5	0
5096.5	1
5097.5	2
5098.5	1
5099.5	3
5100.5	0
5101.5	2
5102.5	0
5103.5	2
5104.5	3
5105.5	3
5106.5	0
5107.5	1
5108.5	1
5109.5	2
5110.5	1
5111.5	1
5112.5	1
5113.5	3
5114.5	3
5115.5	3
5116.5	4
5117.5	1
5118.5	2
5119.5	2
5120.5	2
5121.5	1
5122.5	1
5123.5	1
5124.5	0
5125.5	1
5126.5	2
5127.5	1
5128.5	0
5129.5	1
5130.5	1
5131.5	2
5132.5	0
5133.5	2
5134.5	4
5135.5	1
5136.5	4
5137.5	2
5138.5	1
5139.5	2
5140.5	2
5141.5	2
5142.5	0
5143.5	3
5144.5	1
5145.5	4
5146.5	2
5147.5	1
5148.5	2
5149.5	2
5150.5	0
5151.5	0
5152.5	1
5153.5	1
5154.5	1
5155.5	0
5156.5	0
5157.5	0
5158.5	3
5159.5	1
5160.5	3
5161.5	3
5162.5	2
5163.5	1
5164.5	2
5165.5	0
5166.5	1
5167.5	1
5168.5	4
5169.5	2
5170.5	2
5171.5	5
5172.5	3
5173.5	2
5174.5	1
5175.5	0
5176.5	1
5177.5	3
5178.5	2
5179.5	1
5180.5	4
5181.5	3
5182.5	0
5183.5	1
5184.5	2
5185.5	3
5186.5	2
5187.5	0
5188.5	1
5189.5	3
5190.5	2
5191.5	3
5192.5	1
5193.5	3
5194.5	1
5195.5	3
5196.5	6
5197.5	2
5198.5	1
5199.5	0
5200.5	4
5201.5	6
5202.5	2
5203.5	5
5204.5	0
5205.5	4
5206.5	3
5207.5	5
5208.5	3
5209.5	4
5210.5	3
5211.5	3
5212.5	1
5213.5	3
5214.5	5
5215.5	4
5216.5	1
5217.5	0
5218.5	2
5219.5	0
5220.5	0
5221.5	2
5222.5	1
5223.5	2
5224.5	2
5225.5	0
5226.5	1
5227.5	2
5228.5	2
5229.5	1
5230.5	2
5231.5	3
5232.5	2
5233.5	1
5234.5	3
5235.5	3
5236.5	0
5237.5	2
5238.5	4
5239.5	1
5240.5	2
5241.5	0
5242.5	1
5243.5	1
5244.5	2
5245.5	2
5246.5	1
5247.5	3
5248.5	2
5249.5	3
5250.5	1
5251.5	1
5252.5	2
5253.5	0
5254.5	2
5255.5	2
5256.5	1
5257.5	3
5258.5	3
5259.5	0
5260.5	2
5261.5	3
5262.5	0
5263.5	2
5264.5	3
5265.5	3
5266.5	1
5267.5	1
5268.5	1
5269.5	2
5270.5	3
5271.5	2
5272.5	3
5273.5	1
5274.5	2
5275.5	5
5276.5	1
5277.5	1
5278.5	3
5279.5	3
5280.5	0
5281.5	1
5282.5	4
5283.5	1
5284.5	1
5285.5	1
5286.5	2
5287.5	2
5288.5	4
5289.5	4
5290.5	7
5291.5	1
5292.5	2
5293.5	3
5294.5	0
5295.5	0
5296.5	1
5297.5	0
5298.5	1
5299.5	0
5300.5	2
5301.5	2
5302.5	3
5303.5	1
5304.5	1
5305.5	3
5306.5	2
5307.5	2
5308.5	2
5309.5	1
5310.5	0
5311.5	1
5312.5	0
5313.5	4
5314.5	4
5315.5	2
5316.5	5
5317.5	2
5318.5	4
5319.5	2
5320.5	1
5321.5	1
5322.5	2
5323.5	3
5324.5	5
5325.5	2
5326.5	3
5327.5	3
5328.5	1
5329.5	4
5330.5	1
5331.5	1
5332.5	2
5333.5	6
5334.5	4
5335.5	4
5336.5	4
5337.5	1
5338.5	1
5339.5	1
5340.5	5
5341.5	1
5342.5	1
5343.5	3
5344.5	0
5345.5	2
5346.5	1
5347.5	3
5348.5	3
5349.5	5
5350.5	0
5351.5	2
5352.5	4
5353.5	2
5354.5	6
5355.5	5
5356.5	5
5357.5	0
5358.5	3
5359.5	1
5360.5	4
5361.5	1
5362.5	2
5363.5	1
5364.5	2
5365.5	1
5366.5	3
5367.5	5
5368.5	4
5369.5	4
5370.5	2
5371.5	3
5372.5	2
5373.5	4
5374.5	4
5375.5	6
5376.5	3
5377.5	0
5378.5	1
5379.5	1
5380.5	2
5381.5	2
5382.5	1
5383.5	4
5384.5	2
5385.5	0
5386.5	3
5387.5	3
5388.5	4
5389.5	3
5390.5	1
5391.5	1
5392.5	0
5393.5	2
5394.5	1
5395.5	1
5396.5	2
5397.5	1
5398.5	1
5399.5	3
5400.5	2
5401.5	3
5402.5	0
5403.5	1
5404.5	4
5405.5	2
5406.5	2
5407.5	3
5408.5	0
5409.5	1
5410.5	3
5411.5	1
5412.5	2
5413.5	3
5414.5	1
5415.5	0
5416.5	1
5417.5	1
5418.5	1
5419.5	2
5420.5	5
5421.5	0
5422.5	3
5423.5	2
5424.5	4
5425.5	1
5426.5	3
5427.5	3
5428.5	3
5429.5	3
5430.5	2
5431.5	0
5432.5	2
5433.5	0
5434.5	2
5435.5	1
5436.5	1
5437.5	3
5438.5	2
5439.5	2
5440.5	1
5441.5	0
5442.5	3
5443.5	1
5444.5	3
5445.5	5
5446.5	3
5447.5	1
5448.5	3
5449.5	1
5450.5	2
5451.5	2
5452.5	2
5453.5	1
5454.5	0
5455.5	1
5456.5	3
5457.5	5
5458.5	2
5459.5	0
5460.5	3
5461.5	0
5462.5	3
5463.5	1
5464.5	0
5465.5	4
5466.5	0
5467.5	2
5468.5	3
5469.5	2
5470.5	0
5471.5	4
5472.5	3
5473.5	1
5474.5	2
5475.5	1
5476.5	4
5477.5	2
5478.5	1
5479.5	4
5480.5	0
5481.5	2
5482.5	2
5483.5	4
5484.5	4
5485.5	0
5486.5	3
5487.5	4
5488.5	1
5489.5	0
5490.5	3
5491.5	5
5492.5	2
5493.5	1
5494.5	1
5495.5	1
5496.5	3
5497.5	2
5498.5	1
5499.5	2
5500.5	1
5501.5	3
5502.5	2
5503.5	1
5504.5	0
5505.5	2
5506.5	3
5507.5	6
5508.5	1
5509.5	1
5510.5	2
5511.5	3
5512.5	4
5513.5	0
5514.5	1
5515.5	1
5516.5	2
5517.5	3
5518.5	2
5519.5	1
5520.5	2
5521.5	0
5522.5	1
5523.5	1
5524.5	1
5525.5	2
5526.5	2
5527.5	2
5528.5	3
5529.5	0
5530.5	3
5531.5	3
5532.5	3
5533.5	1
5534.5	2
5535.5	0
5536.5	4
5537.5	5
5538.5	0
5539.5	1
5540.5	2
5541.5	1
5542.5	4
5543.5	2
5544.5	1
5545.5	5
5546.5	1
5547.5	2
5548.5	2
5549.5	0
5550.5	4
5551.5	1
5552.5	2
5553.5	2
5554.5	1
5555.5	1
5556.5	1
5557.5	1
5558.5	1
5559.5	2
5560.5	0
5561.5	0
5562.5	0
5563.5	1
5564.5	1
5565.5	3
5566.5	2
5567.5	0
5568.5	4
5569.5	1
5570.5	2
5571.5	1
5572.5	0
5573.5	0
5574.5	4
5575.5	2
5576.5	4
5577.5	0
5578.5	4
5579.5	0
5580.5	5
5581.5	2
5582.5	4
5583.5	0
5584.5	0
5585.5	1
5586.5	1
5587.5	4
5588.5	4
5589.5	1
5590.5	2
5591.5	2
5592.5	3
5593.5	1
5594.5	1
5595.5	1
5596.5	2
5597.5	0
5598.5	0
5599.5	1
5600.5	3
5601.5	2
5602.5	2
5603.5	2
5604.5	2
5605.5	2
5606.5	1
5607.5	3
5608.5	0
5609.5	3
5610.5	1
5611.5	1
5612.5	4
5613.5	3
5614.5	3
5615.5	2
5616.5	0
5617.5	1
5618.5	2
5619.5	3
5620.5	0
5621.5	3
5622.5	4
5623.5	0
5624.5	2
5625.5	1
5626.5	0
5627.5	0
5628.5	0
5629.5	1
5630.5	3
5631.5	2
5632.5	0
5633.5	3
5634.5	6
5635.5	1
5636.5	4
5637.5	3
5638.5	3
5639.5	1
5640.5	4
5641.5	0
5642.5	2
5643.5	2
5644.5	1
5645.5	2
5646.5	0
5647.5	4
5648.5	4
5649.5	2
5650.5	1
5651.5	0
5652.5	1
5653.5	4
5654.5	2
5655.5	3
5656.5	1
5657.5	0
5658.5	2
5659.5	3
5660.5	2
5661.5	1
5662.5	2
5663.5	2
5664.5	3
5665.5	2
5666.5	2
5667.5	2
5668.5	2
5669.5	1
5670.5	2
5671.5	1
5672.5	2
5673.5	2
5674.5	8
5675.5	1
5676.5	2
5677.5	1
5678.5	2
5679.5	0
5680.5	2
5681.5	1
5682.5	2
5683.5	2
5684.5	2
5685.5	3
5686.5	4
5687.5	4
5688.5	2
5689.5	1
5690.5	1
5691.5	2
5692.5	2
5693.5	2
5694.5	1
5695.5	3
5696.5	2
5697.5	1
5698.5	3
5699.5	1
5700.5	1
5701.5	3
5702.5	4
5703.5	0
5704.5	3
5705.5	1
5706.5	1
5707.5	1
5708.5	1
5709.5	0
5710.5	2
5711.5	1
5712.5	2
5713.5	0
5714.5	0
5715.5	2
5716.5	0
5717.5	2
5718.5	0
5719.5	3
5720.5	2
5721.5	1
5722.5	3
5723.5	1
5724.5	1
5725.5	0
5726.5	0
5727.5	1
5728.5	1
5729.5	1
5730.5	1
5731.5	2
5732.5	1
5733.5	0
5734.5	2
5735.5	3
5736.5	3
5737.5	0
5738.5	2
5739.5	2
5740.5	0
5741.5	0
5742.5	2
5743.5	2
5744.5	1
5745.5	2
5746.5	0
5747.5	1
5748.5	0
5749.5	0
5750.5	0
5751.5	0
5752.5	2
5753.5	3
5754.5	0
5755.5	0
5756.5	0
5757.5	1
5758.5	1
5759.5	0
5760.5	1
5761.5	3
5762.5	2
5763.5	0
5764.5	0
5765.5	0
5766.5	5
5767.5	1
5768.5	2
5769.5	0
5770.5	0
5771.5	3
5772.5	1
5773.5	1
5774.5	3
5775.5	1
5776.5	0
5777.5	1
5778.5	5
5779.5	0
5780.5	3
5781.5	2
5782.5	2
5783.5	1
5784.5	1
5785.5	1
5786.5	3
5787.5	1
5788.5	1
5789.5	1
5790.5	2
5791.5	1
5792.5	1
5793.5	1
5794.5	2
5795.5	1
5796.5	1
5797.5	2
5798.5	2
5799.5	0
5800.5	1
5801.5	0
5802.5	0
5803.5	1
5804.5	1
5805.5	1
5806.5	3
5807.5	1
5808.5	1
5809.5	0
5810.5	2
5811.5	0
5812.5	3
5813.5	0
5814.5	0
5815.5	1
5816.5	0
5817.5	1
5818.5	2
5819.5	1
5820.5	1
5821.5	2
5822.5	1
5823.5	1
5824.5	3
5825.5	3
5826.5	2
5827.5	1
5828.5	3
5829.5	1
5830.5	3
5831.5	1
5832.5	0
5833.5	0
5834.5	0
5835.5	0
5836.5	1
5837.5	1
5838.5	1
5839.5	1
5840.5	4
5841.5	2
5842.5	3
5843.5	1
5844.5	1
5845.5	2
5846.5	0
5847.5	1
5848.5	1
5849.5	2
5850.5	1
5851.5	3
5852.5	0
5853.5	1
5854.5	1
5855.5	0
5856.5	2
5857.5	2
5858.5	0
5859.5	1
5860.5	0
5861.5	2
5862.5	1
5863.5	2
5864.5	2
5865.5	1
5866.5	0
5867.5	1
5868.5	1
5869.5	1
5870.5	0
5871.5	2
5872.5	0
5873.5	2
5874.5	2
5875.5	0
5876.5	0
5877.5	1
5878.5	3
5879.5	0
5880.5	2
5881.5	0
5882.5	1
5883.5	0
5884.5	1
5885.5	3
5886.5	1
5887.5	1
5888.5	1
5889.5	2
5890.5	0
5891.5	2
5892.5	1
5893.5	3
5894.5	0
5895.5	1
5896.5	2
5897.5	0
5898.5	0
5899.5	0
5900.5	1
5901.5	1
5902.5	1
5903.5	3
5904.5	0
5905.5	0
5906.5	1
5907.5	1
5908.5	1
5909.5	0
5910.5	0
5911.5	3
5912.5	3
5913.5	3
5914.5	1
5915.5	0
5916.5	1
5917.5	1
5918.5	1
5919.5	2
5920.5	0
5921.5	0
5922.5	0
5923.5	2
5924.5	1
5925.5	1
5926.5	1
5927.5	2
5928.5	2
5929.5	1
5930.5	0
5931.5	1
5932.5	4
5933.5	0
5934.5	1
5935.5	2
5936.5	0
5937.5	0
5938.5	0
5939.5	0
5940.5	0
5941.5	0
5942.5	1
5943.5	0
5944.5	1
5945.5	0
5946.5	1
5947.5	2
5948.5	0
5949.5	1
5950.5	3
5951.5	3
5952.5	3
5953.5	0
5954.5	1
5955.5	1
5956.5	1
5957.5	1
5958.5	1
5959.5	2
5960.5	1
5961.5	0
5962.5	1
5963.5	1
5964.5	1
5965.5	0
5966.5	1
5967.5	0
5968.5	2
5969.5	3
5970.5	2
5971.5	1
5972.5	1
5973.5	1
5974.5	0
5975.5	0
5976.5	2
5977.5	2
5978.5	1
5979.5	1
5980.5	0
5981.5	0
5982.5	0
5983.5	0
5984.5	2
5985.5	1
5986.5	0
5987.5	2
5988.5	2
5989.5	0
5990.5	0
5991.5	0
5992.5	0
5993.5	0
5994.5	1
5995.5	0
5996.5	1
5997.5	0
5998.5	0
5999.5	1
6000.5	2
6001.5	2
6002.5	2
6003.5	1
6004.5	1
6005.5	1
6006.5	1
6007.5	0
6008.5	1
6009.5	1
6010.5	0
6011.5	0
6012.5	0
6013.5	0
6014.5	0
6015.5	0
6016.5	1
6017.5	0
6018.5	1
6019.5	0
6020.5	0
6021.5	0
6022.5	0
6023.5	0
6024.5	0
6025.5	1
6026.5	0
6027.5	1
6028.5	1
6029.5	0
6030.5	2
6031.5	1
6032.5	1
6033.5	1
6034.5	1
6035.5	0
6036.5	2
6037.5	1
6038.5	0
6039.5	3
6040.5	0
6041.5	0
6042.5	1
6043.5	0
6044.5	0
6045.5	2
6046.5	0
6047.5	1
6048.5	1
6049.5	0
6050.5	1
6051.5	1
6052.5	1
6053.5	0
6054.5	0
6055.5	1
6056.5	2
6057.5	0
6058.5	1
6059.5	0
6060.5	0
6061.5	1
6062.5	0
6063.5	2
6064.5	0
6065.5	0
6066.5	0
6067.5	0
6068.5	2
6069.5	0
6070.5	1
6071.5	0
6072.5	0
6073.5	2
6074.5	3
6075.5	1
6076.5	1
6077.5	2
6078.5	0
6079.5	0
6080.5	0
6081.5	1
6082.5	1
6083.5	0
6084.5	1
6085.5	0
6086.5	1
6087.5	0
6088.5	1
6089.5	0
6090.5	0
6091.5	1
6092.5	1
6093.5	0
6094.5	2
6095.5	1
6096.5	1
6097.5	0
6098.5	1
6099.5	0
6100.5	1
6101.5	0
6102.5	0
6103.5	0
6104.5	0
6105.5	2
6106.5	1
6107.5	3
6108.5	1
6109.5	1
6110.5	1
6111.5	0
6112.5	1
6113.5	1
6114.5	2
6115.5	0
6116.5	0
6117.5	0
6118.5	0
6119.5	2
6120.5	0
6121.5	1
6122.5	1
6123.5	0
6124.5	1
6125.5	1
6126.5	2
6127.5	0
6128.5	0
6129.5	1
6130.5	2
6131.5	0
6132.5	0
6133.5	1
6134.5	1
6135.5	1
6136.5	1
6137.5	1
6138.5	0
6139.5	0
6140.5	0
6141.5	1
6142.5	1
6143.5	0
6144.5	0
6145.5	0
6146.5	0
6147.5	1
6148.5	1
6149.5	1
6150.5	0
6151.5	1
6152.5	2
6153.5	0
6154.5	0
6155.5	0
6156.5	1
6157.5	1
6158.5	1
6159.5	0
6160.5	1
6161.5	0
6162.5	1
6163.5	2
6164.5	0
6165.5	1
6166.5	0
6167.5	0
6168.5	2
6169.5	0
6170.5	1
6171.5	1
6172.5	0
6173.5	1
6174.5	1
6175.5	0
6176.5	0
6177.5	2
6178.5	0
6179.5	1
6180.5	1
6181.5	0
6182.5	0
6183.5	0
6184.5	0
6185.5	0
6186.5	0
6187.5	0
6188.5	0
6189.5	1
6190.5	2
6191.5	0
6192.5	0
6193.5	1
6194.5	1
6195.5	1
6196.5	0
6197.5	2
6198.5	1
6199.5	0
6200.5	1
6201.5	1
6202.5	1
6203.5	0
6204.5	1
6205.5	2
6206.5	1
6207.5	3
6208.5	2
6209.5	0
6210.5	0
6211.5	0
6212.5	0
6213.5	0
6214.5	0
6215.5	0
6216.5	0
6217.5	0
6218.5	0
6219.5	1
6220.5	0
6221.5	0
6222.5	0
6223.5	0
6224.5	0
6225.5	0
6226.5	3
6227.5	0
6228.5	1
6229.5	1
6230.5	1
6231.5	0
6232.5	1
6233.5	0
6234.5	0
6235.5	0
6236.5	0
6237.5	0
6238.5	1
6239.5	0
6240.5	1
6241.5	0
6242.5	0
6243.5	1
6244.5	0
6245.5	1
6246.5	0
6247.5	1
6248.5	0
6249.5	0
6250.5	0
6251.5	0
6252.5	1
6253.5	1
6254.5	2
6255.5	0
6256.5	0
6257.5	1
6258.5	0
6259.5	1
6260.5	0
6261.5	1
6262.5	0
6263.5	3
6264.5	0
6265.5	0
6266.5	1
6267.5	1
6268.5	0
6269.5	0
6270.5	1
6271.5	0
6272.5	0
6273.5	0
6274.5	1
6275.5	0
6276.5	0
6277.5	0
6278.5	1
6279.5	0
6280.5	0
6281.5	2
6282.5	1
6283.5	0
6284.5	0
6285.5	1
6286.5	0
6287.5	0
6288.5	0
6289.5	2
6290.5	0
6291.5	0
6292.5	1
6293.5	1
6294.5	0
6295.5	2
6296.5	0
6297.5	0
6298.5	0
6299.5	2
6300.5	0
6301.5	0
6302.5	0
6303.5	0
6304.5	1
6305.5	0
6306.5	0
6307.5	0
6308.5	1
6309.5	0
6310.5	0
6311.5	1
6312.5	0
6313.5	0
6314.5	0
6315.5	0
6316.5	0
6317.5	0
6318.5	1
6319.5	0
6320.5	0
6321.5	1
6322.5	2
6323.5	1
6324.5	1
6325.5	0
6326.5	0
6327.5	0
6328.5	1
6329.5	0
6330.5	0
6331.5	0
6332.5	0
6333.5	0
6334.5	0
6335.5	0
6336.5	1
6337.5	0
6338.5	0
6339.5	0
6340.5	1
6341.5	1
6342.5	0
6343.5	0
6344.5	2
6345.5	0
6346.5	0
6347.5	0
6348.5	0
6349.5	0
6350.5	3
6351.5	0
6352.5	0
6353.5	0
6354.5	0
6355.5	2
6356.5	0
6357.5	0
6358.5	0
6359.5	1
6360.5	0
6361.5	1
6362.5	1
6363.5	2
6364.5	1
6365.5	1
6366.5	1
6367.5	0
6368.5	0
6369.5	1
6370.5	0
6371.5	0
6372.5	0
6373.5	0
6374.5	1
6375.5	1
6376.5	1
6377.5	0
6378.5	0
6379.5	1
6380.5	0
6381.5	0
6382.5	0
6383.5	0
6384.5	0
6385.5	1
6386.5	0
6387.5	0
6388.5	0
6389.5	2
6390.5	0
6391.5	1
6392.5	0
6393.5	0
6394.5	0
6395.5	1
6396.5	0
6397.5	2
6398.5	0
6399.5	0
6400.5	0
6401.5	0
6402.5	0
6403.5	1
6404.5	0
6405.5	0
6406.5	0
6407.5	0
6408.5	1
6409.5	0
6410.5	0
6411.5	0
6412.5	0
6413.5	1
6414.5	0
6415.5	0
6416.5	0
6417.5	0
6418.5	0
6419.5	0
6420.5	0
6421.5	1
6422.5	0
6423.5	0
6424.5	2
6425.5	0
6426.5	0
6427.5	0
6428.5	0
6429.5	1
6430.5	1
6431.5	1
6432.5	1
6433.5	0
6434.5	0
6435.5	0
6436.5	0
6437.5	0
6438.5	0
6439.5	0
6440.5	0
6441.5	1
6442.5	0
6443.5	0
6444.5	0
6445.5	0
6446.5	0
6447.5	0
6448.5	1
6449.5	0
6450.5	1
6451.5	0
6452.5	1
6453.5	0
6454.5	0
6455.5	1
6456.5	0
6457.5	1
6458.5	0
6459.5	0
6460.5	0
6461.5	0
6462.5	0
6463.5	1
6464.5	2
6465.5	1
6466.5	0
6467.5	0
6468.5	0
6469.5	0
6470.5	0
6471.5	0
6472.5	1
6473.5	2
6474.5	2
6475.5	0
6476.5	0
6477.5	0
6478.5	0
6479.5	1
6480.5	2
6481.5	0
6482.5	0
6483.5	1
6484.5	0
6485.5	0
6486.5	0
6487.5	1
6488.5	0
6489.5	0
6490.5	0
6491.5	0
6492.5	0
6493.5	0
6494.5	0
6495.5	0
6496.5	0
6497.5	0
6498.5	0
6499.5	1
6500.5	0
6501.5	0
6502.5	0
6503.5	0
6504.5	0
6505.5	0
6506.5	0
6507.5	1
6508.5	0
6509.5	0
6510.5	0
6511.5	0
6512.5	1
6513.5	0
6514.5	2
6515.5	0
6516.5	1
6517.5	0
6518.5	0
6519.5	0
6520.5	0
6521.5	1
6522.5	1
6523.5	1
6524.5	2
6525.5	1
6526.5	0
6527.5	2
6528.5	0
6529.5	0
6530.5	0
6531.5	0
6532.5	0
6533.5	0
6534.5	1
6535.5	0
6536.5	0
6537.5	0
6538.5	0
6539.5	1
6540.5	1
6541.5	0
6542.5	0
6543.5	0
6544.5	0
6545.5	1
6546.5	0
6547.5	1
6548.5	0
6549.5	1
6550.5	1
6551.5	2
6552.5	0
6553.5	0
6554.5	0
6555.5	1
6556.5	0
6557.5	0
6558.5	0
6559.5	0
6560.5	1
6561.5	0
6562.5	0
6563.5	1
6564.5	0
6565.5	1
6566.5	2
6567.5	0
6568.5	0
6569.5	0
6570.5	1
6571.5	0
6572.5	0
6573.5	0
6574.5	1
6575.5	0
6576.5	0
6577.5	0
6578.5	0
6579.5	0
6580.5	0
6581.5	0
6582.5	1
6583.5	0
6584.5	0
6585.5	0
6586.5	0
6587.5	0
6588.5	0
6589.5	1
6590.5	0
6591.5	1
6592.5	1
6593.5	0
6594.5	0
6595.5	0
6596.5	0
6597.5	0
6598.5	0
6599.5	1
6600.5	0
6601.5	0
6602.5	1
6603.5	0
6604.5	0
6605.5	0
6606.5	0
6607.5	1
6608.5	0
6609.5	0
6610.5	1
6611.5	3
6612.5	0
6613.5	0
6614.5	0
6615.5	0
6616.5	1
6617.5	0
6618.5	1
6619.5	0
6620.5	0
6621.5	0
6622.5	1
6623.5	0
6624.5	0
6625.5	0
6626.5	0
6627.5	0
6628.5	0
6629.5	1
6630.5	0
6631.5	0
6632.5	0
6633.5	0
6634.5	0
6635.5	0
6636.5	0
6637.5	0
6638.5	0
6639.5	0
6640.5	2
6641.5	0
6642.5	0
6643.5	1
6644.5	0
6645.5	1
6646.5	0
6647.5	0
6648.5	0
6649.5	0
6650.5	0
6651.5	0
6652.5	1
6653.5	0
6654.5	0
6655.5	0
6656.5	2
6657.5	0
6658.5	0
6659.5	0
6660.5	0
6661.5	0
6662.5	0
6663.5	0
6664.5	0
6665.5	0
6666.5	1
6667.5	0
6668.5	0
6669.5	0
6670.5	0
6671.5	1
6672.5	0
6673.5	0
6674.5	0
6675.5	0
6676.5	2
6677.5	0
6678.5	0
6679.5	0
6680.5	0
6681.5	0
6682.5	0
6683.5	0
6684.5	1
6685.5	0
6686.5	0
6687.5	2
6688.5	0
6689.5	0
6690.5	1
6691.5	0
6692.5	0
6693.5	1
6694.5	0
6695.5	0
6696.5	1
6697.5	1
6698.5	0
6699.5	2
6700.5	0
6701.5	1
6702.5	0
6703.5	0
6704.5	0
6705.5	0
6706.5	1
6707.5	0
6708.5	0
6709.5	0
6710.5	0
6711.5	0
6712.5	0
6713.5	0
6714.5	0
6715.5	0
6716.5	0
6717.5	0
6718.5	0
6719.5	0
6720.5	0
6721.5	0
6722.5	1
6723.5	0
6724.5	0
6725.5	0
6726.5	0
6727.5	0
6728.5	0
6729.5	0
6730.5	0
6731.5	0
6732.5	2
6733.5	0
6734.5	0
6735.5	0
6736.5	0
6737.5	0
6738.5	0
6739.5	0
6740.5	0
6741.5	0
6742.5	0
6743.5	0
6744.5	0
6745.5	0
6746.5	0
6747.5	0
6748.5	0
6749.5	0
6750.5	0
6751.5	0
6752.5	0
6753.5	0
6754.5	0
6755.5	0
6756.5	0
6757.5	0
6758.5	0
6759.5	0
6760.5	0
6761.5	0
6762.5	0
6763.5	0
6764.5	0
6765.5	1
6766.5	0
6767.5	0
6768.5	0
6769.5	0
6770.5	0
6771.5	0
6772.5	0
6773.5	0
6774.5	0
6775.5	0
6776.5	0
6777.5	0
6778.5	0
6779.5	1
6780.5	0
6781.5	0
6782.5	1
6783.5	0
6784.5	0
6785.5	0
6786.5	0
6787.5	0
6788.5	0
6789.5	0
6790.5	0
6791.5	0
6792.5	0
6793.5	0
6794.5	0
6795.5	0
6796.5	0
6797.5	0
6798.5	0
6799.5	0
6800.5	0
6801.5	0
6802.5	0
6803.5	0
6804.5	0
6805.5	0
6806.5	0
6807.5	0
6808.5	0
6809.5	0
6810.5	0
6811.5	0
6812.5	0
6813.5	0
6814.5	0
6815.5	0
6816.5	0
6817.5	0
6818.5	0
6819.5	0
6820.5	0
6821.5	0
6822.5	0
6823.5	0
6824.5	0
6825.5	0
6826.5	0
6827.5	0
6828.5	0
6829.5	0
6830.5	0
6831.5	0
6832.5	0
6833.5	0
6834.5	0
6835.5	0
6836.5	0
6837.5	0
6838.5	0
6839.5	0
6840.5	0
6841.5	0
6842.5	0
6843.5	0
6844.5	0
6845.5	0
6846.5	0
6847.5	0
6848.5	0
6849.5	0
6850.5	0
6851.5	0
6852.5	0
6853.5	0
6854.5	0
6855.5	0
6856.5	0
6857.5	0
6858.5	0
6859.5	0
6860.5	0
6861.5	0
6862.5	0
6863.5	0
6864.5	0
6865.5	0
6866.5	0
6867.5	0
6868.5	0
6869.5	0
6870.5	0
6871.5	0
6872.5	0
6873.5	0
6874.5	0
6875.5	0
6876.5	0
6877.5	0
6878.5	0
6879.5	0
6880.5	0
6881.5	0
6882.5	0
6883.5	0
6884.5	0
6885.5	0
6886.5	0
6887.5	0
6888.5	0
6889.5	0
6890.5	0
6891.5	0
6892.5	0
6893.5	0
6894.5	0
6895.5	0
6896.5	0
6897.5	0
6898.5	0
6899.5	0
6900.5	0
6901.5	0
6902.5	0
6903.5	0
6904.5	0
6905.5	0
6906.5	0
6907.5	0
6908.5	0
6909.5	0
6910.5	0
6911.5	0
6912.5	0
6913.5	0
6914.5	0
6915.5	0
6916.5	0
6917.5	0
6918.5	0
6919.5	0
6920.5	0
6921.5	0
6922.5	0
6923.5	0
6924.5	0
6925.5	0
6926.5	0
6927.5	0
6928.5	0
6929.5	0
6930.5	0
6931.5	0
6932.5	0
6933.5	0
6934.5	0
6935.5	0
6936.5	0
6937.5	0
6938.5	0
6939.5	0
6940.5	0
6941.5	0
6942.5	0
6943.5	0
6944.5	0
6945.5	0
6946.5	0
6947.5	0
6948.5	0
6949.5	0
6950.5	0
6951.5	0
6952.5	0
6953.5	0
6954.5	0
6955.5	0
6956.5	0
6957.5	0
6958.5	0
6959.5	0
6960.5	0
6961.5	0
6962.5	0
6963.5	0
6964.5	0
6965.5	0
6966.5	0
6967.5	0
6968.5	0
6969.5	0
6970.5	0
6971.5	0
6972.5	0
6973.5	0
6974.5	0
6975.5	0
6976.5	0
6977.5	0
6978.5	0
6979.5	0
6980.5	0
6981.5	0
6982.5	0
6983.5	0
6984.5	0
6985.5	0
6986.5	0
6987.5	0
6988.5	0
6989.5	0
6990.5	0
6991.5	0
6992.5	0
6993.5	0
6994.5	0
6995.5	0
6996.5	0
6997.5	0
6998.5	0
6999.5	0
7000.5	0
7001.5	0
7002.5	0
7003.5	0
7004.5	0
7005.5	0
7006.5	0
7007.5	0
7008.5	0
7009.5	0
7010.5	0
7011.5	0
7012.5	0
7013.5	0
7014.5	0
7015.5	0
7016.5	0
7017.5	0
7018.5	0
7019.5	0
7020.5	0
7021.5	0
7022.5	0
7023.5	0
7024.5	0
7025.5	0
7026.5	0
7027.5	0
7028.5	0
7029.5	0
7030.5	0
7031.5	0
7032.5	0
7033.5	0
7034.5	0
7035.5	0
7036.5	0
7037.5	0
7038.5	0
7039.5	0
7040.5	0
7041.5	0
7042.5	0
7043.5	0
7044.5	0
7045.5	0
7046.5	0
7047.5	0
7048.5	0
7049.5	0
7050.5	0
7051.5	0
7052.5	0
7053.5	0
7054.5	0
7055.5	0
7056.5	0
7057.5	0
7058.5	0
7059.5	0
7060.5	0
7061.5	0
7062.5	0
7063.5	0
7064.5	0
7065.5	0
7066.5	0
7067.5	0
7068.5	0
7069.5	0
7070.5	0
7071.5	0
7072.5	0
7073.5	0
7074.5	0
7075.5	0
7076.5	0
7077.5	0
7078.5	0
7079.5	0
7080.5	0
7081.5	0
7082.5	0
7083.5	0
7084.5	0
7085.5	0
7086.5	0
7087.5	0
7088.5	0
7089.5	0
7090.5	0
7091.5	0
7092.5	0
7093.5	0
7094.5	0
7095.5	0
7096.5	0
7097.5	0
7098.5	0
7099.5	0
7100.5	0
7101.5	0
7102.5	0
7103.5	0
7104.5	0
7105.5	0
7106.5	0
7107.5	0
7108.5	0
7109.5	0
7110.5	0
7111.5	0
7112.5	0
7113.5	0
7114.5	0
7115.5	0
7116.5	0
7117.5	0
7118.5	0
7119.5	0
7120.5	0
7121.5	0
7122.5	0
7123.5	0
7124.5	0
7125.5	0
7126.5	0
7127.5	0
7128.5	0
7129.5	0
7130.5	0
7131.5	0
7132.5	0
7133.5	0
7134.5	0
7135.5	0
7136.5	0
7137.5	0
7138.5	0
7139.5	0
7140.5	0
7141.5	0
7142.5	0
7143.5	0
7144.5	0
7145.5	0
7146.5	0
7147.5	0
7148.5	0
7149.5	0
7150.5	0
7151.5	0
7152.5	0
7153.5	0
7154.5	0
7155.5	0
7156.5	0
7157.5	0
7158.5	0
7159.5	0
7160.5	0
7161.5	0
7162.5	0
7163.5	0
7164.5	0
7165.5	0
7166.5	0
7167.5	0
7168.5	0
7169.5	0
7170.5	0
7171.5	0
7172.5	0
7173.5	0
7174.5	0
7175.5	0
7176.5	0
7177.5	0
7178.5	0
7179.5	0
7180.5	0
7181.5	0
7182.5	0
7183.5	0
7184.5	0
7185.5	0
7186.5	0
7187.5	0
7188.5	0
7189.5	0
7190.5	0
7191.5	0
7192.5	0
7193.5	0
7194.5	0
7195.5	0
7196.5	0
7197.5	0
7198.5	0
7199.5	0
7200.5	0
7201.5	0
7202.5	0
7203.5	0
7204.5	0
7205.5	0
7206.5	0
7207.5	0
7208.5	0
7209.5	0
7210.5	0
7211.5	0
7212.5	0
7213.5	0
7214.5	0
7215.5	0
7216.5	0
7217.5	0
7218.5	0
7219.5	0
7220.5	0
7221.5	0
7222.5	0
7223.5	0
7224.5	0
7225.5	0
7226.5	0
7227.5	0
7228.5	0
7229.5	0
7230.5	0
7231.5	0
7232.5	0
7233.5	0
7234.5	0
7235.5	0
7236.5	0
7237.5	0
7238.5	0
7239.5	0
7240.5	0
7241.5	0
7242.5	0
7243.5	0
7244.5	0
7245.5	0
7246.5	0
7247.5	0
7248.5	0
7249.5	0
7250.5	0
7251.5	0
7252.5	0
7253.5	0
7254.5	0
7255.5	0
7256.5	0
7257.5	0
7258.5	0
7259.5	0
7260.5	0
7261.5	0
7262.5	0
7263.5	0
7264.5	0
7265.5	0
7266.5	0
7267.5	0
7268.5	0
7269.5	0
7270.5	0
7271.5	0
7272.5	0
7273.5	0
7274.5	0
7275.5	0
7276.5	0
7277.5	0
7278.5	0
7279.5	0
7280.5	0
7281.5	0
7282.5	0
7283.5	0
7284.5	0
7285.5	0
7286.5	0
7287.5	0
7288.5	0
7289.5	0
7290.5	0
7291.5	0
7292.5	0
7293.5	0
7294.5	0
7295.5	0
7296.5	0
7297.5	0
7298.5	0
7299.5	0
7300.5	0
7301.5	0
7302.5	0
7303.5	0
7304.5	0
7305.5	0
7306.5	0
7307.5	0
7308.5	0
7309.5	0
7310.5	0
7311.5	0
7312.5	0
7313.5	0
7314.5	0
7315.5	0
7316.5	0
7317.5	0
7318.5	0
7319.5	0
7320.5	0
7321.5	0
7322.5	0
7323.5	0
7324.5	0
7325.5	0
7326.5	0
7327.5	0
7328.5	0
7329.5	0
7330.5	0
7331.5	0
7332.5	0
7333.5	0
7334.5	0
7335.5	0
7336.5	0
7337.5	0
7338.5	0
7339.5	0
7340.5	0
7341.5	0
7342.5	0
7343.5	0
7344.5	0
7345.5	0
7346.5	0
7347.5	0
7348.5	0
7349.5	0
7350.5	0
7351.5	0
7352.5	0
7353.5	0
7354.5	0
7355.5	0
7356.5	0
7357.5	0
7358.5	0
7359.5	0
7360.5	0
7361.5	0
7362.5	0
7363.5	0
7364.5	0
7365.5	0
7366.5	0
7367.5	0
7368.5	0
7369.5	0
7370.5	0
7371.5	0
7372.5	0
7373.5	0
7374.5	0
7375.5	0
7376.5	0
7377.5	0
7378.5	0
7379.5	0
7380.5	0
7381.5	0
7382.5	0
7383.5	0
7384.5	0
7385.5	0
7386.5	0
7387.5	0
7388.5	0
7389.5	0
7390.5	0
7391.5	0
7392.5	0
7393.5	0
7394.5	0
7395.5	0
7396.5	0
7397.5	0
7398.5	0
7399.5	0
7400.5	0
7401.5	0
7402.5	0
7403.5	0
7404.5	0
7405.5	0
7406.5	0
7407.5	0
7408.5	0
7409.5	0
7410.5	0
7411.5	0
7412.5	0
7413.5	0
7414.5	0
7415.5	0
7416.5	0
7417.5	0
7418.5	0
7419.5	0
7420.5	0
7421.5	0
7422.5	0
7423.5	0
7424.5	0
7425.5	0
7426.5	0
7427.5	0
7428.5	0
7429.5	0
7430.5	0
7431.5	0
7432.5	0
7433.5	0
7434.5	0
7435.5	0
7436.5	0
7437.5	0
7438.5	0
7439.5	0
7440.5	0
7441.5	0
7442.5	0
7443.5	0
7444.5	0
7445.5	0
7446.5	0
7447.5	0
7448.5	0
7449.5	0
7450.5	0
7451.5	0
7452.5	0
7453.5	0
7454.5	0
7455.5	0
7456.5	0
7457.5	0
7458.5	0
7459.5	0
7460.5	0
7461.5	0
7462.5	0
7463.5	0
7464.5	0
7465.5	0
7466.5	0
7467.5	0
7468.5	0
7469.5	0
7470.5	0
7471.5	0
7472.5	0
7473.5	0
7474.5	0
7475.5	0
7476.5	0
7477.5	0
7478.5	0
7479.5	0
7480.5	0
7481.5	0
7482.5	0
7483.5	0
7484.5	0
7485.5	0
7486.5	0
7487.5	0
7488.5	0
7489.5	0
7490.5	0
7491.5	0
7492.5	0
7493.5	0
7494.5	0
7495.5	0
7496.5	0
7497.5	0
7498.5	0
7499.5	0
7500.5	0
7501.5	0
7502.5	0
7503.5	0
7504.5	0
7505.5	0
7506.5	0
7507.5	0
7508.5	0
7509.5	0
7510.5	0
7511.5	0
7512.5	0
7513.5	0
7514.5	0
7515.5	0
7516.5	0
7517.5	0
7518.5	0
7519.5	0
7520.5	0
7521.5	0
7522.5	0
7523.5	0
7524.5	0
7525.5	0
7526.5	0
7527.5	0
7528.5	0
7529.5	0
7530.5	0
7531.5	0
7532.5	0
7533.5	0
7534.5	0
7535.5	0
7536.5	0
7537.5	0
7538.5	0
7539.5	0
7540.5	0
7541.5	0
7542.5	0
7543.5	0
7544.5	0
7545.5	0
7546.5	0
7547.5	0
7548.5	0
7549.5	0
7550.5	0
7551.5	0
7552.5	0
7553.5	0
7554.5	0
7555.5	0
7556.5	0
7557.5	0
7558.5	0
7559.5	0
7560.5	0
7561.5	0
7562.5	0
7563.5	0
7564.5	0
7565.5	0
7566.5	0
7567.5	0
7568.5	0
7569.5	0
7570.5	0
7571.5	0
7572.5	0
7573.5	0
7574.5	0
7575.5	0
7576.5	0
7577.5	0
7578.5	0
7579.5	0
7580.5	0
7581.5	0
7582.5	0
7583.5	0
7584.5	0
7585.5	0
7586.5	0
7587.5	0
7588.5	0
7589.5	0
7590.5	0
7591.5	0
7592.5	0
7593.5	0
7594.5	0
7595.5	0
7596.5	0
7597.5	0
7598.5	0
7599.5	0
7600.5	0
7601.5	0
7602.5	0
7603.5	0
7604.5	0
7605.5	0
7606.5	0
7607.5	0
7608.5	0
7609.5	0
7610.5	0
7611.5	0
7612.5	0
7613.5	0
7614.5	0
7615.5	0
7616.5	0
7617.5	0
7618.5	0
7619.5	0
7620.5	0
7621.5	0
7622.5	0
7623.5	0
7624.5	0
7625.5	0
7626.5	0
7627.5	0
7628.5	0
7629.5	0
7630.5	0
7631.5	0
7632.5	0
7633.5	0
7634.5	0
7635.5	0
7636.5	0
7637.5	0
7638.5	0
7639.5	0
7640.5	0
7641.5	0
7642.5	0
7643.5	0
7644.5	0
7645.5	0
7646.5	0
7647.5	0
7648.5	0
7649.5	0
7650.5	0
7651.5	0
7652.5	0
7653.5	0
7654.5	0
7655.5	0
7656.5	0
7657.5	0
7658.5	0
7659.5	0
7660.5	0
7661.5	0
7662.5	0
7663.5	0
7664.5	0
7665.5	0
7666.5	0
7667.5	0
7668.5	0
7669.5	0
7670.5	0
7671.5	0
7672.5	0
7673.5	0
7674.5	0
7675.5	0
7676.5	0
7677.5	0
7678.5	0
7679.5	0
7680.5	0
7681.5	0
7682.5	0
7683.5	0
7684.5	0
7685.5	0
7686.5	0
7687.5	0
7688.5	0
7689.5	0
7690.5	0
7691.5	0
7692.5	0
7693.5	0
7694.5	0
7695.5	0
7696.5	0
7697.5	0
7698.5	0
7699.5	0
7700.5	0
7701.5	0
7702.5	0
7703.5	0
7704.5	0
7705.5	0
7706.5	0
7707.5	0
7708.5	0
7709.5	0
7710.5	0
7711.5	0
7712.5	0
7713.5	0
7714.5	0
7715.5	0
7716.5	0
7717.5	0
7718.5	0
7719.5	0
7720.5	0
7721.5	0
7722.5	0
7723.5	0
7724.5	0
7725.5	0
7726.5	0
7727.5	0
7728.5	0
7729.5	0
7730.5	0
7731.5	0
7732.5	0
7733.5	0
7734.5	0
7735.5	0
7736.5	0
7737.5	0
7738.5	0
7739.5	0
7740.5	0
7741.5	0
7742.5	0
7743.5	0
7744.5	0
7745.5	0
7746.5	0
7747.5	0
7748.5	0
7749.5	0
7750.5	0
7751.5	0
7752.5	0
7753.5	0
7754.5	0
7755.5	0
7756.5	0
7757.5	0
7758.5	0
7759.5	0
7760.5	0
7761.5	0
7762.5	0
7763.5	0
7764.5	0
7765.5	0
7766.5	0
7767.5	0
7768.5	0
7769.5	0
7770.5	0
7771.5	0
7772.5	0
7773.5	0
7774.5	0
7775.5	0
7776.5	0
7777.5	0
7778.5	0
7779.5	0
7780.5	0
7781.5	0
7782.5	0
7783.5	0
7784.5	0
7785.5	0
7786.5	0
7787.5	0
7788.5	0
7789.5	0
7790.5	0
7791.5	0
7792.5	0
7793.5	0
7794.5	0
7795.5	0
7796.5	0
7797.5	0
7798.5	0
7799.5	0
7800.5	0
7801.5	0
7802.5	0
7803.5	0
7804.5	0
7805.5	0
7806.5	0
7807.5	0
7808.5	0
7809.5	0
7810.5	0
7811.5	0
7812.5	0
7813.5	0
7814.5	0
7815.5	0
7816.5	0
7817.5	0
7818.5	0
7819.5	0
7820.5	0
7821.5	0
7822.5	0
7823.5	0
7824.5	0
7825.5	0
7826.5	0
7827.5	0
7828.5	0
7829.5	0
7830.5	0
7831.5	0
7832.5	0
7833.5	0
7834.5	0
7835.5	0
7836.5	0
7837.5	0
7838.5	0
7839.5	0
7840.5	0
7841.5	0
7842.5	0
7843.5	0
7844.5	0
7845.5	0
7846.5	0
7847.5	0
7848.5	0
7849.5	0
7850.5	0
7851.5	0
7852.5	0
7853.5	0
7854.5	0
7855.5	0
7856.5	0
7857.5	0
7858.5	0
7859.5	0
7860.5	0
7861.5	0
7862.5	0
7863.5	0
7864.5	0
7865.5	0
7866.5	0
7867.5	0
7868.5	0
7869.5	0
7870.5	0
7871.5	0
7872.5	0
7873.5	0
7874.5	0
7875.5	0
7876.5	0
7877.5	0
7878.5	0
7879.5	0
7880.5	0
7881.5	0
7882.5	0
7883.5	0
7884.5	0
7885.5	0
7886.5	0
7887.5	0
7888.5	0
7889.5	0
7890.5	0
7891.5	0
7892.5	0
7893.5	0
7894.5	0
7895.5	0
7896.5	0
7897.5	0
7898.5	0
7899.5	0
7900.5	0
7901.5	0
7902.5	0
7903.5	0
7904.5	0
7905.5	0
7906.5	0
7907.5	0
7908.5	0
7909.5	0
7910.5	0
7911.5	0
7912.5	0
7913.5	0
7914.5	0
7915.5	0
7916.5	0
7917.5	0
7918.5	0
7919.5	0
7920.5	0
7921.5	0
7922.5	0
7923.5	0
7924.5	0
7925.5	0
7926.5	0
7927.5	0
7928.5	0
7929.5	0
7930.5	0
7931.5	0
7932.5	0
7933.5	0
7934.5	0
7935.5	0
7936.5	0
7937.5	0
7938.5	0
7939.5	0
7940.5	0
7941.5	0
7942.5	0
7943.5	0
7944.5	0
7945.5	0
7946.5	0
7947.5	0
7948.5	0
7949.5	0
7950.5	0
7951.5	0
7952.5	0
7953.5	0
7954.5	0
7955.5	0
7956.5	0
7957.5	0
7958.5	0
7959.5	0
7960.5	0
7961.5	0
7962.5	0
7963.5	0
7964.5	0
7965.5	0
7966.5	0
7967.5	0
7968.5	0
7969.5	0
7970.5	0
7971.5	0
7972.5	0
7973.5	0
7974.5	0
7975.5	0
7976.5	0
7977.5	0
7978.5	0
7979.5	0
7980.5	0
7981.5	0
7982.5	0
7983.5	0
7984.5	0
7985.5	0
7986.5	0
7987.5	0
7988.5	0
7989.5	0
7990.5	0
7991.5	0
7992.5	0
7993.5	0
7994.5	0
7995.5	0
7996.5	0
7997.5	0
7998.5	0
7999.5	0
8000.5	0
8001.5	0
8002.5	0
8003.5	0
8004.5	0
8005.5	0
8006.5	0
8007.5	0
8008.5	0
8009.5	0
8010.5	0
8011.5	0
8012.5	0
8013.5	0
8014.5	0
8015.5	0
8016.5	0
8017.5	0
8018.5	0
8019.5	0
8020.5	0
8021.5	0
8022.5	0
8023.5	0
8024.5	0
8025.5	0
8026.5	0
8027.5	0
8028.5	0
8029.5	0
8030.5	0
8031.5	0
8032.5	0
8033.5	0
8034.5	0
8035.5	0
8036.5	0
8037.5	0
8038.5	0
8039.5	0
8040.5	0
8041.5	0
8042.5	0
8043.5	0
8044.5	0
8045.5	0
8046.5	0
8047.5	0
8048.5	0
8049.5	0
8050.5	0
8051.5	0
8052.5	0
8053.5	0
8054.5	0
8055.5	0
8056.5	0
8057.5	0
8058.5	0
8059.5	0
8060.5	0
8061.5	0
8062.5	0
8063.5	0
8064.5	0
8065.5	0
8066.5	0
8067.5	0
8068.5	0
8069.5	0
8070.5	0
8071.5	0
8072.5	0
8073.5	0
8074.5	0
8075.5	0
8076.5	0
8077.5	0
8078.5	0
8079.5	0
8080.5	0
8081.5	0
8082.5	0
8083.5	0
8084.5	0
8085.5	0
8086.5	0
8087.5	0
8088.5	0
8089.5	0
8090.5	0
8091.5	0
8092.5	0
8093.5	0
8094.5	0
8095.5	0
8096.5	0
8097.5	0
8098.5	0
8099.5	0
8100.5	0
8101.5	0
8102.5	0
8103.5	0
8104.5	0
8105.5	0
8106.5	0
8107.5	0
8108.5	0
8109.5	0
8110.5	0
8111.5	0
8112.5	0
8113.5	0
8114.5	0
8115.5	0
8116.5	0
8117.5	0
8118.5	0
8119.5	0
8120.5	0
8121.5	0
8122.5	0
8123.5	0
8124.5	0
8125.5	0
8126.5	0
8127.5	0
8128.5	0
8129.5	0
8130.5	0
8131.5	0
8132.5	0
8133.5	0
8134.5	0
8135.5	0
8136.5	0
8137.5	0
8138.5	0
8139.5	0
8140.5	0
8141.5	0
8142.5	0
8143.5	0
8144.5	0
8145.5	0
8146.5	0
8147.5	0
8148.5	0
8149.5	0
8150.5	0
8151.5	0
8152.5	0
8153.5	0
8154.5	0
8155.5	0
8156.5	0
8157.5	0
8158.5	0
8159.5	0
8160.5	0
8161.5	0
8162.5	0
8163.5	0
8164.5	0
8165.5	0
8166.5	0
8167.5	0
8168.5	0
8169.5	0
8170.5	0
8171.5	0
8172.5	0
8173.5	0
8174.5	0
8175.5	0
8176.5	0
8177.5	0
8178.5	0
8179.5	0
8180.5	0
8181.5	0
8182.5	0
8183.5	0
8184.5	0
8185.5	0
8186.5	0
8187.5	0
8188.5	0
8189.5	0
8190.5	0
8191.5	0
