0.5	174
1.5	81
2.5	10
3.5	6
4.5	4
5.5	2
6.5	2
7.5	4
8.5	2
9.5	4
10.5	5
11.5	1
12.5	1
13.5	0
14.5	4
15.5	2
16.5	3
17.5	2
18.5	3
19.5	4
20.5	3
21.5	4
22.5	2
23.5	3
24.5	3
25.5	4
26.5	2
27.5	8
28.5	3
29.5	2
30.5	3
31.5	2
32.5	2
33.5	4
34.5	1
35.5	2
36.5	3
37.5	4
38.5	5
39.5	7
40.5	7
41.5	3
42.5	2
43.5	6
44.5	4
45.5	7
46.5	6
47.5	5
48.5	6
49.5	3
50.5	6
51.5	4
52.5	3
53.5	9
54.5	3
55.5	0
56.5	7
57.5	3
58.5	2
59.5	4
60.5	6
61.5	8
62.5	4
63.5	5
64.5	5
65.5	3
66.5	10
67.5	3
68.5	5
69.5	1
70.5	3
71.5	4
72.5	2
73.5	5
74.5	8
75.5	5
76.5	4
77.5	5
78.5	7
79.5	6
80.5	9
81.5	6
82.5	12
83.5	14
84.5	16
85.5	39
86.5	53
87.5	68
88.5	88
89.5	140
90.5	174
91.5	240
92.5	321
93.5	385
94.5	463
95.5	587
96.5	739
97.5	881
98.5	983
99.5	1189
100.5	1373
101.5	1579
102.5	1817
103.5	1976
104.5	2090
105.5	2312
106.5	2322
107.5	2536
108.5	2622
109.5	2540
110.5	2659
111.5	2645
112.5	2840
113.5	2820
114.5	2767
115.5	2887
116.5	2794
117.5	2865
118.5	2980
119.5	3047
120.5	2998
121.5	3093
122.5	3100
123.5	3126
124.5	3232
125.5	3428
126.5	3562
127.5	4082
128.5	4600
129.5	5803
130.5	6971
131.5	9062
132.5	10985
133.5	13406
134.5	15829
135.5	17142
136.5	18058
137.5	17722
138.5	16850
139.5	14711
140.5	12519
141.5	9761
142.5	7596
143.5	5775
144.5	4241
145.5	3233
146.5	2536
147.5	2241
148.5	2061
149.5	1960
150.5	1922
151.5	1877
152.5	1897
153.5	1985
154.5	1877
155.5	2032
156.5	2113
157.5	2313
158.5	2431
159.5	2708
160.5	3122
161.5	3534
162.5	4074
163.5	4486
164.5	4892
165.5	5081
166.5	5168
167.5	4894
168.5	4643
169.5	4152
170.5	3551
171.5	3135
172.5	2622
173.5	2244
174.5	1927
175.5	1702
176.5	1550
177.5	1466
178.5	1371
179.5	1398
180.5	1363
181.5	1347
182.5	1336
183.5	1248
184.5	1307
185.5	1254
186.5	1304
187.5	1261
188.5	1278
189.5	1191
190.5	1308
191.5	1260
192.5	1228
193.5	1250
194.5	1235
195.5	1231
196.5	1280
197.5	1326
198.5	1290
199.5	1258
200.5	1305
201.5	1223
202.5	1267
203.5	1221
204.5	1204
205.5	1204
206.5	1087
207.5	1125
208.5	1112
209.5	1141
210.5	1107
211.5	1087
212.5	1101
213.5	1074
214.5	1136
215.5	1087
216.5	1070
217.5	1027
218.5	1091
219.5	1057
220.5	1121
221.5	1139
222.5	1080
223.5	1049
224.5	1140
225.5	1109
226.5	1083
227.5	1098
228.5	1108
229.5	1044
230.5	1024
231.5	947
232.5	961
233.5	970
234.5	936
235.5	940
236.5	906
237.5	902
238.5	882
239.5	865
240.5	852
241.5	790
242.5	844
243.5	824
244.5	821
245.5	816
246.5	768
247.5	796
248.5	814
249.5	778
250.5	800
251.5	826
252.5	831
253.5	740
254.5	801
255.5	757
256.5	789
257.5	764
258.5	796
259.5	740
260.5	761
261.5	744
262.5	768
263.5	758
264.5	744
265.5	789
266.5	708
267.5	727
268.5	711
269.5	723
270.5	729
271.5	730
272.5	752
273.5	721
274.5	710
275.5	768
276.5	693
277.5	704
278.5	770
279.5	750
280.5	695
281.5	731
282.5	657
283.5	703
284.5	655
285.5	718
286.5	659
287.5	704
288.5	799
289.5	734
290.5	776
291.5	876
292.5	921
293.5	1101
294.5	1194
295.5	1403
296.5	1643
297.5	1953
298.5	2266
299.5	2443
300.5	2723
301.5	2870
302.5	3074
303.5	3294
304.5	3244
305.5	3137
306.5	2932
307.5	2802
308.5	2595
309.5	2204
310.5	1873
311.5	1721
312.5	1444
313.5	1194
314.5	1008
315.5	792
316.5	689
317.5	625
318.5	612
319.5	513
320.5	455
321.5	446
322.5	461
323.5	431
324.5	434
325.5	422
326.5	401
327.5	439
328.5	410
329.5	375
330.5	397
331.5	416
332.5	410
333.5	379
334.5	419
335.5	391
336.5	388
337.5	376
338.5	433
339.5	379
340.5	350
341.5	352
342.5	386
343.5	392
344.5	384
345.5	337
346.5	392
347.5	364
348.5	375
349.5	340
350.5	352
351.5	327
352.5	352
353.5	360
354.5	361
355.5	333
356.5	336
357.5	341
358.5	344
359.5	349
360.5	334
361.5	358
362.5	347
363.5	327
364.5	319
365.5	359
366.5	321
367.5	344
368.5	361
369.5	348
370.5	375
371.5	346
372.5	360
373.5	396
374.5	392
375.5	412
376.5	414
377.5	452
378.5	450
379.5	463
380.5	447
381.5	464
382.5	461
383.5	443
384.5	466
385.5	369
386.5	407
387.5	401
388.5	366
389.5	363
390.5	357
391.5	348
392.5	310
393.5	286
394.5	299
395.5	266
396.5	279
397.5	274
398.5	229
399.5	270
400.5	229
401.5	284
402.5	277
403.5	277
404.5	275
405.5	282
406.5	275
407.5	242
408.5	287
409.5	296
410.5	286
411.5	269
412.5	285
413.5	291
414.5	280
415.5	262
416.5	275
417.5	257
418.5	255
419.5	264
420.5	266
421.5	268
422.5	260
423.5	265
424.5	230
425.5	246
426.5	243
427.5	230
428.5	205
429.5	222
430.5	224
431.5	229
432.5	192
433.5	236
434.5	217
435.5	250
436.5	221
437.5	228
438.5	235
439.5	203
440.5	225
441.5	206
442.5	219
443.5	235
444.5	244
445.5	251
446.5	217
447.5	218
448.5	231
449.5	219
450.5	195
451.5	223
452.5	218
453.5	193
454.5	197
455.5	224
456.5	208
457.5	230
458.5	213
459.5	203
460.5	234
461.5	213
462.5	195
463.5	226
464.5	213
465.5	218
466.5	206
467.5	209
468.5	210
469.5	222
470.5	230
471.5	248
472.5	181
473.5	208
474.5	251
475.5	191
476.5	228
477.5	207
478.5	221
479.5	233
480.5	235
481.5	255
482.5	245
483.5	229
484.5	232
485.5	222
486.5	216
487.5	224
488.5	239
489.5	228
490.5	220
491.5	224
492.5	209
493.5	234
494.5	206
495.5	230
496.5	252
497.5	233
498.5	218
499.5	252
500.5	234
501.5	303
502.5	338
503.5	314
504.5	366
505.5	402
506.5	439
507.5	520
508.5	529
509.5	553
510.5	584
511.5	634
512.5	670
513.5	691
514.5	657
515.5	744
516.5	656
517.5	656
518.5	654
519.5	599
520.5	617
521.5	541
522.5	486
523.5	471
524.5	448
525.5	379
526.5	365
527.5	313
528.5	268
529.5	273
530.5	246
531.5	226
532.5	243
533.5	223
534.5	213
535.5	191
536.5	180
537.5	184
538.5	202
539.5	202
540.5	182
541.5	196
542.5	175
543.5	161
544.5	166
545.5	187
546.5	179
547.5	173
548.5	159
549.5	181
550.5	160
551.5	156
552.5	174
553.5	152
554.5	159
555.5	185
556.5	192
557.5	163
558.5	180
559.5	182
560.5	192
561.5	166
562.5	190
563.5	185
564.5	181
565.5	184
566.5	165
567.5	169
568.5	166
569.5	193
570.5	163
571.5	170
572.5	156
573.5	160
574.5	173
575.5	201
576.5	176
577.5	177
578.5	141
579.5	162
580.5	174
581.5	176
582.5	167
583.5	168
584.5	169
585.5	180
586.5	146
587.5	158
588.5	174
589.5	164
590.5	184
591.5	178
592.5	147
593.5	161
594.5	168
595.5	190
596.5	189
597.5	214
598.5	154
599.5	172
600.5	175
601.5	189
602.5	171
603.5	178
604.5	173
605.5	174
606.5	176
607.5	178
608.5	162
609.5	158
610.5	184
611.5	170
612.5	169
613.5	161
614.5	177
615.5	178
616.5	148
617.5	174
618.5	173
619.5	165
620.5	160
621.5	196
622.5	180
623.5	175
624.5	183
625.5	172
626.5	172
627.5	156
628.5	183
629.5	155
630.5	176
631.5	171
632.5	180
633.5	177
634.5	165
635.5	178
636.5	153
637.5	158
638.5	164
639.5	147
640.5	161
641.5	153
642.5	147
643.5	136
644.5	151
645.5	143
646.5	160
647.5	163
648.5	164
649.5	163
650.5	159
651.5	153
652.5	150
653.5	148
654.5	162
655.5	133
656.5	134
657.5	151
658.5	133
659.5	125
660.5	129
661.5	123
662.5	147
663.5	126
664.5	125
665.5	128
666.5	125
667.5	119
668.5	107
669.5	132
670.5	93
671.5	129
672.5	114
673.5	109
674.5	141
675.5	138
676.5	122
677.5	137
678.5	122
679.5	113
680.5	110
681.5	106
682.5	114
683.5	105
684.5	117
685.5	110
686.5	107
687.5	106
688.5	113
689.5	102
690.5	86
691.5	91
692.5	97
693.5	107
694.5	106
695.5	101
696.5	108
697.5	93
698.5	103
699.5	107
700.5	108
701.5	106
702.5	109
703.5	93
704.5	120
705.5	99
706.5	99
707.5	99
708.5	102
709.5	102
710.5	90
711.5	99
712.5	113
713.5	97
714.5	88
715.5	96
716.5	93
717.5	100
718.5	94
719.5	76
720.5	96
721.5	90
722.5	111
723.5	101
724.5	114
725.5	88
726.5	88
727.5	91
728.5	108
729.5	95
730.5	92
731.5	99
732.5	107
733.5	80
734.5	80
735.5	92
736.5	86
737.5	92
738.5	86
739.5	103
740.5	107
741.5	103
742.5	68
743.5	97
744.5	113
745.5	85
746.5	109
747.5	91
748.5	79
749.5	83
750.5	91
751.5	85
752.5	85
753.5	75
754.5	104
755.5	90
756.5	92
757.5	91
758.5	91
759.5	87
760.5	77
761.5	83
762.5	99
763.5	107
764.5	89
765.5	95
766.5	90
767.5	92
768.5	101
769.5	118
770.5	87
771.5	86
772.5	91
773.5	90
774.5	103
775.5	87
776.5	99
777.5	88
778.5	90
779.5	119
780.5	98
781.5	115
782.5	106
783.5	130
784.5	113
785.5	114
786.5	111
787.5	107
788.5	114
789.5	124
790.5	95
791.5	105
792.5	129
793.5	102
794.5	109
795.5	94
796.5	91
797.5	93
798.5	101
799.5	91
800.5	111
801.5	107
802.5	78
803.5	88
804.5	96
805.5	84
806.5	91
807.5	95
808.5	106
809.5	77
810.5	103
811.5	74
812.5	80
813.5	84
814.5	72
815.5	77
816.5	94
817.5	100
818.5	83
819.5	101
820.5	86
821.5	99
822.5	98
823.5	104
824.5	140
825.5	120
826.5	141
827.5	159
828.5	164
829.5	191
830.5	177
831.5	225
832.5	232
833.5	268
834.5	332
835.5	351
836.5	411
837.5	441
838.5	473
839.5	550
840.5	623
841.5	642
842.5	721
843.5	813
844.5	777
845.5	848
846.5	903
847.5	949
848.5	952
849.5	896
850.5	968
851.5	918
852.5	984
853.5	939
854.5	854
855.5	760
856.5	819
857.5	710
858.5	641
859.5	606
860.5	542
861.5	467
862.5	486
863.5	396
864.5	363
865.5	332
866.5	277
867.5	256
868.5	200
869.5	179
870.5	152
871.5	161
872.5	121
873.5	128
874.5	118
875.5	79
876.5	105
877.5	89
878.5	98
879.5	102
880.5	99
881.5	92
882.5	68
883.5	106
884.5	97
885.5	108
886.5	108
887.5	118
888.5	118
889.5	105
890.5	97
891.5	103
892.5	114
893.5	117
894.5	122
895.5	113
896.5	104
897.5	97
898.5	117
899.5	105
900.5	95
901.5	91
902.5	116
903.5	90
904.5	91
905.5	85
906.5	92
907.5	79
908.5	81
909.5	70
910.5	82
911.5	97
912.5	81
913.5	86
914.5	67
915.5	72
916.5	85
917.5	79
918.5	100
919.5	59
920.5	75
921.5	77
922.5	72
923.5	81
924.5	88
925.5	74
926.5	73
927.5	91
928.5	80
929.5	88
930.5	111
931.5	90
932.5	84
933.5	85
934.5	71
935.5	79
936.5	70
937.5	82
938.5	89
939.5	85
940.5	81
941.5	71
942.5	66
943.5	72
944.5	64
945.5	63
946.5	67
947.5	67
948.5	61
949.5	55
950.5	61
951.5	58
952.5	61
953.5	60
954.5	52
955.5	56
956.5	56
957.5	56
958.5	54
959.5	66
960.5	62
961.5	56
962.5	80
963.5	83
964.5	76
965.5	88
966.5	81
967.5	129
968.5	126
969.5	121
970.5	130
971.5	143
972.5	151
973.5	194
974.5	215
975.5	224
976.5	199
977.5	207
978.5	250
979.5	253
980.5	262
981.5	257
982.5	282
983.5	282
984.5	296
985.5	296
986.5	260
987.5	271
988.5	249
989.5	280
990.5	276
991.5	285
992.5	261
993.5	249
994.5	231
995.5	199
996.5	211
997.5	165
998.5	161
999.5	143
1000.5	123
1001.5	118
1002.5	142
1003.5	124
1004.5	104
1005.5	118
1006.5	98
1007.5	102
1008.5	90
1009.5	88
1010.5	92
1011.5	98
1012.5	98
1013.5	100
1014.5	95
1015.5	77
1016.5	79
1017.5	76
1018.5	84
1019.5	80
1020.5	88
1021.5	80
1022.5	65
1023.5	73
1024.5	85
1025.5	66
1026.5	64
1027.5	58
1028.5	54
1029.5	65
1030.5	63
1031.5	60
1032.5	70
1033.5	49
1034.5	57
1035.5	47
1036.5	48
1037.5	45
1038.5	44
1039.5	48
1040.5	41
1041.5	55
1042.5	58
1043.5	59
1044.5	36
1045.5	47
1046.5	39
1047.5	41
1048.5	42
1049.5	50
1050.5	28
1051.5	34
1052.5	43
1053.5	51
1054.5	39
1055.5	40
1056.5	34
1057.5	39
1058.5	42
1059.5	41
1060.5	43
1061.5	41
1062.5	34
1063.5	37
1064.5	28
1065.5	33
1066.5	31
1067.5	60
1068.5	42
1069.5	39
1070.5	28
1071.5	31
1072.5	37
1073.5	43
1074.5	40
1075.5	37
1076.5	37
1077.5	44
1078.5	38
1079.5	38
1080.5	37
1081.5	45
1082.5	41
1083.5	27
1084.5	39
1085.5	50
1086.5	37
1087.5	42
1088.5	48
1089.5	32
1090.5	41
1091.5	29
1092.5	41
1093.5	38
1094.5	35
1095.5	41
1096.5	36
1097.5	49
1098.5	40
1099.5	28
1100.5	33
1101.5	43
1102.5	44
1103.5	34
1104.5	35
1105.5	39
1106.5	28
1107.5	38
1108.5	37
1109.5	45
1110.5	37
1111.5	44
1112.5	34
1113.5	32
1114.5	38
1115.5	45
1116.5	43
1117.5	38
1118.5	36
1119.5	27
1120.5	39
1121.5	39
1122.5	46
1123.5	38
1124.5	42
1125.5	26
1126.5	29
1127.5	45
1128.5	41
1129.5	47
1130.5	37
1131.5	42
1132.5	38
1133.5	47
1134.5	34
1135.5	42
1136.5	35
1137.5	49
1138.5	36
1139.5	40
1140.5	44
1141.5	43
1142.5	36
1143.5	40
1144.5	55
1145.5	38
1146.5	45
1147.5	41
1148.5	45
1149.5	51
1150.5	44
1151.5	56
1152.5	37
1153.5	47
1154.5	48
1155.5	45
1156.5	39
1157.5	52
1158.5	53
1159.5	41
1160.5	40
1161.5	43
1162.5	47
1163.5	44
1164.5	39
1165.5	41
1166.5	44
1167.5	36
1168.5	38
1169.5	36
1170.5	31
1171.5	29
1172.5	44
1173.5	34
1174.5	33
1175.5	36
1176.5	38
1177.5	25
1178.5	41
1179.5	45
1180.5	45
1181.5	42
1182.5	32
1183.5	30
1184.5	31
1185.5	32
1186.5	29
1187.5	33
1188.5	29
1189.5	34
1190.5	40
1191.5	18
1192.5	35
1193.5	32
1194.5	27
1195.5	37
1196.5	26
1197.5	36
1198.5	27
1199.5	41
1200.5	35
1201.5	46
1202.5	31
1203.5	36
1204.5	41
1205.5	33
1206.5	31
1207.5	31
1208.5	35
1209.5	40
1210.5	30
1211.5	36
1212.5	35
1213.5	42
1214.5	42
1215.5	30
1216.5	33
1217.5	38
1218.5	44
1219.5	34
1220.5	38
1221.5	30
1222.5	28
1223.5	26
1224.5	32
1225.5	30
1226.5	42
1227.5	38
1228.5	44
1229.5	39
1230.5	35
1231.5	33
1232.5	50
1233.5	31
1234.5	29
1235.5	33
1236.5	33
1237.5	24
1238.5	26
1239.5	26
1240.5	32
1241.5	38
1242.5	25
1243.5	31
1244.5	33
1245.5	25
1246.5	35
1247.5	19
1248.5	24
1249.5	22
1250.5	26
1251.5	26
1252.5	27
1253.5	26
1254.5	32
1255.5	20
1256.5	35
1257.5	37
1258.5	29
1259.5	27
1260.5	26
1261.5	34
1262.5	30
1263.5	29
1264.5	23
1265.5	31
1266.5	36
1267.5	31
1268.5	43
1269.5	31
1270.5	30
1271.5	35
1272.5	36
1273.5	35
1274.5	25
1275.5	25
1276.5	25
1277.5	40
1278.5	39
1279.5	36
1280.5	30
1281.5	32
1282.5	26
1283.5	37
1284.5	25
1285.5	28
1286.5	27
1287.5	30
1288.5	23
1289.5	41
1290.5	35
1291.5	31
1292.5	34
1293.5	32
1294.5	19
1295.5	39
1296.5	35
1297.5	36
1298.5	33
1299.5	25
1300.5	32
1301.5	34
1302.5	30
1303.5	33
1304.5	39
1305.5	32
1306.5	37
1307.5	24
1308.5	42
1309.5	29
1310.5	41
1311.5	28
1312.5	32
1313.5	29
1314.5	32
1315.5	31
1316.5	43
1317.5	32
1318.5	37
1319.5	25
1320.5	38
1321.5	27
1322.5	38
1323.5	22
1324.5	25
1325.5	29
1326.5	32
1327.5	27
1328.5	32
1329.5	38
1330.5	33
1331.5	33
1332.5	23
1333.5	27
1334.5	32
1335.5	31
1336.5	16
1337.5	15
1338.5	32
1339.5	32
1340.5	26
1341.5	25
1342.5	31
1343.5	24
1344.5	39
1345.5	34
1346.5	35
1347.5	33
1348.5	32
1349.5	24
1350.5	32
1351.5	37
1352.5	34
1353.5	36
1354.5	39
1355.5	46
1356.5	38
1357.5	44
1358.5	49
1359.5	32
1360.5	71
1361.5	52
1362.5	42
1363.5	50
1364.5	29
1365.5	49
1366.5	61
1367.5	54
1368.5	49
1369.5	52
1370.5	47
1371.5	41
1372.5	41
1373.5	39
1374.5	45
1375.5	50
1376.5	38
1377.5	45
1378.5	33
1379.5	41
1380.5	34
1381.5	39
1382.5	37
1383.5	44
1384.5	42
1385.5	38
1386.5	38
1387.5	26
1388.5	32
1389.5	31
1390.5	46
1391.5	34
1392.5	39
1393.5	29
1394.5	41
1395.5	28
1396.5	33
1397.5	38
1398.5	42
1399.5	34
1400.5	46
1401.5	43
1402.5	56
1403.5	47
1404.5	43
1405.5	43
1406.5	53
1407.5	59
1408.5	56
1409.5	51
1410.5	48
1411.5	57
1412.5	61
1413.5	67
1414.5	71
1415.5	63
1416.5	56
1417.5	64
1418.5	77
1419.5	74
1420.5	91
1421.5	88
1422.5	69
1423.5	76
1424.5	73
1425.5	78
1426.5	87
1427.5	89
1428.5	83
1429.5	95
1430.5	67
1431.5	76
1432.5	63
1433.5	70
1434.5	85
1435.5	75
1436.5	71
1437.5	73
1438.5	75
1439.5	55
1440.5	80
1441.5	67
1442.5	51
1443.5	67
1444.5	53
1445.5	64
1446.5	67
1447.5	63
1448.5	57
1449.5	51
1450.5	62
1451.5	55
1452.5	66
1453.5	57
1454.5	67
1455.5	63
1456.5	64
1457.5	70
1458.5	72
1459.5	54
1460.5	55
1461.5	57
1462.5	60
1463.5	70
1464.5	61
1465.5	60
1466.5	61
1467.5	47
1468.5	54
1469.5	36
1470.5	39
1471.5	34
1472.5	45
1473.5	29
1474.5	48
1475.5	39
1476.5	39
1477.5	32
1478.5	22
1479.5	29
1480.5	35
1481.5	32
1482.5	39
1483.5	30
1484.5	32
1485.5	23
1486.5	24
1487.5	21
1488.5	31
1489.5	31
1490.5	24
1491.5	20
1492.5	17
1493.5	17
1494.5	24
1495.5	30
1496.5	29
1497.5	27
1498.5	12
1499.5	23
1500.5	24
1501.5	28
1502.5	18
1503.5	23
1504.5	24
1505.5	31
1506.5	23
1507.5	24
1508.5	15
1509.5	22
1510.5	22
1511.5	20
1512.5	19
1513.5	20
1514.5	17
1515.5	30
1516.5	23
1517.5	24
1518.5	20
1519.5	16
1520.5	23
1521.5	15
1522.5	19
1523.5	21
1524.5	24
1525.5	21
1526.5	18
1527.5	15
1528.5	12
1529.5	23
1530.5	12
1531.5	17
1532.5	13
1533.5	20
1534.5	14
1535.5	16
1536.5	20
1537.5	22
1538.5	31
1539.5	16
1540.5	16
1541.5	13
1542.5	16
1543.5	26
1544.5	13
1545.5	18
1546.5	19
1547.5	16
1548.5	12
1549.5	12
1550.5	13
1551.5	13
1552.5	12
1553.5	10
1554.5	11
1555.5	19
1556.5	17
1557.5	15
1558.5	17
1559.5	17
1560.5	13
1561.5	12
1562.5	12
1563.5	12
1564.5	13
1565.5	12
1566.5	10
1567.5	11
1568.5	15
1569.5	16
1570.5	14
1571.5	16
1572.5	17
1573.5	14
1574.5	13
1575.5	17
1576.5	19
1577.5	17
1578.5	18
1579.5	18
1580.5	13
1581.5	21
1582.5	15
1583.5	14
1584.5	13
1585.5	22
1586.5	19
1587.5	13
1588.5	11
1589.5	11
1590.5	17
1591.5	22
1592.5	18
1593.5	23
1594.5	19
1595.5	14
1596.5	24
1597.5	19
1598.5	19
1599.5	22
1600.5	20
1601.5	31
1602.5	12
1603.5	21
1604.5	15
1605.5	23
1606.5	15
1607.5	20
1608.5	24
1609.5	15
1610.5	12
1611.5	23
1612.5	29
1613.5	17
1614.5	22
1615.5	33
1616.5	28
1617.5	25
1618.5	26
1619.5	21
1620.5	15
1621.5	23
1622.5	21
1623.5	25
1624.5	19
1625.5	22
1626.5	16
1627.5	18
1628.5	19
1629.5	18
1630.5	18
1631.5	19
1632.5	12
1633.5	11
1634.5	15
1635.5	20
1636.5	9
1637.5	18
1638.5	18
1639.5	24
1640.5	21
1641.5	12
1642.5	12
1643.5	19
1644.5	15
1645.5	14
1646.5	12
1647.5	7
1648.5	14
1649.5	9
1650.5	14
1651.5	12
1652.5	14
1653.5	14
1654.5	12
1655.5	10
1656.5	11
1657.5	10
1658.5	18
1659.5	21
1660.5	11
1661.5	10
1662.5	8
1663.5	10
1664.5	10
1665.5	18
1666.5	10
1667.5	18
1668.5	8
1669.5	18
1670.5	8
1671.5	10
1672.5	13
1673.5	15
1674.5	18
1675.5	8
1676.5	12
1677.5	9
1678.5	12
1679.5	12
1680.5	16
1681.5	16
1682.5	12
1683.5	11
1684.5	16
1685.5	9
1686.5	17
1687.5	9
1688.5	10
1689.5	14
1690.5	7
1691.5	11
1692.5	11
1693.5	10
1694.5	5
1695.5	9
1696.5	7
1697.5	13
1698.5	10
1699.5	12
1700.5	17
1701.5	21
1702.5	11
1703.5	14
1704.5	13
1705.5	12
1706.5	8
1707.5	16
1708.5	12
1709.5	12
1710.5	15
1711.5	13
1712.5	18
1713.5	13
1714.5	22
1715.5	12
1716.5	14
1717.5	14
1718.5	17
1719.5	10
1720.5	12
1721.5	17
1722.5	11
1723.5	15
1724.5	14
1725.5	17
1726.5	13
1727.5	26
1728.5	16
1729.5	17
1730.5	19
1731.5	20
1732.5	28
1733.5	23
1734.5	25
1735.5	21
1736.5	26
1737.5	26
1738.5	32
1739.5	29
1740.5	38
1741.5	32
1742.5	39
1743.5	35
1744.5	31
1745.5	36
1746.5	35
1747.5	36
1748.5	42
1749.5	48
1750.5	30
1751.5	34
1752.5	30
1753.5	39
1754.5	30
1755.5	52
1756.5	28
1757.5	36
1758.5	32
1759.5	31
1760.5	38
1761.5	40
1762.5	39
1763.5	29
1764.5	35
1765.5	30
1766.5	21
1767.5	32
1768.5	28
1769.5	25
1770.5	23
1771.5	30
1772.5	36
1773.5	30
1774.5	20
1775.5	30
1776.5	23
1777.5	24
1778.5	18
1779.5	12
1780.5	13
1781.5	11
1782.5	15
1783.5	11
1784.5	8
1785.5	14
1786.5	14
1787.5	17
1788.5	19
1789.5	21
1790.5	18
1791.5	15
1792.5	15
1793.5	10
1794.5	13
1795.5	16
1796.5	14
1797.5	13
1798.5	17
1799.5	13
1800.5	11
1801.5	12
1802.5	19
1803.5	17
1804.5	8
1805.5	7
1806.5	14
1807.5	11
1808.5	8
1809.5	6
1810.5	9
1811.5	17
1812.5	8
1813.5	5
1814.5	13
1815.5	7
1816.5	13
1817.5	12
1818.5	10
1819.5	9
1820.5	10
1821.5	11
1822.5	13
1823.5	8
1824.5	12
1825.5	13
1826.5	12
1827.5	11
1828.5	11
1829.5	14
1830.5	14
1831.5	6
1832.5	11
1833.5	17
1834.5	20
1835.5	19
1836.5	14
1837.5	13
1838.5	8
1839.5	10
1840.5	15
1841.5	16
1842.5	16
1843.5	10
1844.5	5
1845.5	15
1846.5	14
1847.5	14
1848.5	10
1849.5	11
1850.5	9
1851.5	13
1852.5	6
1853.5	12
1854.5	16
1855.5	12
1856.5	16
1857.5	16
1858.5	18
1859.5	14
1860.5	7
1861.5	11
1862.5	13
1863.5	11
1864.5	9
1865.5	13
1866.5	14
1867.5	6
1868.5	8
1869.5	14
1870.5	14
1871.5	7
1872.5	9
1873.5	15
1874.5	9
1875.5	11
1876.5	17
1877.5	11
1878.5	13
1879.5	16
1880.5	13
1881.5	11
1882.5	15
1883.5	18
1884.5	15
1885.5	13
1886.5	15
1887.5	14
1888.5	20
1889.5	16
1890.5	15
1891.5	7
1892.5	12
1893.5	18
1894.5	10
1895.5	12
1896.5	10
1897.5	16
1898.5	8
1899.5	12
1900.5	14
1901.5	6
1902.5	11
1903.5	8
1904.5	8
1905.5	19
1906.5	14
1907.5	8
1908.5	10
1909.5	10
1910.5	10
1911.5	8
1912.5	12
1913.5	17
1914.5	6
1915.5	12
1916.5	13
1917.5	21
1918.5	16
1919.5	10
1920.5	14
1921.5	11
1922.5	6
1923.5	13
1924.5	13
1925.5	15
1926.5	10
1927.5	8
1928.5	17
1929.5	14
1930.5	13
1931.5	15
1932.5	19
1933.5	14
1934.5	15
1935.5	8
1936.5	8
1937.5	12
1938.5	12
1939.5	15
1940.5	13
1941.5	13
1942.5	11
1943.5	9
1944.5	18
1945.5	13
1946.5	3
1947.5	8
1948.5	24
1949.5	15
1950.5	20
1951.5	9
1952.5	9
1953.5	13
1954.5	14
1955.5	6
1956.5	12
1957.5	15
1958.5	18
1959.5	7
1960.5	15
1961.5	9
1962.5	14
1963.5	17
1964.5	14
1965.5	10
1966.5	9
1967.5	9
1968.5	10
1969.5	13
1970.5	13
1971.5	11
1972.5	8
1973.5	13
1974.5	16
1975.5	17
1976.5	16
1977.5	13
1978.5	14
1979.5	21
1980.5	16
1981.5	16
1982.5	22
1983.5	17
1984.5	13
1985.5	20
1986.5	14
1987.5	13
1988.5	14
1989.5	15
1990.5	12
1991.5	10
1992.5	9
1993.5	18
1994.5	14
1995.5	14
1996.5	19
1997.5	9
1998.5	10
1999.5	13
2000.5	13
2001.5	17
2002.5	14
2003.5	10
2004.5	11
2005.5	11
2006.5	15
2007.5	17
2008.5	11
2009.5	13
2010.5	13
2011.5	12
2012.5	11
2013.5	5
2014.5	12
2015.5	7
2016.5	12
2017.5	11
2018.5	11
2019.5	12
2020.5	14
2021.5	11
2022.5	10
2023.5	12
2024.5	18
2025.5	12
2026.5	11
2027.5	9
2028.5	18
2029.5	13
2030.5	9
2031.5	11
2032.5	9
2033.5	14
2034.5	7
2035.5	15
2036.5	9
2037.5	18
2038.5	9
2039.5	11
2040.5	15
2041.5	13
2042.5	13
2043.5	13
2044.5	16
2045.5	15
2046.5	14
2047.5	9
2048.5	4
2049.5	10
2050.5	13
2051.5	16
2052.5	13
2053.5	12
2054.5	13
2055.5	21
2056.5	13
2057.5	10
2058.5	9
2059.5	10
2060.5	6
2061.5	13
2062.5	10
2063.5	13
2064.5	12
2065.5	9
2066.5	16
2067.5	13
2068.5	15
2069.5	13
2070.5	13
2071.5	14
2072.5	7
2073.5	9
2074.5	16
2075.5	11
2076.5	11
2077.5	11
2078.5	12
2079.5	10
2080.5	19
2081.5	10
2082.5	14
2083.5	12
2084.5	13
2085.5	8
2086.5	12
2087.5	13
2088.5	12
2089.5	14
2090.5	9
2091.5	20
2092.5	10
2093.5	17
2094.5	13
2095.5	15
2096.5	9
2097.5	16
2098.5	10
2099.5	15
2100.5	11
2101.5	14
2102.5	10
2103.5	12
2104.5	11
2105.5	11
2106.5	13
2107.5	11
2108.5	14
2109.5	8
2110.5	9
2111.5	13
2112.5	13
2113.5	25
2114.5	15
2115.5	10
2116.5	11
2117.5	11
2118.5	10
2119.5	8
2120.5	19
2121.5	9
2122.5	8
2123.5	21
2124.5	6
2125.5	11
2126.5	9
2127.5	13
2128.5	10
2129.5	11
2130.5	11
2131.5	9
2132.5	15
2133.5	19
2134.5	16
2135.5	10
2136.5	14
2137.5	12
2138.5	8
2139.5	7
2140.5	15
2141.5	10
2142.5	14
2143.5	15
2144.5	16
2145.5	14
2146.5	9
2147.5	9
2148.5	7
2149.5	20
2150.5	12
2151.5	16
2152.5	11
2153.5	20
2154.5	18
2155.5	21
2156.5	16
2157.5	11
2158.5	19
2159.5	16
2160.5	7
2161.5	13
2162.5	16
2163.5	17
2164.5	14
2165.5	13
2166.5	16
2167.5	8
2168.5	16
2169.5	22
2170.5	13
2171.5	12
2172.5	8
2173.5	14
2174.5	11
2175.5	9
2176.5	12
2177.5	11
2178.5	14
2179.5	9
2180.5	21
2181.5	9
2182.5	11
2183.5	11
2184.5	16
2185.5	9
2186.5	19
2187.5	12
2188.5	9
2189.5	16
2190.5	14
2191.5	10
2192.5	11
2193.5	15
2194.5	18
2195.5	11
2196.5	11
2197.5	15
2198.5	14
2199.5	9
2200.5	15
2201.5	7
2202.5	10
2203.5	11
2204.5	9
2205.5	12
2206.5	8
2207.5	12
2208.5	11
2209.5	13
2210.5	8
2211.5	9
2212.5	15
2213.5	16
2214.5	16
2215.5	7
2216.5	10
2217.5	18
2218.5	13
2219.5	13
2220.5	8
2221.5	19
2222.5	11
2223.5	17
2224.5	14
2225.5	11
2226.5	9
2227.5	7
2228.5	15
2229.5	12
2230.5	13
2231.5	7
2232.5	14
2233.5	15
2234.5	11
2235.5	18
2236.5	11
2237.5	15
2238.5	12
2239.5	13
2240.5	8
2241.5	16
2242.5	11
2243.5	17
2244.5	9
2245.5	8
2246.5	18
2247.5	7
2248.5	8
2249.5	12
2250.5	20
2251.5	13
2252.5	17
2253.5	16
2254.5	10
2255.5	11
2256.5	13
2257.5	11
2258.5	19
2259.5	7
2260.5	12
2261.5	23
2262.5	19
2263.5	13
2264.5	14
2265.5	12
2266.5	14
2267.5	13
2268.5	24
2269.5	20
2270.5	15
2271.5	9
2272.5	9
2273.5	10
2274.5	17
2275.5	22
2276.5	10
2277.5	18
2278.5	13
2279.5	9
2280.5	9
2281.5	8
2282.5	14
2283.5	8
2284.5	9
2285.5	16
2286.5	14
2287.5	15
2288.5	12
2289.5	19
2290.5	14
2291.5	17
2292.5	10
2293.5	14
2294.5	7
2295.5	9
2296.5	13
2297.5	6
2298.5	13
2299.5	10
2300.5	9
2301.5	5
2302.5	15
2303.5	11
2304.5	15
2305.5	10
2306.5	15
2307.5	11
2308.5	13
2309.5	12
2310.5	11
2311.5	10
2312.5	14
2313.5	5
2314.5	14
2315.5	11
2316.5	17
2317.5	17
2318.5	13
2319.5	9
2320.5	13
2321.5	10
2322.5	11
2323.5	13
2324.5	14
2325.5	13
2326.5	12
2327.5	10
2328.5	7
2329.5	11
2330.5	11
2331.5	13
2332.5	13
2333.5	6
2334.5	8
2335.5	9
2336.5	14
2337.5	11
2338.5	7
2339.5	11
2340.5	9
2341.5	18
2342.5	13
2343.5	13
2344.5	9
2345.5	8
2346.5	11
2347.5	15
2348.5	9
2349.5	11
2350.5	9
2351.5	9
2352.5	10
2353.5	10
2354.5	6
2355.5	8
2356.5	9
2357.5	10
2358.5	8
2359.5	13
2360.5	14
2361.5	4
2362.5	13
2363.5	13
2364.5	5
2365.5	5
2366.5	3
2367.5	7
2368.5	9
2369.5	11
2370.5	7
2371.5	9
2372.5	10
2373.5	10
2374.5	10
2375.5	8
2376.5	10
2377.5	8
2378.5	8
2379.5	7
2380.5	7
2381.5	7
2382.5	14
2383.5	13
2384.5	13
2385.5	8
2386.5	13
2387.5	15
2388.5	14
2389.5	11
2390.5	11
2391.5	8
2392.5	16
2393.5	9
2394.5	10
2395.5	9
2396.5	9
2397.5	8
2398.5	9
2399.5	6
2400.5	10
2401.5	10
2402.5	8
2403.5	16
2404.5	10
2405.5	11
2406.5	6
2407.5	10
2408.5	16
2409.5	9
2410.5	6
2411.5	13
2412.5	8
2413.5	7
2414.5	6
2415.5	5
2416.5	6
2417.5	11
2418.5	15
2419.5	8
2420.5	13
2421.5	7
2422.5	17
2423.5	12
2424.5	9
2425.5	12
2426.5	14
2427.5	7
2428.5	10
2429.5	7
2430.5	10
2431.5	10
2432.5	8
2433.5	7
2434.5	5
2435.5	6
2436.5	8
2437.5	10
2438.5	9
2439.5	12
2440.5	16
2441.5	10
2442.5	7
2443.5	8
2444.5	7
2445.5	8
2446.5	6
2447.5	7
2448.5	9
2449.5	11
2450.5	9
2451.5	12
2452.5	7
2453.5	6
2454.5	9
2455.5	5
2456.5	14
2457.5	11
2458.5	6
2459.5	13
2460.5	13
2461.5	9
2462.5	7
2463.5	14
2464.5	5
2465.5	12
2466.5	9
2467.5	11
2468.5	12
2469.5	9
2470.5	11
2471.5	8
2472.5	12
2473.5	14
2474.5	8
2475.5	10
2476.5	8
2477.5	8
2478.5	12
2479.5	7
2480.5	14
2481.5	6
2482.5	10
2483.5	12
2484.5	8
2485.5	9
2486.5	11
2487.5	13
2488.5	7
2489.5	7
2490.5	7
2491.5	13
2492.5	11
2493.5	9
2494.5	11
2495.5	12
2496.5	13
2497.5	13
2498.5	11
2499.5	13
2500.5	4
2501.5	12
2502.5	12
2503.5	8
2504.5	8
2505.5	8
2506.5	13
2507.5	13
2508.5	10
2509.5	6
2510.5	8
2511.5	9
2512.5	11
2513.5	15
2514.5	4
2515.5	12
2516.5	6
2517.5	12
2518.5	16
2519.5	10
2520.5	16
2521.5	11
2522.5	10
2523.5	11
2524.5	10
2525.5	6
2526.5	10
2527.5	10
2528.5	13
2529.5	17
2530.5	13
2531.5	13
2532.5	13
2533.5	11
2534.5	9
2535.5	13
2536.5	14
2537.5	16
2538.5	9
2539.5	10
2540.5	14
2541.5	10
2542.5	12
2543.5	14
2544.5	11
2545.5	11
2546.5	16
2547.5	8
2548.5	12
2549.5	13
2550.5	8
2551.5	7
2552.5	16
2553.5	10
2554.5	10
2555.5	10
2556.5	10
2557.5	11
2558.5	14
2559.5	7
2560.5	6
2561.5	11
2562.5	12
2563.5	8
2564.5	8
2565.5	10
2566.5	6
2567.5	10
2568.5	8
2569.5	7
2570.5	15
2571.5	16
2572.5	9
2573.5	13
2574.5	13
2575.5	8
2576.5	11
2577.5	6
2578.5	11
2579.5	9
2580.5	8
2581.5	5
2582.5	16
2583.5	12
2584.5	6
2585.5	8
2586.5	13
2587.5	10
2588.5	7
2589.5	10
2590.5	12
2591.5	8
2592.5	13
2593.5	11
2594.5	5
2595.5	9
2596.5	8
2597.5	9
2598.5	8
2599.5	16
2600.5	8
2601.5	7
2602.5	8
2603.5	13
2604.5	7
2605.5	9
2606.5	8
2607.5	6
2608.5	11
2609.5	7
2610.5	8
2611.5	11
2612.5	15
2613.5	11
2614.5	10
2615.5	8
2616.5	9
2617.5	10
2618.5	4
2619.5	17
2620.5	16
2621.5	9
2622.5	8
2623.5	11
2624.5	8
2625.5	5
2626.5	8
2627.5	11
2628.5	9
2629.5	9
2630.5	7
2631.5	11
2632.5	13
2633.5	6
2634.5	8
2635.5	12
2636.5	10
2637.5	9
2638.5	10
2639.5	5
2640.5	13
2641.5	7
2642.5	11
2643.5	7
2644.5	11
2645.5	8
2646.5	11
2647.5	8
2648.5	13
2649.5	13
2650.5	9
2651.5	9
2652.5	7
2653.5	11
2654.5	12
2655.5	6
2656.5	11
2657.5	9
2658.5	8
2659.5	13
2660.5	12
2661.5	13
2662.5	11
2663.5	15
2664.5	13
2665.5	4
2666.5	7
2667.5	6
2668.5	8
2669.5	6
2670.5	9
2671.5	12
2672.5	9
2673.5	10
2674.5	11
2675.5	8
2676.5	9
2677.5	7
2678.5	14
2679.5	10
2680.5	15
2681.5	9
2682.5	6
2683.5	14
2684.5	5
2685.5	7
2686.5	9
2687.5	7
2688.5	11
2689.5	9
2690.5	9
2691.5	7
2692.5	12
2693.5	10
2694.5	8
2695.5	8
2696.5	6
2697.5	13
2698.5	5
2699.5	6
2700.5	8
2701.5	16
2702.5	10
2703.5	9
2704.5	9
2705.5	9
2706.5	9
2707.5	5
2708.5	6
2709.5	7
2710.5	10
2711.5	10
2712.5	14
2713.5	7
2714.5	7
2715.5	6
2716.5	9
2717.5	6
2718.5	6
2719.5	11
2720.5	5
2721.5	9
2722.5	12
2723.5	11
2724.5	12
2725.5	7
2726.5	9
2727.5	8
2728.5	11
2729.5	6
2730.5	8
2731.5	8
2732.5	8
2733.5	9
2734.5	8
2735.5	10
2736.5	9
2737.5	9
2738.5	11
2739.5	10
2740.5	7
2741.5	10
2742.5	5
2743.5	7
2744.5	5
2745.5	13
2746.5	5
2747.5	8
2748.5	11
2749.5	5
2750.5	11
2751.5	8
2752.5	5
2753.5	10
2754.5	8
2755.5	10
2756.5	5
2757.5	13
2758.5	9
2759.5	8
2760.5	7
2761.5	18
2762.5	7
2763.5	8
2764.5	15
2765.5	12
2766.5	7
2767.5	6
2768.5	6
2769.5	7
2770.5	18
2771.5	7
2772.5	3
2773.5	6
2774.5	9
2775.5	14
2776.5	14
2777.5	8
2778.5	7
2779.5	10
2780.5	8
2781.5	10
2782.5	3
2783.5	11
2784.5	11
2785.5	11
2786.5	9
2787.5	7
2788.5	9
2789.5	6
2790.5	4
2791.5	12
2792.5	6
2793.5	8
2794.5	8
2795.5	12
2796.5	5
2797.5	9
2798.5	10
2799.5	5
2800.5	7
2801.5	7
2802.5	8
2803.5	7
2804.5	6
2805.5	8
2806.5	7
2807.5	10
2808.5	5
2809.5	7
2810.5	7
2811.5	12
2812.5	2
2813.5	11
2814.5	6
2815.5	12
2816.5	5
2817.5	8
2818.5	7
2819.5	13
2820.5	9
2821.5	8
2822.5	8
2823.5	12
2824.5	10
2825.5	16
2826.5	10
2827.5	14
2828.5	5
2829.5	10
2830.5	10
2831.5	8
2832.5	11
2833.5	8
2834.5	13
2835.5	9
2836.5	17
2837.5	5
2838.5	8
2839.5	12
2840.5	11
2841.5	11
2842.5	9
2843.5	6
2844.5	14
2845.5	7
2846.5	9
2847.5	10
2848.5	12
2849.5	10
2850.5	4
2851.5	16
2852.5	4
2853.5	9
2854.5	6
2855.5	15
2856.5	7
2857.5	13
2858.5	15
2859.5	14
2860.5	13
2861.5	13
2862.5	14
2863.5	10
2864.5	13
2865.5	9
2866.5	10
2867.5	10
2868.5	17
2869.5	15
2870.5	13
2871.5	13
2872.5	12
2873.5	14
2874.5	8
2875.5	14
2876.5	7
2877.5	11
2878.5	16
2879.5	10
2880.5	14
2881.5	9
2882.5	8
2883.5	10
2884.5	12
2885.5	9
2886.5	8
2887.5	6
2888.5	11
2889.5	11
2890.5	6
2891.5	11
2892.5	6
2893.5	8
2894.5	8
2895.5	10
2896.5	14
2897.5	9
2898.5	6
2899.5	12
2900.5	13
2901.5	7
2902.5	10
2903.5	9
2904.5	10
2905.5	10
2906.5	16
2907.5	13
2908.5	10
2909.5	10
2910.5	14
2911.5	6
2912.5	10
2913.5	10
2914.5	16
2915.5	13
2916.5	11
2917.5	7
2918.5	10
2919.5	5
2920.5	10
2921.5	7
2922.5	7
2923.5	7
2924.5	11
2925.5	12
2926.5	13
2927.5	14
2928.5	5
2929.5	9
2930.5	9
2931.5	4
2932.5	13
2933.5	5
2934.5	12
2935.5	13
2936.5	4
2937.5	14
2938.5	13
2939.5	6
2940.5	9
2941.5	9
2942.5	11
2943.5	11
2944.5	11
2945.5	6
2946.5	10
2947.5	12
2948.5	11
2949.5	17
2950.5	12
2951.5	14
2952.5	11
2953.5	6
2954.5	11
2955.5	11
2956.5	10
2957.5	9
2958.5	9
2959.5	10
2960.5	15
2961.5	11
2962.5	9
2963.5	13
2964.5	5
2965.5	11
2966.5	8
2967.5	11
2968.5	14
2969.5	12
2970.5	11
2971.5	15
2972.5	12
2973.5	9
2974.5	15
2975.5	18
2976.5	18
2977.5	13
2978.5	13
2979.5	6
2980.5	15
2981.5	10
2982.5	7
2983.5	14
2984.5	14
2985.5	21
2986.5	9
2987.5	13
2988.5	16
2989.5	11
2990.5	10
2991.5	12
2992.5	7
2993.5	6
2994.5	10
2995.5	13
2996.5	16
2997.5	9
2998.5	21
2999.5	6
3000.5	13
3001.5	8
3002.5	11
3003.5	7
3004.5	12
3005.5	20
3006.5	12
3007.5	11
3008.5	5
3009.5	7
3010.5	10
3011.5	10
3012.5	12
3013.5	9
3014.5	23
3015.5	12
3016.5	8
3017.5	11
3018.5	10
3019.5	11
3020.5	17
3021.5	9
3022.5	6
3023.5	20
3024.5	8
3025.5	13
3026.5	15
3027.5	13
3028.5	11
3029.5	10
3030.5	12
3031.5	11
3032.5	9
3033.5	7
3034.5	11
3035.5	13
3036.5	11
3037.5	10
3038.5	9
3039.5	19
3040.5	11
3041.5	13
3042.5	12
3043.5	9
3044.5	11
3045.5	7
3046.5	12
3047.5	11
3048.5	8
3049.5	11
3050.5	9
3051.5	11
3052.5	13
3053.5	14
3054.5	8
3055.5	11
3056.5	7
3057.5	9
3058.5	9
3059.5	21
3060.5	4
3061.5	8
3062.5	4
3063.5	15
3064.5	12
3065.5	15
3066.5	12
3067.5	8
3068.5	11
3069.5	11
3070.5	16
3071.5	13
3072.5	15
3073.5	13
3074.5	11
3075.5	15
3076.5	1
3077.5	19
3078.5	11
3079.5	13
3080.5	12
3081.5	14
3082.5	9
3083.5	9
3084.5	13
3085.5	16
3086.5	20
3087.5	10
3088.5	12
3089.5	14
3090.5	8
3091.5	8
3092.5	16
3093.5	12
3094.5	8
3095.5	10
3096.5	12
3097.5	10
3098.5	11
3099.5	12
3100.5	12
3101.5	11
3102.5	12
3103.5	9
3104.5	14
3105.5	14
3106.5	13
3107.5	9
3108.5	11
3109.5	7
3110.5	12
3111.5	20
3112.5	12
3113.5	7
3114.5	8
3115.5	13
3116.5	14
3117.5	12
3118.5	16
3119.5	9
3120.5	15
3121.5	12
3122.5	11
3123.5	13
3124.5	12
3125.5	13
3126.5	11
3127.5	16
3128.5	20
3129.5	11
3130.5	19
3131.5	13
3132.5	18
3133.5	8
3134.5	19
3135.5	16
3136.5	10
3137.5	9
3138.5	11
3139.5	11
3140.5	18
3141.5	13
3142.5	11
3143.5	8
3144.5	14
3145.5	12
3146.5	12
3147.5	12
3148.5	10
3149.5	13
3150.5	7
3151.5	12
3152.5	11
3153.5	14
3154.5	14
3155.5	15
3156.5	18
3157.5	9
3158.5	15
3159.5	14
3160.5	19
3161.5	15
3162.5	10
3163.5	13
3164.5	14
3165.5	22
3166.5	18
3167.5	12
3168.5	11
3169.5	16
3170.5	9
3171.5	12
3172.5	9
3173.5	13
3174.5	15
3175.5	12
3176.5	10
3177.5	13
3178.5	11
3179.5	9
3180.5	18
3181.5	10
3182.5	19
3183.5	14
3184.5	16
3185.5	19
3186.5	21
3187.5	13
3188.5	15
3189.5	5
3190.5	14
3191.5	17
3192.5	14
3193.5	13
3194.5	18
3195.5	18
3196.5	20
3197.5	16
3198.5	17
3199.5	19
3200.5	21
3201.5	19
3202.5	27
3203.5	19
3204.5	30
3205.5	15
3206.5	21
3207.5	20
3208.5	23
3209.5	22
3210.5	29
3211.5	27
3212.5	21
3213.5	24
3214.5	18
3215.5	26
3216.5	22
3217.5	29
3218.5	32
3219.5	32
3220.5	30
3221.5	28
3222.5	28
3223.5	31
3224.5	26
3225.5	29
3226.5	25
3227.5	23
3228.5	23
3229.5	31
3230.5	30
3231.5	22
3232.5	31
3233.5	24
3234.5	34
3235.5	34
3236.5	24
3237.5	22
3238.5	31
3239.5	25
3240.5	41
3241.5	35
3242.5	27
3243.5	35
3244.5	28
3245.5	27
3246.5	24
3247.5	29
3248.5	33
3249.5	28
3250.5	23
3251.5	34
3252.5	18
3253.5	46
3254.5	33
3255.5	31
3256.5	17
3257.5	31
3258.5	31
3259.5	34
3260.5	33
3261.5	30
3262.5	29
3263.5	22
3264.5	31
3265.5	35
3266.5	30
3267.5	39
3268.5	24
3269.5	32
3270.5	24
3271.5	26
3272.5	41
3273.5	17
3274.5	33
3275.5	22
3276.5	40
3277.5	32
3278.5	23
3279.5	32
3280.5	24
3281.5	29
3282.5	26
3283.5	25
3284.5	22
3285.5	18
3286.5	25
3287.5	27
3288.5	32
3289.5	17
3290.5	26
3291.5	26
3292.5	20
3293.5	32
3294.5	23
3295.5	26
3296.5	30
3297.5	18
3298.5	27
3299.5	24
3300.5	26
3301.5	30
3302.5	20
3303.5	24
3304.5	18
3305.5	25
3306.5	29
3307.5	30
3308.5	28
3309.5	26
3310.5	18
3311.5	22
3312.5	29
3313.5	12
3314.5	23
3315.5	21
3316.5	18
3317.5	21
3318.5	24
3319.5	24
3320.5	26
3321.5	23
3322.5	29
3323.5	24
3324.5	27
3325.5	23
3326.5	17
3327.5	19
3328.5	20
3329.5	19
3330.5	18
3331.5	26
3332.5	28
3333.5	14
3334.5	24
3335.5	25
3336.5	18
3337.5	26
3338.5	15
3339.5	15
3340.5	19
3341.5	22
3342.5	22
3343.5	23
3344.5	19
3345.5	20
3346.5	19
3347.5	20
3348.5	26
3349.5	17
3350.5	27
3351.5	19
3352.5	15
3353.5	16
3354.5	26
3355.5	23
3356.5	24
3357.5	32
3358.5	28
3359.5	14
3360.5	16
3361.5	23
3362.5	17
3363.5	16
3364.5	26
3365.5	16
3366.5	10
3367.5	20
3368.5	23
3369.5	27
3370.5	25
3371.5	18
3372.5	20
3373.5	12
3374.5	30
3375.5	21
3376.5	25
3377.5	20
3378.5	18
3379.5	23
3380.5	23
3381.5	18
3382.5	17
3383.5	24
3384.5	12
3385.5	15
3386.5	16
3387.5	16
3388.5	19
3389.5	23
3390.5	23
3391.5	18
3392.5	20
3393.5	11
3394.5	19
3395.5	22
3396.5	19
3397.5	27
3398.5	24
3399.5	21
3400.5	19
3401.5	27
3402.5	19
3403.5	21
3404.5	21
3405.5	19
3406.5	19
3407.5	25
3408.5	19
3409.5	19
3410.5	12
3411.5	23
3412.5	16
3413.5	21
3414.5	19
3415.5	20
3416.5	18
3417.5	24
3418.5	17
3419.5	16
3420.5	15
3421.5	26
3422.5	14
3423.5	20
3424.5	25
3425.5	23
3426.5	16
3427.5	23
3428.5	19
3429.5	22
3430.5	29
3431.5	17
3432.5	20
3433.5	24
3434.5	18
3435.5	18
3436.5	19
3437.5	16
3438.5	19
3439.5	19
3440.5	29
3441.5	13
3442.5	17
3443.5	28
3444.5	19
3445.5	17
3446.5	20
3447.5	18
3448.5	24
3449.5	17
3450.5	17
3451.5	21
3452.5	23
3453.5	18
3454.5	18
3455.5	27
3456.5	16
3457.5	22
3458.5	20
3459.5	23
3460.5	22
3461.5	18
3462.5	13
3463.5	33
3464.5	20
3465.5	14
3466.5	19
3467.5	23
3468.5	17
3469.5	24
3470.5	27
3471.5	16
3472.5	23
3473.5	22
3474.5	17
3475.5	16
3476.5	17
3477.5	11
3478.5	21
3479.5	13
3480.5	18
3481.5	20
3482.5	12
3483.5	21
3484.5	18
3485.5	20
3486.5	20
3487.5	18
3488.5	19
3489.5	25
3490.5	14
3491.5	33
3492.5	19
3493.5	19
3494.5	16
3495.5	21
3496.5	16
3497.5	29
3498.5	21
3499.5	17
3500.5	17
3501.5	20
3502.5	18
3503.5	29
3504.5	16
3505.5	22
3506.5	23
3507.5	13
3508.5	19
3509.5	22
3510.5	15
3511.5	14
3512.5	22
3513.5	20
3514.5	23
3515.5	19
3516.5	24
3517.5	14
3518.5	32
3519.5	19
3520.5	18
3521.5	17
3522.5	18
3523.5	20
3524.5	19
3525.5	24
3526.5	22
3527.5	20
3528.5	18
3529.5	19
3530.5	11
3531.5	21
3532.5	15
3533.5	20
3534.5	17
3535.5	19
3536.5	16
3537.5	18
3538.5	18
3539.5	18
3540.5	27
3541.5	17
3542.5	17
3543.5	20
3544.5	18
3545.5	18
3546.5	13
3547.5	17
3548.5	21
3549.5	21
3550.5	13
3551.5	17
3552.5	18
3553.5	13
3554.5	12
3555.5	16
3556.5	19
3557.5	18
3558.5	17
3559.5	21
3560.5	14
3561.5	15
3562.5	11
3563.5	14
3564.5	14
3565.5	10
3566.5	25
3567.5	17
3568.5	9
3569.5	23
3570.5	13
3571.5	24
3572.5	13
3573.5	20
3574.5	20
3575.5	14
3576.5	14
3577.5	21
3578.5	15
3579.5	21
3580.5	25
3581.5	21
3582.5	16
3583.5	17
3584.5	9
3585.5	22
3586.5	17
3587.5	15
3588.5	19
3589.5	14
3590.5	23
3591.5	8
3592.5	18
3593.5	17
3594.5	17
3595.5	19
3596.5	15
3597.5	17
3598.5	14
3599.5	21
3600.5	24
3601.5	10
3602.5	16
3603.5	23
3604.5	18
3605.5	12
3606.5	14
3607.5	23
3608.5	15
3609.5	22
3610.5	15
3611.5	21
3612.5	14
3613.5	14
3614.5	18
3615.5	15
3616.5	20
3617.5	19
3618.5	25
3619.5	25
3620.5	18
3621.5	25
3622.5	20
3623.5	14
3624.5	24
3625.5	16
3626.5	17
3627.5	21
3628.5	24
3629.5	21
3630.5	27
3631.5	30
3632.5	23
3633.5	16
3634.5	27
3635.5	24
3636.5	42
3637.5	25
3638.5	30
3639.5	23
3640.5	28
3641.5	24
3642.5	27
3643.5	37
3644.5	39
3645.5	35
3646.5	32
3647.5	27
3648.5	36
3649.5	41
3650.5	47
3651.5	34
3652.5	40
3653.5	28
3654.5	43
3655.5	35
3656.5	44
3657.5	38
3658.5	41
3659.5	44
3660.5	38
3661.5	47
3662.5	51
3663.5	56
3664.5	49
3665.5	49
3666.5	46
3667.5	44
3668.5	55
3669.5	50
3670.5	46
3671.5	49
3672.5	57
3673.5	56
3674.5	47
3675.5	63
3676.5	55
3677.5	49
3678.5	46
3679.5	53
3680.5	56
3681.5	51
3682.5	48
3683.5	64
3684.5	54
3685.5	47
3686.5	47
3687.5	41
3688.5	40
3689.5	43
3690.5	54
3691.5	45
3692.5	41
3693.5	48
3694.5	45
3695.5	43
3696.5	37
3697.5	35
3698.5	43
3699.5	48
3700.5	35
3701.5	41
3702.5	40
3703.5	45
3704.5	31
3705.5	42
3706.5	48
3707.5	41
3708.5	53
3709.5	49
3710.5	37
3711.5	45
3712.5	24
3713.5	40
3714.5	30
3715.5	38
3716.5	47
3717.5	46
3718.5	32
3719.5	39
3720.5	36
3721.5	40
3722.5	39
3723.5	31
3724.5	36
3725.5	32
3726.5	40
3727.5	41
3728.5	41
3729.5	46
3730.5	35
3731.5	25
3732.5	43
3733.5	31
3734.5	27
3735.5	42
3736.5	24
3737.5	28
3738.5	29
3739.5	32
3740.5	25
3741.5	27
3742.5	37
3743.5	35
3744.5	28
3745.5	38
3746.5	27
3747.5	24
3748.5	24
3749.5	32
3750.5	21
3751.5	25
3752.5	28
3753.5	25
3754.5	24
3755.5	24
3756.5	28
3757.5	18
3758.5	28
3759.5	20
3760.5	30
3761.5	20
3762.5	27
3763.5	21
3764.5	20
3765.5	29
3766.5	14
3767.5	23
3768.5	29
3769.5	22
3770.5	17
3771.5	23
3772.5	12
3773.5	27
3774.5	19
3775.5	27
3776.5	23
3777.5	17
3778.5	26
3779.5	20
3780.5	18
3781.5	17
3782.5	15
3783.5	26
3784.5	17
3785.5	12
3786.5	19
3787.5	25
3788.5	22
3789.5	21
3790.5	32
3791.5	24
3792.5	19
3793.5	22
3794.5	21
3795.5	20
3796.5	18
3797.5	26
3798.5	23
3799.5	18
3800.5	30
3801.5	22
3802.5	30
3803.5	19
3804.5	23
3805.5	21
3806.5	23
3807.5	16
3808.5	19
3809.5	14
3810.5	23
3811.5	17
3812.5	23
3813.5	19
3814.5	27
3815.5	16
3816.5	26
3817.5	29
3818.5	23
3819.5	28
3820.5	15
3821.5	25
3822.5	24
3823.5	17
3824.5	24
3825.5	25
3826.5	27
3827.5	20
3828.5	18
3829.5	27
3830.5	24
3831.5	23
3832.5	17
3833.5	20
3834.5	20
3835.5	19
3836.5	20
3837.5	23
3838.5	22
3839.5	20
3840.5	26
3841.5	24
3842.5	30
3843.5	17
3844.5	18
3845.5	25
3846.5	21
3847.5	28
3848.5	25
3849.5	21
3850.5	22
3851.5	22
3852.5	20
3853.5	21
3854.5	23
3855.5	17
3856.5	17
3857.5	17
3858.5	17
3859.5	31
3860.5	17
3861.5	23
3862.5	28
3863.5	19
3864.5	17
3865.5	21
3866.5	14
3867.5	20
3868.5	18
3869.5	29
3870.5	19
3871.5	12
3872.5	21
3873.5	17
3874.5	22
3875.5	20
3876.5	29
3877.5	22
3878.5	24
3879.5	16
3880.5	15
3881.5	21
3882.5	18
3883.5	14
3884.5	24
3885.5	24
3886.5	22
3887.5	18
3888.5	22
3889.5	14
3890.5	26
3891.5	15
3892.5	19
3893.5	19
3894.5	20
3895.5	22
3896.5	22
3897.5	19
3898.5	18
3899.5	18
3900.5	20
3901.5	31
3902.5	14
3903.5	10
3904.5	22
3905.5	13
3906.5	17
3907.5	24
3908.5	25
3909.5	18
3910.5	16
3911.5	21
3912.5	17
3913.5	18
3914.5	13
3915.5	18
3916.5	22
3917.5	11
3918.5	13
3919.5	7
3920.5	13
3921.5	11
3922.5	15
3923.5	17
3924.5	13
3925.5	20
3926.5	12
3927.5	11
3928.5	11
3929.5	10
3930.5	13
3931.5	14
3932.5	16
3933.5	15
3934.5	11
3935.5	13
3936.5	16
3937.5	20
3938.5	8
3939.5	15
3940.5	22
3941.5	12
3942.5	10
3943.5	9
3944.5	17
3945.5	15
3946.5	15
3947.5	14
3948.5	12
3949.5	10
3950.5	10
3951.5	15
3952.5	10
3953.5	8
3954.5	5
3955.5	12
3956.5	7
3957.5	7
3958.5	12
3959.5	12
3960.5	10
3961.5	7
3962.5	13
3963.5	8
3964.5	6
3965.5	9
3966.5	7
3967.5	7
3968.5	11
3969.5	11
3970.5	11
3971.5	11
3972.5	10
3973.5	7
3974.5	8
3975.5	11
3976.5	6
3977.5	16
3978.5	8
3979.5	9
3980.5	12
3981.5	9
3982.5	10
3983.5	11
3984.5	9
3985.5	9
3986.5	6
3987.5	7
3988.5	10
3989.5	2
3990.5	7
3991.5	7
3992.5	5
3993.5	3
3994.5	3
3995.5	11
3996.5	12
3997.5	5
3998.5	5
3999.5	7
4000.5	7
4001.5	6
4002.5	6
4003.5	7
4004.5	3
4005.5	11
4006.5	10
4007.5	6
4008.5	5
4009.5	4
4010.5	2
4011.5	10
4012.5	2
4013.5	9
4014.5	10
4015.5	8
4016.5	6
4017.5	4
4018.5	3
4019.5	5
4020.5	5
4021.5	11
4022.5	4
4023.5	6
4024.5	2
4025.5	9
4026.5	4
4027.5	8
4028.5	5
4029.5	6
4030.5	7
4031.5	4
4032.5	3
4033.5	6
4034.5	8
4035.5	14
4036.5	9
4037.5	6
4038.5	9
4039.5	11
4040.5	10
4041.5	7
4042.5	12
4043.5	13
4044.5	12
4045.5	14
4046.5	15
4047.5	19
4048.5	14
4049.5	17
4050.5	11
4051.5	13
4052.5	16
4053.5	25
4054.5	17
4055.5	21
4056.5	26
4057.5	32
4058.5	26
4059.5	30
4060.5	16
4061.5	22
4062.5	19
4063.5	20
4064.5	23
4065.5	36
4066.5	38
4067.5	28
4068.5	27
4069.5	24
4070.5	40
4071.5	34
4072.5	37
4073.5	34
4074.5	41
4075.5	34
4076.5	44
4077.5	35
4078.5	36
4079.5	46
4080.5	34
4081.5	34
4082.5	44
4083.5	41
4084.5	48
4085.5	44
4086.5	58
4087.5	37
4088.5	47
4089.5	48
4090.5	35
4091.5	43
4092.5	47
4093.5	54
4094.5	42
4095.5	56
4096.5	36
4097.5	44
4098.5	40
4099.5	60
4100.5	42
4101.5	38
4102.5	41
4103.5	54
4104.5	46
4105.5	37
4106.5	47
4107.5	39
4108.5	37
4109.5	37
4110.5	49
4111.5	58
4112.5	45
4113.5	37
4114.5	39
4115.5	37
4116.5	34
4117.5	34
4118.5	31
4119.5	46
4120.5	33
4121.5	37
4122.5	35
4123.5	35
4124.5	32
4125.5	33
4126.5	31
4127.5	38
4128.5	26
4129.5	27
4130.5	29
4131.5	37
4132.5	35
4133.5	26
4134.5	26
4135.5	29
4136.5	31
4137.5	32
4138.5	35
4139.5	28
4140.5	29
4141.5	26
4142.5	41
4143.5	25
4144.5	24
4145.5	30
4146.5	23
4147.5	27
4148.5	26
4149.5	28
4150.5	28
4151.5	26
4152.5	18
4153.5	18
4154.5	20
4155.5	24
4156.5	22
4157.5	28
4158.5	21
4159.5	23
4160.5	14
4161.5	23
4162.5	21
4163.5	30
4164.5	10
4165.5	12
4166.5	10
4167.5	17
4168.5	16
4169.5	11
4170.5	6
4171.5	17
4172.5	22
4173.5	10
4174.5	10
4175.5	9
4176.5	6
4177.5	11
4178.5	10
4179.5	8
4180.5	11
4181.5	8
4182.5	2
4183.5	11
4184.5	4
4185.5	7
4186.5	3
4187.5	2
4188.5	6
4189.5	8
4190.5	5
4191.5	7
4192.5	7
4193.5	3
4194.5	0
4195.5	5
4196.5	4
4197.5	1
4198.5	7
4199.5	1
4200.5	4
4201.5	11
4202.5	4
4203.5	0
4204.5	3
4205.5	6
4206.5	2
4207.5	2
4208.5	2
4209.5	3
4210.5	3
4211.5	2
4212.5	0
4213.5	1
4214.5	0
4215.5	3
4216.5	4
4217.5	2
4218.5	5
4219.5	3
4220.5	2
4221.5	2
4222.5	1
4223.5	1
4224.5	4
4225.5	1
4226.5	4
4227.5	0
4228.5	1
4229.5	2
4230.5	3
4231.5	3
4232.5	0
4233.5	1
4234.5	2
4235.5	2
4236.5	2
4237.5	0
4238.5	1
4239.5	1
4240.5	5
4241.5	3
4242.5	0
4243.5	2
4244.5	3
4245.5	5
4246.5	3
4247.5	2
4248.5	4
4249.5	2
4250.5	5
4251.5	1
4252.5	2
4253.5	1
4254.5	2
4255.5	1
4256.5	0
4257.5	0
4258.5	2
4259.5	2
4260.5	2
4261.5	3
4262.5	2
4263.5	3
4264.5	0
4265.5	3
4266.5	2
4267.5	1
4268.5	1
4269.5	1
4270.5	2
4271.5	0
4272.5	1
4273.5	0
4274.5	3
4275.5	2
4276.5	4
4277.5	1
4278.5	0
4279.5	1
4280.5	2
4281.5	2
4282.5	5
4283.5	1
4284.5	3
4285.5	0
4286.5	1
4287.5	3
4288.5	1
4289.5	0
4290.5	3
4291.5	1
4292.5	2
4293.5	1
4294.5	1
4295.5	1
4296.5	1
4297.5	1
4298.5	1
4299.5	3
4300.5	0
4301.5	2
4302.5	2
4303.5	3
4304.5	0
4305.5	0
4306.5	4
4307.5	1
4308.5	0
4309.5	6
4310.5	1
4311.5	3
4312.5	1
4313.5	2
4314.5	4
4315.5	1
4316.5	3
4317.5	0
4318.5	0
4319.5	3
4320.5	5
4321.5	1
4322.5	0
4323.5	1
4324.5	1
4325.5	2
4326.5	4
4327.5	1
4328.5	0
4329.5	1
4330.5	1
4331.5	2
4332.5	0
4333.5	4
4334.5	3
4335.5	2
4336.5	2
4337.5	3
4338.5	2
4339.5	1
4340.5	1
4341.5	3
4342.5	3
4343.5	1
4344.5	1
4345.5	1
4346.5	1
4347.5	1
4348.5	1
4349.5	3
4350.5	2
4351.5	1
4352.5	1
4353.5	3
4354.5	0
4355.5	1
4356.5	3
4357.5	1
4358.5	1
4359.5	2
4360.5	0
4361.5	4
4362.5	0
4363.5	2
4364.5	3
4365.5	2
4366.5	1
4367.5	1
4368.5	1
4369.5	1
4370.5	1
4371.5	3
4372.5	1
4373.5	0
4374.5	2
4375.5	3
4376.5	1
4377.5	3
4378.5	2
4379.5	4
4380.5	1
4381.5	3
4382.5	1
4383.5	4
4384.5	1
4385.5	1
4386.5	1
4387.5	1
4388.5	1
4389.5	2
4390.5	1
4391.5	4
4392.5	1
4393.5	2
4394.5	0
4395.5	0
4396.5	1
4397.5	1
4398.5	1
4399.5	1
4400.5	1
4401.5	1
4402.5	0
4403.5	0
4404.5	2
4405.5	2
4406.5	0
4407.5	1
4408.5	2
4409.5	1
4410.5	3
4411.5	1
4412.5	0
4413.5	1
4414.5	1
4415.5	1
4416.5	0
4417.5	2
4418.5	2
4419.5	2
4420.5	1
4421.5	2
4422.5	2
4423.5	1
4424.5	4
4425.5	2
4426.5	1
4427.5	1
4428.5	3
4429.5	6
4430.5	4
4431.5	0
4432.5	1
4433.5	2
4434.5	2
4435.5	0
4436.5	3
4437.5	0
4438.5	1
4439.5	3
4440.5	0
4441.5	2
4442.5	1
4443.5	1
4444.5	1
4445.5	2
4446.5	0
4447.5	4
4448.5	1
4449.5	1
4450.5	3
4451.5	2
4452.5	1
4453.5	2
4454.5	2
4455.5	2
4456.5	1
4457.5	0
4458.5	1
4459.5	0
4460.5	1
4461.5	1
4462.5	1
4463.5	1
4464.5	0
4465.5	2
4466.5	1
4467.5	3
4468.5	3
4469.5	1
4470.5	0
4471.5	0
4472.5	0
4473.5	2
4474.5	2
4475.5	4
4476.5	3
4477.5	1
4478.5	2
4479.5	2
4480.5	0
4481.5	2
4482.5	2
4483.5	0
4484.5	1
4485.5	1
4486.5	2
4487.5	3
4488.5	0
4489.5	1
4490.5	2
4491.5	0
4492.5	5
4493.5	0
4494.5	3
4495.5	2
4496.5	1
4497.5	3
4498.5	3
4499.5	1
4500.5	0
4501.5	1
4502.5	1
4503.5	4
4504.5	2
4505.5	2
4506.5	1
4507.5	3
4508.5	3
4509.5	1
4510.5	3
4511.5	1
4512.5	1
4513.5	2
4514.5	0
4515.5	0
4516.5	2
4517.5	3
4518.5	4
4519.5	4
4520.5	0
4521.5	1
4522.5	5
4523.5	1
4524.5	2
4525.5	1
4526.5	1
4527.5	3
4528.5	2
4529.5	3
4530.5	0
4531.5	1
4532.5	2
4533.5	1
4534.5	2
4535.5	6
4536.5	3
4537.5	0
4538.5	2
4539.5	1
4540.5	1
4541.5	1
4542.5	4
4543.5	2
4544.5	1
4545.5	1
4546.5	2
4547.5	0
4548.5	1
4549.5	1
4550.5	0
4551.5	3
4552.5	0
4553.5	0
4554.5	4
4555.5	1
4556.5	1
4557.5	2
4558.5	1
4559.5	0
4560.5	2
4561.5	0
4562.5	2
4563.5	2
4564.5	2
4565.5	1
4566.5	1
4567.5	2
4568.5	4
4569.5	0
4570.5	2
4571.5	1
4572.5	3
4573.5	1
4574.5	1
4575.5	0
4576.5	1
4577.5	0
4578.5	0
4579.5	2
4580.5	4
4581.5	1
4582.5	5
4583.5	2
4584.5	2
4585.5	1
4586.5	5
4587.5	1
4588.5	0
4589.5	2
4590.5	0
4591.5	5
4592.5	1
4593.5	3
4594.5	2
4595.5	2
4596.5	5
4597.5	0
4598.5	3
4599.5	1
4600.5	1
4601.5	1
4602.5	2
4603.5	0
4604.5	1
4605.5	3
4606.5	5
4607.5	3
4608.5	1
4609.5	1
4610.5	1
4611.5	3
4612.5	4
4613.5	3
4614.5	1
4615.5	0
4616.5	6
4617.5	3
4618.5	2
4619.5	3
4620.5	3
4621.5	2
4622.5	1
4623.5	0
4624.5	1
4625.5	3
4626.5	2
4627.5	1
4628.5	2
4629.5	3
4630.5	3
4631.5	1
4632.5	0
4633.5	1
4634.5	5
4635.5	3
4636.5	4
4637.5	4
4638.5	2
4639.5	2
4640.5	0
4641.5	3
4642.5	1
4643.5	3
4644.5	0
4645.5	2
4646.5	4
4647.5	5
4648.5	1
4649.5	2
4650.5	0
4651.5	4
4652.5	0
4653.5	1
4654.5	0
4655.5	1
4656.5	0
4657.5	1
4658.5	4
4659.5	1
4660.5	3
4661.5	3
4662.5	3
4663.5	0
4664.5	3
4665.5	0
4666.5	2
4667.5	6
4668.5	1
4669.5	0
4670.5	1
4671.5	1
4672.5	4
4673.5	3
4674.5	1
4675.5	2
4676.5	2
4677.5	6
4678.5	3
4679.5	2
4680.5	1
4681.5	2
4682.5	1
4683.5	1
4684.5	3
4685.5	2
4686.5	1
4687.5	2
4688.5	0
4689.5	0
4690.5	1
4691.5	2
4692.5	4
4693.5	1
4694.5	3
4695.5	1
4696.5	0
4697.5	0
4698.5	4
4699.5	1
4700.5	1
4701.5	2
4702.5	2
4703.5	1
4704.5	1
4705.5	1
4706.5	0
4707.5	1
4708.5	2
4709.5	0
4710.5	2
4711.5	3
4712.5	2
4713.5	1
4714.5	1
4715.5	1
4716.5	3
4717.5	1
4718.5	3
4719.5	3
4720.5	1
4721.5	2
4722.5	0
4723.5	0
4724.5	1
4725.5	2
4726.5	0
4727.5	1
4728.5	0
4729.5	0
4730.5	4
4731.5	1
4732.5	0
4733.5	0
4734.5	1
4735.5	0
4736.5	1
4737.5	4
4738.5	1
4739.5	5
4740.5	3
4741.5	1
4742.5	1
4743.5	4
4744.5	3
4745.5	1
4746.5	0
4747.5	1
4748.5	1
4749.5	1
4750.5	3
4751.5	0
4752.5	3
4753.5	4
4754.5	3
4755.5	2
4756.5	2
4757.5	3
4758.5	3
4759.5	2
4760.5	1
4761.5	1
4762.5	5
4763.5	2
4764.5	1
4765.5	1
4766.5	4
4767.5	4
4768.5	3
4769.5	0
4770.5	1
4771.5	3
4772.5	1
4773.5	1
4774.5	3
4775.5	1
4776.5	1
4777.5	1
4778.5	2
4779.5	1
4780.5	1
4781.5	3
4782.5	0
4783.5	2
4784.5	2
4785.5	4
4786.5	1
4787.5	0
4788.5	0
4789.5	3
4790.5	4
4791.5	0
4792.5	1
4793.5	0
4794.5	1
4795.5	1
4796.5	0
4797.5	1
4798.5	1
4799.5	0
4800.5	3
4801.5	0
4802.5	2
4803.5	2
4804.5	2
4805.5	4
4806.5	2
4807.5	0
4808.5	0
4809.5	3
4810.5	2
4811.5	5
4812.5	4
4813.5	3
4814.5	2
4815.5	0
4816.5	2
4817.5	3
4818.5	1
4819.5	3
4820.5	2
4821.5	1
4822.5	2
4823.5	2
4824.5	2
4825.5	5
4826.5	0
4827.5	1
4828.5	2
4829.5	1
4830.5	1
4831.5	1
4832.5	0
4833.5	2
4834.5	2
4835.5	2
4836.5	2
4837.5	2
4838.5	0
4839.5	1
4840.5	1
4841.5	2
4842.5	1
4843.5	0
4844.5	1
4845.5	7
4846.5	1
4847.5	3
4848.5	1
4849.5	0
4850.5	1
4851.5	1
4852.5	0
4853.5	2
4854.5	1
4855.5	0
4856.5	2
4857.5	4
4858.5	0
4859.5	4
4860.5	2
4861.5	4
4862.5	1
4863.5	2
4864.5	4
4865.5	2
4866.5	4
4867.5	2
4868.5	2
4869.5	1
4870.5	0
4871.5	1
4872.5	3
4873.5	2
4874.5	1
4875.5	2
4876.5	0
4877.5	1
4878.5	3
4879.5	4
4880.5	7
4881.5	2
4882.5	3
4883.5	0
4884.5	2
4885.5	5
4886.5	1
4887.5	1
4888.5	1
4889.5	2
4890.5	2
4891.5	2
4892.5	2
4893.5	0
4894.5	1
4895.5	0
4896.5	1
4897.5	0
4898.5	5
4899.5	3
4900.5	2
4901.5	1
4902.5	2
4903.5	2
4904.5	1
4905.5	1
4906.5	1
4907.5	3
4908.5	1
4909.5	0
4910.5	2
4911.5	1
4912.5	1
4913.5	1
4914.5	0
4915.5	1
4916.5	1
4917.5	2
4918.5	1
4919.5	2
4920.5	0
4921.5	3
4922.5	2
4923.5	1
4924.5	2
4925.5	3
4926.5	2
4927.5	2
4928.5	6
4929.5	2
4930.5	3
4931.5	2
4932.5	1
4933.5	2
4934.5	3
4935.5	4
4936.5	3
4937.5	0
4938.5	1
4939.5	3
4940.5	2
4941.5	2
4942.5	3
4943.5	2
4944.5	1
4945.5	2
4946.5	2
4947.5	3
4948.5	2
4949.5	2
4950.5	1
4951.5	1
4952.5	2
4953.5	0
4954.5	2
4955.5	0
4956.5	0
4957.5	2
4958.5	3
4959.5	2
4960.5	1
4961.5	5
4962.5	1
4963.5	0
4964.5	0
4965.5	1
4966.5	1
4967.5	1
4968.5	0
4969.5	1
4970.5	3
4971.5	3
4972.5	3
4973.5	1
4974.5	2
4975.5	0
4976.5	1
4977.5	4
4978.5	0
4979.5	2
4980.5	2
4981.5	0
4982.5	1
4983.5	0
4984.5	1
4985.5	3
4986.5	1
4987.5	1
4988.5	0
4989.5	0
4990.5	1
4991.5	1
4992.5	3
4993.5	3
4994.5	1
4995.5	4
4996.5	1
4997.5	1
4998.5	2
4999.5	3
5000.5	3
5001.5	3
5002.5	2
5003.5	3
5004.5	3
5005.5	1
5006.5	3
5007.5	2
5008.5	0
5009.5	4
5010.5	4
5011.5	3
5012.5	0
5013.5	3
5014.5	3
5015.5	1
5016.5	2
5017.5	3
5018.5	3
5019.5	1
5020.5	1
5021.5	0
5022.5	3
5023.5	2
5024.5	2
5025.5	2
5026.5	1
5027.5	6
5028.5	3
5029.5	4
5030.5	0
5031.5	3
5032.5	2
5033.5	2
5034.5	2
5035.5	2
5036.5	2
5037.5	1
5038.5	5
5039.5	2
5040.5	3
5041.5	2
5042.5	3
5043.5	2
5044.5	3
5045.5	2
5046.5	5
5047.5	2
5048.5	3
5049.5	2
5050.5	1
5051.5	1
5052.5	5
5053.5	1
5054.5	2
5055.5	2
5056.5	2
5057.5	4
5058.5	1
5059.5	1
5060.5	2
5061.5	2
5062.5	2
5063.5	4
5064.5	0
5065.5	0
5066.5	2
5067.5	0
5068.5	1
5069.5	2
5070.5	1
5071.5	1
5072.5	0
5073.5	2
5074.5	3
5075.5	3
5076.5	3
5077.5	3
5078.5	2
5079.5	0
5080.5	0
5081.5	3
5082.5	3
5083.5	5
5084.5	4
5085.5	0
5086.5	3
5087.5	3
5088.5	4
5089.5	3
5090.5	1
5091.5	1
5092.5	1
5093.5	2
5094.5	1
5095.5	2
5096.5	0
5097.5	0
5098.5	1
5099.5	1
5100.5	2
5101.5	3
5102.5	2
5103.5	3
5104.5	2
5105.5	2
5106.5	1
5107.5	2
5108.5	1
5109.5	6
5110.5	2
5111.5	2
5112.5	0
5113.5	0
5114.5	1
5115.5	4
5116.5	2
5117.5	2
5118.5	5
5119.5	1
5120.5	3
5121.5	2
5122.5	2
5123.5	1
5124.5	2
5125.5	1
5126.5	1
5127.5	2
5128.5	4
5129.5	0
5130.5	0
5131.5	0
5132.5	3
5133.5	3
5134.5	1
5135.5	0
5136.5	1
5137.5	0
5138.5	2
5139.5	2
5140.5	2
5141.5	0
5142.5	0
5143.5	2
5144.5	3
5145.5	0
5146.5	1
5147.5	3
5148.5	0
5149.5	1
5150.5	0
5151.5	1
5152.5	1
5153.5	1
5154.5	3
5155.5	0
5156.5	2
5157.5	1
5158.5	0
5159.5	2
5160.5	1
5161.5	3
5162.5	3
5163.5	4
5164.5	0
5165.5	1
5166.5	3
5167.5	3
5168.5	1
5169.5	0
5170.5	0
5171.5	1
5172.5	1
5173.5	0
5174.5	2
5175.5	2
5176.5	2
5177.5	1
5178.5	3
5179.5	2
5180.5	3
5181.5	4
5182.5	0
5183.5	1
5184.5	2
5185.5	1
5186.5	3
5187.5	1
5188.5	1
5189.5	3
5190.5	1
5191.5	1
5192.5	5
5193.5	3
5194.5	3
5195.5	1
5196.5	3
5197.5	1
5198.5	5
5199.5	3
5200.5	1
5201.5	3
5202.5	1
5203.5	4
5204.5	2
5205.5	2
5206.5	0
5207.5	1
5208.5	4
5209.5	2
5210.5	1
5211.5	0
5212.5	1
5213.5	1
5214.5	1
5215.5	2
5216.5	2
5217.5	2
5218.5	1
5219.5	0
5220.5	6
5221.5	2
5222.5	1
5223.5	2
5224.5	2
5225.5	0
5226.5	3
5227.5	1
5228.5	4
5229.5	0
5230.5	2
5231.5	2
5232.5	1
5233.5	1
5234.5	0
5235.5	1
5236.5	2
5237.5	1
5238.5	3
5239.5	1
5240.5	0
5241.5	0
5242.5	2
5243.5	2
5244.5	0
5245.5	3
5246.5	1
5247.5	2
5248.5	3
5249.5	2
5250.5	3
5251.5	4
5252.5	1
5253.5	1
5254.5	1
5255.5	1
5256.5	0
5257.5	1
5258.5	3
5259.5	1
5260.5	1
5261.5	2
5262.5	0
5263.5	3
5264.5	2
5265.5	1
5266.5	1
5267.5	3
5268.5	1
5269.5	1
5270.5	2
5271.5	0
5272.5	2
5273.5	3
5274.5	1
5275.5	1
5276.5	2
5277.5	4
5278.5	0
5279.5	0
5280.5	2
5281.5	1
5282.5	2
5283.5	0
5284.5	2
5285.5	1
5286.5	1
5287.5	0
5288.5	3
5289.5	1
5290.5	0
5291.5	0
5292.5	2
5293.5	3
5294.5	2
5295.5	2
5296.5	2
5297.5	1
5298.5	2
5299.5	2
5300.5	1
5301.5	3
5302.5	2
5303.5	3
5304.5	2
5305.5	1
5306.5	2
5307.5	3
5308.5	1
5309.5	2
5310.5	3
5311.5	2
5312.5	2
5313.5	0
5314.5	2
5315.5	1
5316.5	2
5317.5	2
5318.5	3
5319.5	1
5320.5	0
5321.5	2
5322.5	0
5323.5	4
5324.5	2
5325.5	0
5326.5	2
5327.5	1
5328.5	3
5329.5	1
5330.5	0
5331.5	0
5332.5	1
5333.5	3
5334.5	3
5335.5	1
5336.5	1
5337.5	0
5338.5	3
5339.5	1
5340.5	0
5341.5	1
5342.5	1
5343.5	0
5344.5	2
5345.5	1
5346.5	2
5347.5	1
5348.5	0
5349.5	2
5350.5	1
5351.5	1
5352.5	1
5353.5	1
5354.5	0
5355.5	3
5356.5	2
5357.5	2
5358.5	2
5359.5	2
5360.5	2
5361.5	3
5362.5	1
5363.5	1
5364.5	3
5365.5	1
5366.5	0
5367.5	0
5368.5	1
5369.5	0
5370.5	4
5371.5	0
5372.5	2
5373.5	2
5374.5	3
5375.5	2
5376.5	2
5377.5	4
5378.5	4
5379.5	0
5380.5	2
5381.5	5
5382.5	3
5383.5	1
5384.5	1
5385.5	1
5386.5	1
5387.5	4
5388.5	0
5389.5	0
5390.5	2
5391.5	1
5392.5	2
5393.5	1
5394.5	1
5395.5	0
5396.5	5
5397.5	1
5398.5	3
5399.5	2
5400.5	1
5401.5	3
5402.5	3
5403.5	0
5404.5	2
5405.5	4
5406.5	2
5407.5	2
5408.5	2
5409.5	1
5410.5	1
5411.5	2
5412.5	0
5413.5	4
5414.5	0
5415.5	0
5416.5	2
5417.5	1
5418.5	0
5419.5	1
5420.5	1
5421.5	0
5422.5	1
5423.5	1
5424.5	0
5425.5	1
5426.5	1
5427.5	0
5428.5	0
5429.5	0
5430.5	0
5431.5	0
5432.5	0
5433.5	1
5434.5	0
5435.5	1
5436.5	0
5437.5	1
5438.5	0
5439.5	0
5440.5	0
5441.5	0
5442.5	0
5443.5	0
5444.5	0
5445.5	0
5446.5	0
5447.5	0
5448.5	0
5449.5	0
5450.5	0
5451.5	0
5452.5	0
5453.5	0
5454.5	0
5455.5	0
5456.5	0
5457.5	0
5458.5	0
5459.5	0
5460.5	0
5461.5	0
5462.5	0
5463.5	0
5464.5	0
5465.5	0
5466.5	0
5467.5	0
5468.5	0
5469.5	0
5470.5	0
5471.5	0
5472.5	0
5473.5	0
5474.5	0
5475.5	0
5476.5	0
5477.5	0
5478.5	0
5479.5	0
5480.5	0
5481.5	0
5482.5	0
5483.5	0
5484.5	0
5485.5	0
5486.5	0
5487.5	0
5488.5	0
5489.5	0
5490.5	0
5491.5	0
5492.5	0
5493.5	0
5494.5	0
5495.5	0
5496.5	0
5497.5	0
5498.5	0
5499.5	0
5500.5	0
5501.5	0
5502.5	0
5503.5	0
5504.5	0
5505.5	0
5506.5	0
5507.5	0
5508.5	0
5509.5	0
5510.5	0
5511.5	0
5512.5	0
5513.5	0
5514.5	0
5515.5	0
5516.5	0
5517.5	0
5518.5	0
5519.5	0
5520.5	0
5521.5	0
5522.5	0
5523.5	0
5524.5	0
5525.5	0
5526.5	0
5527.5	0
5528.5	0
5529.5	0
5530.5	0
5531.5	0
5532.5	0
5533.5	0
5534.5	0
5535.5	0
5536.5	0
5537.5	0
5538.5	0
5539.5	0
5540.5	0
5541.5	0
5542.5	0
5543.5	0
5544.5	0
5545.5	0
5546.5	0
5547.5	0
5548.5	0
5549.5	0
5550.5	0
5551.5	0
5552.5	0
5553.5	0
5554.5	0
5555.5	0
5556.5	0
5557.5	0
5558.5	0
5559.5	0
5560.5	0
5561.5	0
5562.5	0
5563.5	0
5564.5	0
5565.5	0
5566.5	0
5567.5	0
5568.5	0
5569.5	0
5570.5	0
5571.5	0
5572.5	0
5573.5	0
5574.5	0
5575.5	0
5576.5	0
5577.5	0
5578.5	0
5579.5	0
5580.5	0
5581.5	0
5582.5	0
5583.5	0
5584.5	0
5585.5	0
5586.5	0
5587.5	0
5588.5	0
5589.5	0
5590.5	0
5591.5	0
5592.5	0
5593.5	0
5594.5	0
5595.5	0
5596.5	0
5597.5	0
5598.5	0
5599.5	0
5600.5	0
5601.5	0
5602.5	0
5603.5	0
5604.5	0
5605.5	0
5606.5	0
5607.5	0
5608.5	0
5609.5	0
5610.5	0
5611.5	0
5612.5	0
5613.5	0
5614.5	0
5615.5	0
5616.5	0
5617.5	0
5618.5	0
5619.5	0
5620.5	0
5621.5	0
5622.5	0
5623.5	0
5624.5	0
5625.5	0
5626.5	0
5627.5	0
5628.5	0
5629.5	0
5630.5	0
5631.5	0
5632.5	0
5633.5	0
5634.5	0
5635.5	0
5636.5	0
5637.5	0
5638.5	0
5639.5	0
5640.5	0
5641.5	0
5642.5	0
5643.5	0
5644.5	0
5645.5	0
5646.5	0
5647.5	0
5648.5	0
5649.5	0
5650.5	0
5651.5	0
5652.5	0
5653.5	0
5654.5	0
5655.5	0
5656.5	0
5657.5	0
5658.5	0
5659.5	0
5660.5	0
5661.5	0
5662.5	0
5663.5	0
5664.5	0
5665.5	0
5666.5	0
5667.5	0
5668.5	0
5669.5	0
5670.5	0
5671.5	0
5672.5	0
5673.5	0
5674.5	0
5675.5	0
5676.5	0
5677.5	0
5678.5	0
5679.5	0
5680.5	0
5681.5	0
5682.5	0
5683.5	0
5684.5	0
5685.5	0
5686.5	0
5687.5	0
5688.5	0
5689.5	0
5690.5	0
5691.5	0
5692.5	0
5693.5	0
5694.5	0
5695.5	0
5696.5	0
5697.5	0
5698.5	0
5699.5	0
5700.5	0
5701.5	0
5702.5	0
5703.5	0
5704.5	0
5705.5	0
5706.5	0
5707.5	0
5708.5	0
5709.5	0
5710.5	0
5711.5	0
5712.5	0
5713.5	0
5714.5	0
5715.5	0
5716.5	0
5717.5	0
5718.5	0
5719.5	0
5720.5	0
5721.5	0
5722.5	0
5723.5	0
5724.5	0
5725.5	0
5726.5	0
5727.5	0
5728.5	0
5729.5	0
5730.5	0
5731.5	0
5732.5	0
5733.5	0
5734.5	0
5735.5	0
5736.5	0
5737.5	0
5738.5	0
5739.5	0
5740.5	0
5741.5	0
5742.5	0
5743.5	0
5744.5	0
5745.5	0
5746.5	0
5747.5	0
5748.5	0
5749.5	0
5750.5	0
5751.5	0
5752.5	0
5753.5	0
5754.5	0
5755.5	0
5756.5	0
5757.5	0
5758.5	0
5759.5	0
5760.5	0
5761.5	0
5762.5	0
5763.5	0
5764.5	0
5765.5	0
5766.5	0
5767.5	0
5768.5	0
5769.5	0
5770.5	0
5771.5	0
5772.5	0
5773.5	0
5774.5	0
5775.5	0
5776.5	0
5777.5	0
5778.5	0
5779.5	0
5780.5	0
5781.5	0
5782.5	0
5783.5	0
5784.5	0
5785.5	0
5786.5	0
5787.5	0
5788.5	0
5789.5	0
5790.5	0
5791.5	0
5792.5	0
5793.5	0
5794.5	0
5795.5	0
5796.5	0
5797.5	0
5798.5	0
5799.5	0
5800.5	0
5801.5	0
5802.5	0
5803.5	0
5804.5	0
5805.5	0
5806.5	0
5807.5	0
5808.5	0
5809.5	0
5810.5	0
5811.5	0
5812.5	0
5813.5	0
5814.5	0
5815.5	0
5816.5	0
5817.5	0
5818.5	0
5819.5	0
5820.5	0
5821.5	0
5822.5	0
5823.5	0
5824.5	0
5825.5	0
5826.5	0
5827.5	0
5828.5	0
5829.5	0
5830.5	0
5831.5	0
5832.5	0
5833.5	0
5834.5	0
5835.5	0
5836.5	0
5837.5	0
5838.5	0
5839.5	0
5840.5	0
5841.5	0
5842.5	0
5843.5	0
5844.5	0
5845.5	0
5846.5	0
5847.5	0
5848.5	0
5849.5	0
5850.5	0
5851.5	0
5852.5	0
5853.5	0
5854.5	0
5855.5	0
5856.5	0
5857.5	0
5858.5	0
5859.5	0
5860.5	0
5861.5	0
5862.5	0
5863.5	0
5864.5	0
5865.5	0
5866.5	0
5867.5	0
5868.5	0
5869.5	0
5870.5	0
5871.5	0
5872.5	0
5873.5	0
5874.5	0
5875.5	0
5876.5	0
5877.5	0
5878.5	0
5879.5	0
5880.5	0
5881.5	0
5882.5	0
5883.5	0
5884.5	0
5885.5	0
5886.5	0
5887.5	0
5888.5	0
5889.5	0
5890.5	0
5891.5	0
5892.5	0
5893.5	0
5894.5	0
5895.5	0
5896.5	0
5897.5	0
5898.5	0
5899.5	0
5900.5	0
5901.5	0
5902.5	0
5903.5	0
5904.5	0
5905.5	0
5906.5	0
5907.5	0
5908.5	0
5909.5	0
5910.5	0
5911.5	0
5912.5	0
5913.5	0
5914.5	0
5915.5	0
5916.5	0
5917.5	0
5918.5	0
5919.5	0
5920.5	0
5921.5	0
5922.5	0
5923.5	0
5924.5	0
5925.5	0
5926.5	0
5927.5	0
5928.5	0
5929.5	0
5930.5	0
5931.5	0
5932.5	0
5933.5	0
5934.5	0
5935.5	0
5936.5	0
5937.5	0
5938.5	0
5939.5	1
5940.5	0
5941.5	0
5942.5	0
5943.5	0
5944.5	0
5945.5	0
5946.5	0
5947.5	0
5948.5	0
5949.5	0
5950.5	0
5951.5	0
5952.5	0
5953.5	0
5954.5	0
5955.5	0
5956.5	0
5957.5	0
5958.5	0
5959.5	0
5960.5	0
5961.5	0
5962.5	0
5963.5	0
5964.5	0
5965.5	0
5966.5	0
5967.5	0
5968.5	0
5969.5	0
5970.5	0
5971.5	0
5972.5	0
5973.5	0
5974.5	0
5975.5	0
5976.5	0
5977.5	0
5978.5	0
5979.5	0
5980.5	0
5981.5	0
5982.5	0
5983.5	0
5984.5	0
5985.5	0
5986.5	0
5987.5	0
5988.5	0
5989.5	0
5990.5	0
5991.5	0
5992.5	0
5993.5	0
5994.5	0
5995.5	0
5996.5	0
5997.5	0
5998.5	0
5999.5	0
6000.5	0
6001.5	0
6002.5	0
6003.5	0
6004.5	0
6005.5	0
6006.5	0
6007.5	0
6008.5	0
6009.5	0
6010.5	0
6011.5	0
6012.5	0
6013.5	0
6014.5	0
6015.5	0
6016.5	0
6017.5	0
6018.5	0
6019.5	0
6020.5	0
6021.5	0
6022.5	0
6023.5	0
6024.5	0
6025.5	0
6026.5	0
6027.5	0
6028.5	0
6029.5	0
6030.5	0
6031.5	0
6032.5	0
6033.5	0
6034.5	0
6035.5	0
6036.5	0
6037.5	0
6038.5	0
6039.5	0
6040.5	0
6041.5	0
6042.5	0
6043.5	0
6044.5	0
6045.5	0
6046.5	0
6047.5	0
6048.5	0
6049.5	0
6050.5	0
6051.5	0
6052.5	0
6053.5	0
6054.5	0
6055.5	0
6056.5	0
6057.5	0
6058.5	0
6059.5	0
6060.5	0
6061.5	0
6062.5	0
6063.5	0
6064.5	0
6065.5	0
6066.5	0
6067.5	0
6068.5	0
6069.5	0
6070.5	0
6071.5	0
6072.5	0
6073.5	0
6074.5	0
6075.5	0
6076.5	0
6077.5	0
6078.5	0
6079.5	0
6080.5	0
6081.5	0
6082.5	0
6083.5	0
6084.5	0
6085.5	0
6086.5	0
6087.5	0
6088.5	0
6089.5	0
6090.5	0
6091.5	0
6092.5	0
6093.5	0
6094.5	0
6095.5	0
6096.5	0
6097.5	0
6098.5	0
6099.5	0
6100.5	0
6101.5	0
6102.5	0
6103.5	0
6104.5	0
6105.5	0
6106.5	0
6107.5	0
6108.5	0
6109.5	0
6110.5	0
6111.5	0
6112.5	0
6113.5	0
6114.5	0
6115.5	0
6116.5	0
6117.5	0
6118.5	0
6119.5	0
6120.5	0
6121.5	0
6122.5	0
6123.5	0
6124.5	0
6125.5	0
6126.5	0
6127.5	0
6128.5	0
6129.5	0
6130.5	0
6131.5	0
6132.5	0
6133.5	0
6134.5	0
6135.5	0
6136.5	0
6137.5	0
6138.5	0
6139.5	0
6140.5	0
6141.5	0
6142.5	0
6143.5	0
6144.5	0
6145.5	0
6146.5	0
6147.5	0
6148.5	0
6149.5	0
6150.5	0
6151.5	0
6152.5	0
6153.5	0
6154.5	0
6155.5	0
6156.5	0
6157.5	0
6158.5	0
6159.5	0
6160.5	0
6161.5	0
6162.5	0
6163.5	0
6164.5	0
6165.5	0
6166.5	0
6167.5	0
6168.5	0
6169.5	0
6170.5	0
6171.5	0
6172.5	0
6173.5	0
6174.5	0
6175.5	0
6176.5	0
6177.5	0
6178.5	0
6179.5	0
6180.5	0
6181.5	0
6182.5	0
6183.5	0
6184.5	0
6185.5	0
6186.5	0
6187.5	0
6188.5	0
6189.5	0
6190.5	0
6191.5	0
6192.5	0
6193.5	0
6194.5	0
6195.5	0
6196.5	0
6197.5	0
6198.5	0
6199.5	0
6200.5	0
6201.5	0
6202.5	0
6203.5	0
6204.5	0
6205.5	0
6206.5	0
6207.5	0
6208.5	0
6209.5	0
6210.5	0
6211.5	0
6212.5	0
6213.5	0
6214.5	0
6215.5	0
6216.5	0
6217.5	0
6218.5	0
6219.5	0
6220.5	0
6221.5	0
6222.5	0
6223.5	0
6224.5	0
6225.5	0
6226.5	0
6227.5	0
6228.5	0
6229.5	0
6230.5	0
6231.5	0
6232.5	0
6233.5	0
6234.5	0
6235.5	0
6236.5	0
6237.5	0
6238.5	0
6239.5	0
6240.5	0
6241.5	0
6242.5	0
6243.5	0
6244.5	0
6245.5	0
6246.5	0
6247.5	0
6248.5	0
6249.5	0
6250.5	0
6251.5	0
6252.5	0
6253.5	0
6254.5	0
6255.5	0
6256.5	0
6257.5	0
6258.5	0
6259.5	0
6260.5	0
6261.5	0
6262.5	0
6263.5	0
6264.5	0
6265.5	0
6266.5	0
6267.5	0
6268.5	0
6269.5	0
6270.5	0
6271.5	0
6272.5	0
6273.5	0
6274.5	0
6275.5	0
6276.5	0
6277.5	0
6278.5	0
6279.5	0
6280.5	0
6281.5	0
6282.5	0
6283.5	0
6284.5	0
6285.5	0
6286.5	0
6287.5	0
6288.5	0
6289.5	0
6290.5	0
6291.5	0
6292.5	0
6293.5	0
6294.5	0
6295.5	0
6296.5	0
6297.5	0
6298.5	0
6299.5	0
6300.5	0
6301.5	0
6302.5	0
6303.5	0
6304.5	0
6305.5	0
6306.5	0
6307.5	0
6308.5	0
6309.5	0
6310.5	0
6311.5	0
6312.5	0
6313.5	0
6314.5	0
6315.5	0
6316.5	0
6317.5	0
6318.5	0
6319.5	0
6320.5	0
6321.5	0
6322.5	0
6323.5	0
6324.5	0
6325.5	0
6326.5	0
6327.5	0
6328.5	0
6329.5	0
6330.5	0
6331.5	0
6332.5	0
6333.5	0
6334.5	0
6335.5	0
6336.5	0
6337.5	0
6338.5	0
6339.5	0
6340.5	0
6341.5	0
6342.5	0
6343.5	0
6344.5	0
6345.5	0
6346.5	0
6347.5	0
6348.5	0
6349.5	0
6350.5	0
6351.5	0
6352.5	0
6353.5	0
6354.5	0
6355.5	0
6356.5	0
6357.5	0
6358.5	0
6359.5	0
6360.5	0
6361.5	0
6362.5	0
6363.5	0
6364.5	0
6365.5	0
6366.5	0
6367.5	0
6368.5	0
6369.5	0
6370.5	0
6371.5	0
6372.5	0
6373.5	0
6374.5	0
6375.5	0
6376.5	0
6377.5	0
6378.5	0
6379.5	0
6380.5	0
6381.5	0
6382.5	0
6383.5	0
6384.5	0
6385.5	0
6386.5	0
6387.5	0
6388.5	0
6389.5	0
6390.5	0
6391.5	0
6392.5	0
6393.5	0
6394.5	0
6395.5	0
6396.5	0
6397.5	0
6398.5	0
6399.5	0
6400.5	0
6401.5	0
6402.5	0
6403.5	0
6404.5	0
6405.5	0
6406.5	0
6407.5	0
6408.5	0
6409.5	0
6410.5	0
6411.5	0
6412.5	0
6413.5	0
6414.5	0
6415.5	0
6416.5	0
6417.5	0
6418.5	0
6419.5	0
6420.5	0
6421.5	0
6422.5	0
6423.5	0
6424.5	0
6425.5	0
6426.5	0
6427.5	0
6428.5	0
6429.5	0
6430.5	0
6431.5	0
6432.5	0
6433.5	0
6434.5	0
6435.5	0
6436.5	0
6437.5	0
6438.5	0
6439.5	0
6440.5	0
6441.5	0
6442.5	0
6443.5	0
6444.5	0
6445.5	0
6446.5	0
6447.5	0
6448.5	0
6449.5	0
6450.5	0
6451.5	0
6452.5	0
6453.5	0
6454.5	0
6455.5	0
6456.5	0
6457.5	0
6458.5	0
6459.5	0
6460.5	0
6461.5	0
6462.5	0
6463.5	0
6464.5	0
6465.5	0
6466.5	0
6467.5	0
6468.5	0
6469.5	0
6470.5	0
6471.5	0
6472.5	0
6473.5	0
6474.5	0
6475.5	0
6476.5	0
6477.5	0
6478.5	0
6479.5	0
6480.5	0
6481.5	0
6482.5	0
6483.5	0
6484.5	0
6485.5	0
6486.5	0
6487.5	0
6488.5	0
6489.5	0
6490.5	0
6491.5	0
6492.5	0
6493.5	0
6494.5	0
6495.5	0
6496.5	0
6497.5	0
6498.5	0
6499.5	0
6500.5	0
6501.5	0
6502.5	0
6503.5	0
6504.5	0
6505.5	0
6506.5	0
6507.5	0
6508.5	0
6509.5	0
6510.5	0
6511.5	0
6512.5	0
6513.5	0
6514.5	0
6515.5	0
6516.5	0
6517.5	0
6518.5	0
6519.5	0
6520.5	0
6521.5	0
6522.5	0
6523.5	0
6524.5	0
6525.5	0
6526.5	0
6527.5	0
6528.5	0
6529.5	0
6530.5	0
6531.5	0
6532.5	0
6533.5	0
6534.5	0
6535.5	0
6536.5	0
6537.5	0
6538.5	0
6539.5	0
6540.5	0
6541.5	0
6542.5	0
6543.5	0
6544.5	0
6545.5	0
6546.5	0
6547.5	0
6548.5	0
6549.5	0
6550.5	0
6551.5	0
6552.5	0
6553.5	0
6554.5	0
6555.5	0
6556.5	0
6557.5	0
6558.5	0
6559.5	0
6560.5	0
6561.5	0
6562.5	0
6563.5	0
6564.5	0
6565.5	0
6566.5	0
6567.5	0
6568.5	0
6569.5	0
6570.5	0
6571.5	0
6572.5	0
6573.5	0
6574.5	0
6575.5	0
6576.5	0
6577.5	0
6578.5	0
6579.5	0
6580.5	0
6581.5	0
6582.5	0
6583.5	0
6584.5	0
6585.5	0
6586.5	0
6587.5	0
6588.5	0
6589.5	0
6590.5	0
6591.5	0
6592.5	0
6593.5	0
6594.5	0
6595.5	0
6596.5	0
6597.5	0
6598.5	0
6599.5	0
6600.5	0
6601.5	0
6602.5	0
6603.5	0
6604.5	0
6605.5	0
6606.5	0
6607.5	0
6608.5	0
6609.5	0
6610.5	0
6611.5	0
6612.5	0
6613.5	0
6614.5	0
6615.5	0
6616.5	0
6617.5	0
6618.5	0
6619.5	0
6620.5	0
6621.5	0
6622.5	0
6623.5	0
6624.5	0
6625.5	0
6626.5	0
6627.5	0
6628.5	0
6629.5	0
6630.5	0
6631.5	0
6632.5	0
6633.5	0
6634.5	0
6635.5	0
6636.5	0
6637.5	0
6638.5	0
6639.5	0
6640.5	0
6641.5	0
6642.5	0
6643.5	0
6644.5	0
6645.5	0
6646.5	0
6647.5	0
6648.5	0
6649.5	0
6650.5	0
6651.5	0
6652.5	0
6653.5	0
6654.5	0
6655.5	0
6656.5	0
6657.5	0
6658.5	0
6659.5	0
6660.5	0
6661.5	0
6662.5	0
6663.5	0
6664.5	0
6665.5	0
6666.5	0
6667.5	0
6668.5	0
6669.5	0
6670.5	0
6671.5	0
6672.5	0
6673.5	0
6674.5	0
6675.5	0
6676.5	0
6677.5	0
6678.5	0
6679.5	0
6680.5	0
6681.5	0
6682.5	0
6683.5	0
6684.5	0
6685.5	0
6686.5	0
6687.5	0
6688.5	0
6689.5	0
6690.5	0
6691.5	0
6692.5	0
6693.5	0
6694.5	0
6695.5	0
6696.5	0
6697.5	0
6698.5	0
6699.5	0
6700.5	0
6701.5	0
6702.5	0
6703.5	0
6704.5	0
6705.5	0
6706.5	0
6707.5	0
6708.5	0
6709.5	0
6710.5	0
6711.5	0
6712.5	0
6713.5	0
6714.5	0
6715.5	0
6716.5	0
6717.5	0
6718.5	0
6719.5	0
6720.5	0
6721.5	0
6722.5	0
6723.5	0
6724.5	0
6725.5	0
6726.5	0
6727.5	0
6728.5	0
6729.5	0
6730.5	0
6731.5	0
6732.5	0
6733.5	0
6734.5	0
6735.5	0
6736.5	0
6737.5	0
6738.5	0
6739.5	0
6740.5	0
6741.5	0
6742.5	0
6743.5	0
6744.5	0
6745.5	0
6746.5	0
6747.5	0
6748.5	0
6749.5	0
6750.5	0
6751.5	0
6752.5	0
6753.5	0
6754.5	0
6755.5	0
6756.5	0
6757.5	0
6758.5	0
6759.5	0
6760.5	0
6761.5	0
6762.5	0
6763.5	0
6764.5	0
6765.5	0
6766.5	0
6767.5	0
6768.5	0
6769.5	0
6770.5	0
6771.5	0
6772.5	0
6773.5	0
6774.5	0
6775.5	0
6776.5	0
6777.5	0
6778.5	0
6779.5	0
6780.5	0
6781.5	0
6782.5	0
6783.5	0
6784.5	0
6785.5	0
6786.5	0
6787.5	0
6788.5	0
6789.5	0
6790.5	0
6791.5	0
6792.5	0
6793.5	0
6794.5	0
6795.5	0
6796.5	0
6797.5	0
6798.5	0
6799.5	0
6800.5	0
6801.5	0
6802.5	0
6803.5	0
6804.5	0
6805.5	0
6806.5	0
6807.5	0
6808.5	0
6809.5	0
6810.5	0
6811.5	0
6812.5	0
6813.5	0
6814.5	0
6815.5	0
6816.5	0
6817.5	0
6818.5	0
6819.5	0
6820.5	0
6821.5	0
6822.5	0
6823.5	0
6824.5	0
6825.5	0
6826.5	0
6827.5	0
6828.5	0
6829.5	0
6830.5	0
6831.5	0
6832.5	0
6833.5	0
6834.5	0
6835.5	0
6836.5	0
6837.5	0
6838.5	0
6839.5	0
6840.5	0
6841.5	0
6842.5	0
6843.5	0
6844.5	0
6845.5	0
6846.5	0
6847.5	0
6848.5	0
6849.5	0
6850.5	0
6851.5	0
6852.5	0
6853.5	0
6854.5	0
6855.5	0
6856.5	0
6857.5	0
6858.5	0
6859.5	0
6860.5	0
6861.5	0
6862.5	0
6863.5	0
6864.5	0
6865.5	0
6866.5	0
6867.5	0
6868.5	0
6869.5	0
6870.5	0
6871.5	0
6872.5	0
6873.5	0
6874.5	0
6875.5	0
6876.5	0
6877.5	0
6878.5	0
6879.5	0
6880.5	0
6881.5	0
6882.5	0
6883.5	0
6884.5	0
6885.5	0
6886.5	0
6887.5	0
6888.5	0
6889.5	0
6890.5	0
6891.5	0
6892.5	0
6893.5	0
6894.5	0
6895.5	0
6896.5	0
6897.5	0
6898.5	0
6899.5	0
6900.5	0
6901.5	0
6902.5	0
6903.5	0
6904.5	0
6905.5	0
6906.5	0
6907.5	0
6908.5	0
6909.5	0
6910.5	0
6911.5	0
6912.5	0
6913.5	0
6914.5	0
6915.5	0
6916.5	0
6917.5	0
6918.5	0
6919.5	0
6920.5	0
6921.5	0
6922.5	0
6923.5	0
6924.5	0
6925.5	0
6926.5	0
6927.5	0
6928.5	0
6929.5	0
6930.5	0
6931.5	0
6932.5	0
6933.5	0
6934.5	0
6935.5	0
6936.5	0
6937.5	0
6938.5	0
6939.5	0
6940.5	0
6941.5	0
6942.5	0
6943.5	0
6944.5	0
6945.5	0
6946.5	0
6947.5	0
6948.5	0
6949.5	0
6950.5	0
6951.5	0
6952.5	0
6953.5	0
6954.5	0
6955.5	0
6956.5	0
6957.5	0
6958.5	0
6959.5	0
6960.5	0
6961.5	0
6962.5	0
6963.5	0
6964.5	0
6965.5	0
6966.5	0
6967.5	0
6968.5	0
6969.5	0
6970.5	0
6971.5	0
6972.5	0
6973.5	0
6974.5	0
6975.5	0
6976.5	0
6977.5	0
6978.5	0
6979.5	0
6980.5	0
6981.5	0
6982.5	0
6983.5	0
6984.5	0
6985.5	0
6986.5	0
6987.5	0
6988.5	0
6989.5	0
6990.5	0
6991.5	0
6992.5	0
6993.5	0
6994.5	0
6995.5	0
6996.5	0
6997.5	0
6998.5	0
6999.5	0
7000.5	0
7001.5	0
7002.5	0
7003.5	0
7004.5	0
7005.5	0
7006.5	0
7007.5	0
7008.5	0
7009.5	0
7010.5	0
7011.5	0
7012.5	0
7013.5	0
7014.5	0
7015.5	0
7016.5	0
7017.5	0
7018.5	0
7019.5	0
7020.5	0
7021.5	0
7022.5	0
7023.5	0
7024.5	0
7025.5	0
7026.5	0
7027.5	0
7028.5	0
7029.5	0
7030.5	0
7031.5	0
7032.5	0
7033.5	0
7034.5	0
7035.5	0
7036.5	0
7037.5	0
7038.5	0
7039.5	0
7040.5	0
7041.5	0
7042.5	0
7043.5	0
7044.5	0
7045.5	0
7046.5	0
7047.5	0
7048.5	0
7049.5	0
7050.5	0
7051.5	0
7052.5	0
7053.5	0
7054.5	0
7055.5	0
7056.5	0
7057.5	0
7058.5	0
7059.5	0
7060.5	0
7061.5	0
7062.5	0
7063.5	0
7064.5	0
7065.5	0
7066.5	0
7067.5	0
7068.5	0
7069.5	0
7070.5	0
7071.5	0
7072.5	0
7073.5	0
7074.5	0
7075.5	0
7076.5	0
7077.5	0
7078.5	0
7079.5	0
7080.5	0
7081.5	0
7082.5	0
7083.5	0
7084.5	0
7085.5	0
7086.5	0
7087.5	0
7088.5	0
7089.5	0
7090.5	0
7091.5	0
7092.5	0
7093.5	0
7094.5	0
7095.5	0
7096.5	0
7097.5	0
7098.5	0
7099.5	0
7100.5	0
7101.5	0
7102.5	0
7103.5	0
7104.5	0
7105.5	0
7106.5	0
7107.5	0
7108.5	0
7109.5	0
7110.5	0
7111.5	0
7112.5	0
7113.5	0
7114.5	0
7115.5	0
7116.5	0
7117.5	0
7118.5	0
7119.5	0
7120.5	0
7121.5	0
7122.5	0
7123.5	0
7124.5	0
7125.5	0
7126.5	0
7127.5	0
7128.5	0
7129.5	0
7130.5	0
7131.5	0
7132.5	0
7133.5	0
7134.5	0
7135.5	0
7136.5	0
7137.5	0
7138.5	0
7139.5	0
7140.5	0
7141.5	0
7142.5	0
7143.5	0
7144.5	0
7145.5	0
7146.5	0
7147.5	0
7148.5	0
7149.5	0
7150.5	0
7151.5	0
7152.5	0
7153.5	0
7154.5	0
7155.5	0
7156.5	0
7157.5	0
7158.5	0
7159.5	0
7160.5	0
7161.5	0
7162.5	0
7163.5	0
7164.5	0
7165.5	0
7166.5	0
7167.5	0
7168.5	0
7169.5	0
7170.5	0
7171.5	0
7172.5	0
7173.5	0
7174.5	0
7175.5	0
7176.5	0
7177.5	0
7178.5	0
7179.5	0
7180.5	0
7181.5	0
7182.5	0
7183.5	0
7184.5	0
7185.5	0
7186.5	0
7187.5	0
7188.5	0
7189.5	0
7190.5	0
7191.5	0
7192.5	0
7193.5	0
7194.5	0
7195.5	0
7196.5	0
7197.5	0
7198.5	0
7199.5	0
7200.5	0
7201.5	0
7202.5	0
7203.5	0
7204.5	0
7205.5	0
7206.5	0
7207.5	0
7208.5	0
7209.5	0
7210.5	0
7211.5	0
7212.5	0
7213.5	0
7214.5	0
7215.5	0
7216.5	0
7217.5	0
7218.5	0
7219.5	0
7220.5	0
7221.5	0
7222.5	0
7223.5	0
7224.5	0
7225.5	0
7226.5	0
7227.5	0
7228.5	0
7229.5	0
7230.5	0
7231.5	0
7232.5	0
7233.5	0
7234.5	0
7235.5	0
7236.5	0
7237.5	0
7238.5	0
7239.5	0
7240.5	0
7241.5	0
7242.5	0
7243.5	0
7244.5	0
7245.5	0
7246.5	0
7247.5	0
7248.5	0
7249.5	0
7250.5	0
7251.5	0
7252.5	0
7253.5	0
7254.5	0
7255.5	0
7256.5	0
7257.5	0
7258.5	0
7259.5	0
7260.5	0
7261.5	0
7262.5	0
7263.5	0
7264.5	0
7265.5	0
7266.5	0
7267.5	0
7268.5	0
7269.5	0
7270.5	0
7271.5	0
7272.5	0
7273.5	0
7274.5	0
7275.5	0
7276.5	0
7277.5	0
7278.5	0
7279.5	0
7280.5	0
7281.5	0
7282.5	0
7283.5	0
7284.5	0
7285.5	0
7286.5	0
7287.5	0
7288.5	0
7289.5	0
7290.5	0
7291.5	0
7292.5	0
7293.5	0
7294.5	0
7295.5	0
7296.5	0
7297.5	0
7298.5	0
7299.5	0
7300.5	0
7301.5	0
7302.5	0
7303.5	0
7304.5	0
7305.5	0
7306.5	0
7307.5	0
7308.5	0
7309.5	0
7310.5	0
7311.5	0
7312.5	0
7313.5	0
7314.5	0
7315.5	0
7316.5	0
7317.5	0
7318.5	0
7319.5	0
7320.5	0
7321.5	0
7322.5	0
7323.5	0
7324.5	0
7325.5	0
7326.5	0
7327.5	0
7328.5	0
7329.5	0
7330.5	0
7331.5	0
7332.5	0
7333.5	0
7334.5	0
7335.5	0
7336.5	0
7337.5	0
7338.5	0
7339.5	0
7340.5	0
7341.5	0
7342.5	0
7343.5	0
7344.5	0
7345.5	0
7346.5	0
7347.5	0
7348.5	0
7349.5	0
7350.5	0
7351.5	0
7352.5	0
7353.5	0
7354.5	0
7355.5	0
7356.5	0
7357.5	0
7358.5	0
7359.5	0
7360.5	0
7361.5	0
7362.5	0
7363.5	0
7364.5	0
7365.5	0
7366.5	0
7367.5	0
7368.5	0
7369.5	0
7370.5	0
7371.5	0
7372.5	0
7373.5	0
7374.5	0
7375.5	0
7376.5	0
7377.5	0
7378.5	0
7379.5	0
7380.5	0
7381.5	0
7382.5	0
7383.5	0
7384.5	0
7385.5	0
7386.5	0
7387.5	0
7388.5	0
7389.5	0
7390.5	0
7391.5	0
7392.5	0
7393.5	0
7394.5	0
7395.5	0
7396.5	0
7397.5	0
7398.5	0
7399.5	0
7400.5	0
7401.5	0
7402.5	0
7403.5	0
7404.5	0
7405.5	0
7406.5	0
7407.5	0
7408.5	0
7409.5	0
7410.5	0
7411.5	0
7412.5	0
7413.5	0
7414.5	0
7415.5	0
7416.5	0
7417.5	0
7418.5	0
7419.5	0
7420.5	0
7421.5	0
7422.5	0
7423.5	0
7424.5	0
7425.5	0
7426.5	0
7427.5	0
7428.5	0
7429.5	0
7430.5	0
7431.5	0
7432.5	0
7433.5	0
7434.5	0
7435.5	0
7436.5	0
7437.5	0
7438.5	0
7439.5	0
7440.5	0
7441.5	0
7442.5	0
7443.5	0
7444.5	0
7445.5	0
7446.5	0
7447.5	0
7448.5	0
7449.5	0
7450.5	0
7451.5	0
7452.5	0
7453.5	0
7454.5	0
7455.5	0
7456.5	0
7457.5	0
7458.5	0
7459.5	0
7460.5	0
7461.5	0
7462.5	0
7463.5	0
7464.5	0
7465.5	0
7466.5	0
7467.5	0
7468.5	0
7469.5	0
7470.5	0
7471.5	0
7472.5	0
7473.5	0
7474.5	0
7475.5	0
7476.5	0
7477.5	0
7478.5	0
7479.5	0
7480.5	0
7481.5	0
7482.5	0
7483.5	0
7484.5	0
7485.5	0
7486.5	0
7487.5	0
7488.5	0
7489.5	0
7490.5	0
7491.5	0
7492.5	0
7493.5	0
7494.5	0
7495.5	0
7496.5	0
7497.5	0
7498.5	0
7499.5	0
7500.5	0
7501.5	0
7502.5	0
7503.5	0
7504.5	0
7505.5	0
7506.5	0
7507.5	0
7508.5	0
7509.5	0
7510.5	0
7511.5	0
7512.5	0
7513.5	0
7514.5	0
7515.5	0
7516.5	0
7517.5	0
7518.5	0
7519.5	0
7520.5	0
7521.5	0
7522.5	0
7523.5	0
7524.5	0
7525.5	0
7526.5	0
7527.5	0
7528.5	0
7529.5	0
7530.5	0
7531.5	0
7532.5	0
7533.5	0
7534.5	0
7535.5	0
7536.5	0
7537.5	0
7538.5	0
7539.5	0
7540.5	0
7541.5	0
7542.5	0
7543.5	0
7544.5	0
7545.5	0
7546.5	0
7547.5	0
7548.5	0
7549.5	0
7550.5	0
7551.5	0
7552.5	0
7553.5	0
7554.5	0
7555.5	0
7556.5	0
7557.5	0
7558.5	0
7559.5	0
7560.5	0
7561.5	0
7562.5	0
7563.5	0
7564.5	0
7565.5	0
7566.5	0
7567.5	0
7568.5	0
7569.5	0
7570.5	0
7571.5	0
7572.5	0
7573.5	0
7574.5	0
7575.5	0
7576.5	0
7577.5	0
7578.5	0
7579.5	0
7580.5	0
7581.5	0
7582.5	0
7583.5	0
7584.5	0
7585.5	0
7586.5	0
7587.5	0
7588.5	0
7589.5	0
7590.5	0
7591.5	0
7592.5	0
7593.5	0
7594.5	0
7595.5	0
7596.5	0
7597.5	0
7598.5	0
7599.5	0
7600.5	0
7601.5	0
7602.5	0
7603.5	0
7604.5	0
7605.5	0
7606.5	0
7607.5	0
7608.5	0
7609.5	0
7610.5	0
7611.5	0
7612.5	0
7613.5	0
7614.5	0
7615.5	0
7616.5	0
7617.5	0
7618.5	0
7619.5	0
7620.5	0
7621.5	0
7622.5	0
7623.5	0
7624.5	0
7625.5	0
7626.5	0
7627.5	0
7628.5	0
7629.5	0
7630.5	0
7631.5	0
7632.5	0
7633.5	0
7634.5	0
7635.5	0
7636.5	0
7637.5	0
7638.5	0
7639.5	0
7640.5	0
7641.5	0
7642.5	0
7643.5	0
7644.5	0
7645.5	0
7646.5	0
7647.5	0
7648.5	0
7649.5	0
7650.5	0
7651.5	0
7652.5	0
7653.5	0
7654.5	0
7655.5	0
7656.5	0
7657.5	0
7658.5	0
7659.5	0
7660.5	0
7661.5	0
7662.5	0
7663.5	0
7664.5	0
7665.5	0
7666.5	0
7667.5	0
7668.5	0
7669.5	0
7670.5	0
7671.5	0
7672.5	0
7673.5	0
7674.5	0
7675.5	0
7676.5	0
7677.5	0
7678.5	0
7679.5	0
7680.5	0
7681.5	0
7682.5	0
7683.5	0
7684.5	0
7685.5	0
7686.5	0
7687.5	0
7688.5	0
7689.5	0
7690.5	0
7691.5	0
7692.5	0
7693.5	0
7694.5	0
7695.5	0
7696.5	0
7697.5	0
7698.5	0
7699.5	0
7700.5	0
7701.5	0
7702.5	0
7703.5	0
7704.5	0
7705.5	0
7706.5	0
7707.5	0
7708.5	0
7709.5	0
7710.5	0
7711.5	0
7712.5	0
7713.5	0
7714.5	0
7715.5	0
7716.5	0
7717.5	0
7718.5	0
7719.5	0
7720.5	0
7721.5	0
7722.5	0
7723.5	0
7724.5	0
7725.5	0
7726.5	0
7727.5	0
7728.5	0
7729.5	0
7730.5	0
7731.5	0
7732.5	0
7733.5	0
7734.5	0
7735.5	0
7736.5	0
7737.5	0
7738.5	0
7739.5	0
7740.5	0
7741.5	0
7742.5	0
7743.5	0
7744.5	0
7745.5	0
7746.5	0
7747.5	0
7748.5	0
7749.5	0
7750.5	0
7751.5	0
7752.5	0
7753.5	0
7754.5	0
7755.5	0
7756.5	0
7757.5	0
7758.5	0
7759.5	0
7760.5	0
7761.5	0
7762.5	0
7763.5	0
7764.5	0
7765.5	0
7766.5	0
7767.5	0
7768.5	0
7769.5	0
7770.5	0
7771.5	0
7772.5	0
7773.5	0
7774.5	0
7775.5	0
7776.5	0
7777.5	0
7778.5	0
7779.5	0
7780.5	0
7781.5	0
7782.5	0
7783.5	0
7784.5	0
7785.5	0
7786.5	0
7787.5	0
7788.5	0
7789.5	0
7790.5	0
7791.5	0
7792.5	0
7793.5	0
7794.5	0
7795.5	0
7796.5	0
7797.5	0
7798.5	0
7799.5	0
7800.5	0
7801.5	0
7802.5	0
7803.5	0
7804.5	0
7805.5	0
7806.5	0
7807.5	0
7808.5	0
7809.5	0
7810.5	0
7811.5	0
7812.5	0
7813.5	0
7814.5	0
7815.5	0
7816.5	0
7817.5	0
7818.5	0
7819.5	0
7820.5	0
7821.5	0
7822.5	0
7823.5	0
7824.5	0
7825.5	0
7826.5	0
7827.5	0
7828.5	0
7829.5	0
7830.5	0
7831.5	0
7832.5	0
7833.5	0
7834.5	0
7835.5	0
7836.5	0
7837.5	0
7838.5	0
7839.5	0
7840.5	0
7841.5	0
7842.5	0
7843.5	0
7844.5	0
7845.5	0
7846.5	0
7847.5	0
7848.5	0
7849.5	0
7850.5	0
7851.5	0
7852.5	0
7853.5	0
7854.5	0
7855.5	0
7856.5	0
7857.5	0
7858.5	0
7859.5	0
7860.5	0
7861.5	0
7862.5	0
7863.5	0
7864.5	0
7865.5	0
7866.5	0
7867.5	0
7868.5	0
7869.5	0
7870.5	0
7871.5	0
7872.5	0
7873.5	0
7874.5	0
7875.5	0
7876.5	0
7877.5	0
7878.5	0
7879.5	0
7880.5	0
7881.5	0
7882.5	0
7883.5	0
7884.5	0
7885.5	0
7886.5	0
7887.5	0
7888.5	0
7889.5	0
7890.5	0
7891.5	0
7892.5	0
7893.5	0
7894.5	0
7895.5	0
7896.5	0
7897.5	0
7898.5	0
7899.5	0
7900.5	0
7901.5	0
7902.5	0
7903.5	0
7904.5	0
7905.5	0
7906.5	0
7907.5	0
7908.5	0
7909.5	0
7910.5	0
7911.5	0
7912.5	0
7913.5	0
7914.5	0
7915.5	0
7916.5	0
7917.5	0
7918.5	0
7919.5	0
7920.5	0
7921.5	0
7922.5	0
7923.5	0
7924.5	0
7925.5	0
7926.5	0
7927.5	0
7928.5	0
7929.5	0
7930.5	0
7931.5	0
7932.5	0
7933.5	0
7934.5	0
7935.5	0
7936.5	0
7937.5	0
7938.5	0
7939.5	0
7940.5	0
7941.5	0
7942.5	0
7943.5	0
7944.5	0
7945.5	0
7946.5	0
7947.5	0
7948.5	0
7949.5	0
7950.5	0
7951.5	0
7952.5	0
7953.5	0
7954.5	0
7955.5	0
7956.5	0
7957.5	0
7958.5	0
7959.5	0
7960.5	0
7961.5	0
7962.5	0
7963.5	0
7964.5	0
7965.5	0
7966.5	0
7967.5	0
7968.5	0
7969.5	0
7970.5	0
7971.5	0
7972.5	0
7973.5	0
7974.5	0
7975.5	0
7976.5	0
7977.5	0
7978.5	0
7979.5	0
7980.5	0
7981.5	0
7982.5	0
7983.5	0
7984.5	0
7985.5	0
7986.5	0
7987.5	0
7988.5	0
7989.5	0
7990.5	0
7991.5	0
7992.5	0
7993.5	0
7994.5	0
7995.5	0
7996.5	0
7997.5	0
7998.5	0
7999.5	0
8000.5	0
8001.5	0
8002.5	0
8003.5	0
8004.5	0
8005.5	0
8006.5	0
8007.5	0
8008.5	0
8009.5	0
8010.5	0
8011.5	0
8012.5	0
8013.5	0
8014.5	0
8015.5	0
8016.5	0
8017.5	0
8018.5	0
8019.5	0
8020.5	0
8021.5	0
8022.5	0
8023.5	0
8024.5	0
8025.5	0
8026.5	0
8027.5	0
8028.5	0
8029.5	0
8030.5	0
8031.5	0
8032.5	0
8033.5	0
8034.5	0
8035.5	0
8036.5	0
8037.5	0
8038.5	0
8039.5	0
8040.5	0
8041.5	0
8042.5	0
8043.5	0
8044.5	0
8045.5	0
8046.5	0
8047.5	0
8048.5	0
8049.5	0
8050.5	0
8051.5	0
8052.5	0
8053.5	0
8054.5	0
8055.5	0
8056.5	0
8057.5	0
8058.5	0
8059.5	0
8060.5	0
8061.5	0
8062.5	0
8063.5	0
8064.5	0
8065.5	0
8066.5	0
8067.5	0
8068.5	0
8069.5	0
8070.5	0
8071.5	0
8072.5	0
8073.5	0
8074.5	0
8075.5	0
8076.5	0
8077.5	0
8078.5	0
8079.5	0
8080.5	0
8081.5	0
8082.5	0
8083.5	0
8084.5	0
8085.5	0
8086.5	0
8087.5	0
8088.5	0
8089.5	0
8090.5	0
8091.5	0
8092.5	0
8093.5	0
8094.5	0
8095.5	0
8096.5	0
8097.5	0
8098.5	0
8099.5	0
8100.5	0
8101.5	0
8102.5	0
8103.5	0
8104.5	0
8105.5	0
8106.5	0
8107.5	0
8108.5	0
8109.5	0
8110.5	0
8111.5	0
8112.5	0
8113.5	0
8114.5	0
8115.5	0
8116.5	0
8117.5	0
8118.5	0
8119.5	0
8120.5	0
8121.5	0
8122.5	0
8123.5	0
8124.5	0
8125.5	0
8126.5	0
8127.5	0
8128.5	0
8129.5	0
8130.5	0
8131.5	0
8132.5	0
8133.5	0
8134.5	0
8135.5	0
8136.5	0
8137.5	0
8138.5	0
8139.5	0
8140.5	0
8141.5	0
8142.5	0
8143.5	0
8144.5	0
8145.5	0
8146.5	0
8147.5	0
8148.5	0
8149.5	0
8150.5	0
8151.5	0
8152.5	0
8153.5	0
8154.5	0
8155.5	0
8156.5	0
8157.5	0
8158.5	0
8159.5	0
8160.5	0
8161.5	0
8162.5	0
8163.5	0
8164.5	0
8165.5	0
8166.5	0
8167.5	0
8168.5	0
8169.5	0
8170.5	0
8171.5	0
8172.5	0
8173.5	0
8174.5	0
8175.5	0
8176.5	0
8177.5	0
8178.5	0
8179.5	0
8180.5	0
8181.5	0
8182.5	0
8183.5	0
8184.5	0
8185.5	0
8186.5	0
8187.5	0
8188.5	0
8189.5	0
8190.5	0
8191.5	0
