0.5	129
1.5	59
2.5	11
3.5	2
4.5	3
5.5	4
6.5	2
7.5	2
8.5	2
9.5	2
10.5	0
11.5	5
12.5	2
13.5	1
14.5	0
15.5	2
16.5	0
17.5	4
18.5	0
19.5	1
20.5	3
21.5	1
22.5	3
23.5	2
24.5	3
25.5	0
26.5	1
27.5	3
28.5	1
29.5	0
30.5	4
31.5	1
32.5	2
33.5	1
34.5	0
35.5	1
36.5	1
37.5	1
38.5	1
39.5	5
40.5	4
41.5	2
42.5	3
43.5	1
44.5	1
45.5	2
46.5	1
47.5	5
48.5	2
49.5	1
50.5	7
51.5	4
52.5	1
53.5	5
54.5	4
55.5	3
56.5	2
57.5	3
58.5	4
59.5	2
60.5	2
61.5	3
62.5	2
63.5	5
64.5	3
65.5	1
66.5	2
67.5	4
68.5	2
69.5	1
70.5	11
71.5	1
72.5	1
73.5	1
74.5	3
75.5	1
76.5	2
77.5	0
78.5	0
79.5	2
80.5	2
81.5	12
82.5	4
83.5	5
84.5	3
85.5	4
86.5	2
87.5	3
88.5	3
89.5	2
90.5	8
91.5	7
92.5	6
93.5	13
94.5	22
95.5	31
96.5	30
97.5	39
98.5	55
99.5	98
100.5	113
101.5	142
102.5	176
103.5	205
104.5	239
105.5	309
106.5	396
107.5	473
108.5	567
109.5	636
110.5	822
111.5	904
112.5	1013
113.5	1148
114.5	1295
115.5	1521
116.5	1553
117.5	1648
118.5	1861
119.5	1997
120.5	2143
121.5	2313
122.5	2415
123.5	2517
124.5	2747
125.5	3057
126.5	3295
127.5	3785
128.5	4629
129.5	5788
130.5	7313
131.5	8782
132.5	10770
133.5	12230
134.5	13801
135.5	14226
136.5	14269
137.5	12965
138.5	11693
139.5	9761
140.5	7700
141.5	6064
142.5	4515
143.5	3566
144.5	2822
145.5	2399
146.5	2179
147.5	2036
148.5	1975
149.5	1890
150.5	1938
151.5	1926
152.5	2021
153.5	2091
154.5	1994
155.5	2157
156.5	2341
157.5	2417
158.5	2773
159.5	3094
160.5	3341
161.5	3812
162.5	4146
163.5	4497
164.5	4619
165.5	4663
166.5	4575
167.5	4238
168.5	3810
169.5	3237
170.5	3005
171.5	2408
172.5	2126
173.5	1862
174.5	1597
175.5	1584
176.5	1467
177.5	1406
178.5	1374
179.5	1360
180.5	1284
181.5	1300
182.5	1372
183.5	1306
184.5	1338
185.5	1327
186.5	1307
187.5	1253
188.5	1284
189.5	1308
190.5	1213
191.5	1351
192.5	1289
193.5	1244
194.5	1281
195.5	1284
196.5	1331
197.5	1257
198.5	1308
199.5	1290
200.5	1261
201.5	1191
202.5	1228
203.5	1208
204.5	1201
205.5	1220
206.5	1102
207.5	1151
208.5	1193
209.5	1167
210.5	1140
211.5	1181
212.5	1149
213.5	1155
214.5	1149
215.5	1129
216.5	1125
217.5	1188
218.5	1143
219.5	1138
220.5	1143
221.5	1115
222.5	1184
223.5	1182
224.5	1173
225.5	1141
226.5	1136
227.5	1197
228.5	1113
229.5	1161
230.5	1120
231.5	1059
232.5	1028
233.5	961
234.5	994
235.5	941
236.5	952
237.5	934
238.5	974
239.5	942
240.5	941
241.5	948
242.5	990
243.5	900
244.5	905
245.5	904
246.5	886
247.5	881
248.5	875
249.5	870
250.5	889
251.5	856
252.5	851
253.5	858
254.5	873
255.5	842
256.5	866
257.5	843
258.5	866
259.5	845
260.5	863
261.5	861
262.5	849
263.5	876
264.5	856
265.5	816
266.5	851
267.5	825
268.5	856
269.5	797
270.5	830
271.5	767
272.5	811
273.5	808
274.5	828
275.5	794
276.5	755
277.5	803
278.5	767
279.5	733
280.5	817
281.5	813
282.5	777
283.5	737
284.5	722
285.5	822
286.5	755
287.5	789
288.5	819
289.5	903
290.5	1055
291.5	1192
292.5	1314
293.5	1594
294.5	1878
295.5	2090
296.5	2419
297.5	2715
298.5	2859
299.5	3082
300.5	3334
301.5	3452
302.5	3348
303.5	3350
304.5	3178
305.5	2951
306.5	2510
307.5	2392
308.5	2050
309.5	1621
310.5	1435
311.5	1231
312.5	1021
313.5	874
314.5	676
315.5	602
316.5	550
317.5	499
318.5	466
319.5	429
320.5	466
321.5	408
322.5	468
323.5	433
324.5	454
325.5	404
326.5	409
327.5	379
328.5	377
329.5	420
330.5	455
331.5	396
332.5	383
333.5	406
334.5	387
335.5	380
336.5	370
337.5	380
338.5	376
339.5	355
340.5	342
341.5	368
342.5	369
343.5	363
344.5	374
345.5	340
346.5	382
347.5	372
348.5	355
349.5	335
350.5	369
351.5	316
352.5	307
353.5	316
354.5	311
355.5	319
356.5	332
357.5	311
358.5	338
359.5	357
360.5	357
361.5	334
362.5	336
363.5	307
364.5	305
365.5	311
366.5	324
367.5	329
368.5	329
369.5	343
370.5	293
371.5	320
372.5	346
373.5	372
374.5	394
375.5	367
376.5	359
377.5	399
378.5	383
379.5	391
380.5	387
381.5	357
382.5	362
383.5	359
384.5	319
385.5	340
386.5	364
387.5	305
388.5	310
389.5	283
390.5	281
391.5	282
392.5	261
393.5	279
394.5	277
395.5	236
396.5	266
397.5	233
398.5	239
399.5	281
400.5	249
401.5	305
402.5	252
403.5	263
404.5	268
405.5	260
406.5	230
407.5	234
408.5	277
409.5	267
410.5	238
411.5	261
412.5	235
413.5	262
414.5	238
415.5	241
416.5	232
417.5	233
418.5	224
419.5	243
420.5	241
421.5	237
422.5	223
423.5	231
424.5	228
425.5	223
426.5	223
427.5	231
428.5	215
429.5	228
430.5	229
431.5	238
432.5	227
433.5	222
434.5	223
435.5	203
436.5	211
437.5	230
438.5	219
439.5	235
440.5	222
441.5	196
442.5	249
443.5	239
444.5	241
445.5	205
446.5	214
447.5	215
448.5	215
449.5	237
450.5	204
451.5	204
452.5	195
453.5	183
454.5	188
455.5	226
456.5	233
457.5	192
458.5	167
459.5	201
460.5	196
461.5	213
462.5	202
463.5	201
464.5	199
465.5	233
466.5	195
467.5	214
468.5	220
469.5	193
470.5	221
471.5	219
472.5	232
473.5	207
474.5	211
475.5	228
476.5	228
477.5	232
478.5	239
479.5	224
480.5	211
481.5	228
482.5	232
483.5	189
484.5	201
485.5	186
486.5	220
487.5	225
488.5	216
489.5	213
490.5	205
491.5	235
492.5	204
493.5	251
494.5	249
495.5	282
496.5	267
497.5	306
498.5	322
499.5	371
500.5	379
501.5	448
502.5	486
503.5	529
504.5	567
505.5	581
506.5	622
507.5	661
508.5	660
509.5	705
510.5	757
511.5	724
512.5	717
513.5	687
514.5	677
515.5	698
516.5	646
517.5	561
518.5	524
519.5	486
520.5	457
521.5	380
522.5	372
523.5	318
524.5	280
525.5	284
526.5	251
527.5	189
528.5	242
529.5	195
530.5	188
531.5	185
532.5	150
533.5	198
534.5	190
535.5	173
536.5	179
537.5	163
538.5	167
539.5	181
540.5	169
541.5	166
542.5	168
543.5	159
544.5	182
545.5	144
546.5	178
547.5	136
548.5	147
549.5	151
550.5	168
551.5	155
552.5	174
553.5	175
554.5	177
555.5	150
556.5	179
557.5	168
558.5	157
559.5	141
560.5	154
561.5	175
562.5	173
563.5	169
564.5	165
565.5	175
566.5	175
567.5	171
568.5	169
569.5	143
570.5	174
571.5	160
572.5	155
573.5	183
574.5	150
575.5	159
576.5	180
577.5	177
578.5	136
579.5	175
580.5	161
581.5	162
582.5	176
583.5	166
584.5	171
585.5	141
586.5	171
587.5	131
588.5	170
589.5	156
590.5	144
591.5	149
592.5	180
593.5	171
594.5	160
595.5	161
596.5	159
597.5	172
598.5	145
599.5	172
600.5	168
601.5	165
602.5	180
603.5	175
604.5	164
605.5	168
606.5	167
607.5	138
608.5	143
609.5	175
610.5	164
611.5	159
612.5	152
613.5	178
614.5	141
615.5	170
616.5	194
617.5	154
618.5	195
619.5	167
620.5	162
621.5	151
622.5	184
623.5	140
624.5	153
625.5	133
626.5	144
627.5	160
628.5	142
629.5	137
630.5	136
631.5	147
632.5	177
633.5	155
634.5	180
635.5	153
636.5	146
637.5	156
638.5	169
639.5	143
640.5	128
641.5	153
642.5	154
643.5	153
644.5	143
645.5	144
646.5	141
647.5	132
648.5	133
649.5	137
650.5	166
651.5	145
652.5	161
653.5	141
654.5	123
655.5	139
656.5	133
657.5	115
658.5	127
659.5	138
660.5	115
661.5	141
662.5	139
663.5	136
664.5	139
665.5	139
666.5	126
667.5	132
668.5	128
669.5	133
670.5	125
671.5	146
672.5	132
673.5	121
674.5	117
675.5	124
676.5	108
677.5	110
678.5	113
679.5	116
680.5	116
681.5	104
682.5	105
683.5	110
684.5	112
685.5	111
686.5	114
687.5	109
688.5	104
689.5	117
690.5	132
691.5	121
692.5	98
693.5	98
694.5	110
695.5	103
696.5	105
697.5	102
698.5	87
699.5	95
700.5	126
701.5	112
702.5	93
703.5	125
704.5	94
705.5	118
706.5	92
707.5	96
708.5	134
709.5	108
710.5	84
711.5	95
712.5	94
713.5	98
714.5	98
715.5	95
716.5	101
717.5	100
718.5	92
719.5	100
720.5	118
721.5	96
722.5	100
723.5	102
724.5	94
725.5	112
726.5	104
727.5	96
728.5	104
729.5	95
730.5	83
731.5	108
732.5	110
733.5	104
734.5	96
735.5	105
736.5	111
737.5	115
738.5	108
739.5	98
740.5	107
741.5	97
742.5	98
743.5	111
744.5	97
745.5	93
746.5	110
747.5	87
748.5	102
749.5	92
750.5	114
751.5	102
752.5	94
753.5	89
754.5	103
755.5	115
756.5	104
757.5	87
758.5	125
759.5	99
760.5	101
761.5	122
762.5	102
763.5	111
764.5	112
765.5	104
766.5	104
767.5	102
768.5	90
769.5	102
770.5	107
771.5	114
772.5	103
773.5	121
774.5	107
775.5	99
776.5	109
777.5	101
778.5	101
779.5	101
780.5	99
781.5	113
782.5	104
783.5	101
784.5	99
785.5	122
786.5	105
787.5	104
788.5	92
789.5	99
790.5	101
791.5	97
792.5	104
793.5	85
794.5	90
795.5	92
796.5	98
797.5	102
798.5	102
799.5	98
800.5	90
801.5	108
802.5	94
803.5	83
804.5	102
805.5	102
806.5	89
807.5	94
808.5	99
809.5	103
810.5	86
811.5	94
812.5	81
813.5	97
814.5	113
815.5	98
816.5	114
817.5	106
818.5	102
819.5	116
820.5	126
821.5	132
822.5	134
823.5	157
824.5	180
825.5	223
826.5	219
827.5	255
828.5	279
829.5	290
830.5	333
831.5	353
832.5	426
833.5	451
834.5	474
835.5	540
836.5	587
837.5	514
838.5	602
839.5	638
840.5	690
841.5	686
842.5	701
843.5	702
844.5	693
845.5	675
846.5	673
847.5	647
848.5	654
849.5	621
850.5	561
851.5	526
852.5	520
853.5	430
854.5	394
855.5	366
856.5	335
857.5	284
858.5	250
859.5	223
860.5	213
861.5	169
862.5	130
863.5	147
864.5	122
865.5	109
866.5	111
867.5	92
868.5	86
869.5	97
870.5	85
871.5	83
872.5	84
873.5	91
874.5	91
875.5	84
876.5	101
877.5	74
878.5	98
879.5	81
880.5	89
881.5	98
882.5	106
883.5	102
884.5	96
885.5	87
886.5	81
887.5	93
888.5	110
889.5	94
890.5	86
891.5	101
892.5	102
893.5	81
894.5	95
895.5	96
896.5	80
897.5	80
898.5	64
899.5	87
900.5	66
901.5	73
902.5	62
903.5	73
904.5	79
905.5	58
906.5	70
907.5	75
908.5	73
909.5	66
910.5	77
911.5	70
912.5	60
913.5	53
914.5	78
915.5	69
916.5	76
917.5	64
918.5	72
919.5	77
920.5	55
921.5	65
922.5	70
923.5	86
924.5	72
925.5	67
926.5	90
927.5	65
928.5	66
929.5	78
930.5	72
931.5	83
932.5	75
933.5	71
934.5	65
935.5	72
936.5	62
937.5	57
938.5	60
939.5	62
940.5	70
941.5	62
942.5	59
943.5	47
944.5	60
945.5	55
946.5	63
947.5	57
948.5	63
949.5	50
950.5	76
951.5	59
952.5	67
953.5	77
954.5	88
955.5	114
956.5	113
957.5	105
958.5	117
959.5	122
960.5	160
961.5	171
962.5	171
963.5	177
964.5	205
965.5	199
966.5	210
967.5	249
968.5	261
969.5	265
970.5	302
971.5	319
972.5	316
973.5	333
974.5	361
975.5	374
976.5	376
977.5	352
978.5	389
979.5	378
980.5	352
981.5	339
982.5	345
983.5	350
984.5	321
985.5	274
986.5	292
987.5	281
988.5	262
989.5	217
990.5	203
991.5	206
992.5	199
993.5	154
994.5	142
995.5	132
996.5	131
997.5	123
998.5	123
999.5	116
1000.5	105
1001.5	90
1002.5	77
1003.5	71
1004.5	94
1005.5	74
1006.5	83
1007.5	75
1008.5	72
1009.5	76
1010.5	67
1011.5	77
1012.5	74
1013.5	70
1014.5	66
1015.5	54
1016.5	66
1017.5	75
1018.5	51
1019.5	66
1020.5	77
1021.5	43
1022.5	45
1023.5	49
1024.5	74
1025.5	59
1026.5	57
1027.5	54
1028.5	47
1029.5	39
1030.5	52
1031.5	36
1032.5	37
1033.5	43
1034.5	51
1035.5	41
1036.5	46
1037.5	29
1038.5	47
1039.5	45
1040.5	43
1041.5	39
1042.5	27
1043.5	53
1044.5	27
1045.5	47
1046.5	25
1047.5	34
1048.5	34
1049.5	41
1050.5	29
1051.5	38
1052.5	30
1053.5	38
1054.5	34
1055.5	40
1056.5	40
1057.5	29
1058.5	35
1059.5	36
1060.5	38
1061.5	36
1062.5	36
1063.5	31
1064.5	37
1065.5	50
1066.5	33
1067.5	30
1068.5	30
1069.5	23
1070.5	29
1071.5	33
1072.5	24
1073.5	38
1074.5	57
1075.5	39
1076.5	52
1077.5	35
1078.5	46
1079.5	29
1080.5	36
1081.5	42
1082.5	38
1083.5	26
1084.5	43
1085.5	41
1086.5	29
1087.5	38
1088.5	41
1089.5	35
1090.5	36
1091.5	52
1092.5	43
1093.5	46
1094.5	33
1095.5	47
1096.5	35
1097.5	34
1098.5	42
1099.5	34
1100.5	42
1101.5	32
1102.5	43
1103.5	44
1104.5	20
1105.5	48
1106.5	29
1107.5	47
1108.5	48
1109.5	47
1110.5	35
1111.5	36
1112.5	42
1113.5	34
1114.5	28
1115.5	41
1116.5	30
1117.5	44
1118.5	26
1119.5	39
1120.5	39
1121.5	40
1122.5	42
1123.5	40
1124.5	40
1125.5	46
1126.5	27
1127.5	32
1128.5	37
1129.5	45
1130.5	48
1131.5	33
1132.5	44
1133.5	48
1134.5	38
1135.5	41
1136.5	37
1137.5	31
1138.5	42
1139.5	40
1140.5	52
1141.5	38
1142.5	37
1143.5	35
1144.5	46
1145.5	42
1146.5	59
1147.5	51
1148.5	40
1149.5	40
1150.5	42
1151.5	44
1152.5	41
1153.5	38
1154.5	32
1155.5	39
1156.5	34
1157.5	43
1158.5	40
1159.5	36
1160.5	35
1161.5	37
1162.5	27
1163.5	32
1164.5	35
1165.5	32
1166.5	34
1167.5	37
1168.5	36
1169.5	36
1170.5	30
1171.5	40
1172.5	29
1173.5	28
1174.5	30
1175.5	25
1176.5	20
1177.5	29
1178.5	21
1179.5	27
1180.5	31
1181.5	44
1182.5	28
1183.5	35
1184.5	34
1185.5	32
1186.5	40
1187.5	44
1188.5	23
1189.5	29
1190.5	27
1191.5	40
1192.5	25
1193.5	26
1194.5	37
1195.5	43
1196.5	32
1197.5	39
1198.5	36
1199.5	32
1200.5	37
1201.5	25
1202.5	24
1203.5	25
1204.5	26
1205.5	27
1206.5	32
1207.5	35
1208.5	30
1209.5	39
1210.5	35
1211.5	36
1212.5	22
1213.5	35
1214.5	23
1215.5	30
1216.5	23
1217.5	31
1218.5	28
1219.5	29
1220.5	41
1221.5	30
1222.5	29
1223.5	34
1224.5	38
1225.5	26
1226.5	27
1227.5	29
1228.5	20
1229.5	29
1230.5	28
1231.5	26
1232.5	43
1233.5	20
1234.5	23
1235.5	26
1236.5	25
1237.5	28
1238.5	33
1239.5	32
1240.5	23
1241.5	29
1242.5	29
1243.5	29
1244.5	16
1245.5	30
1246.5	26
1247.5	31
1248.5	29
1249.5	27
1250.5	28
1251.5	21
1252.5	28
1253.5	30
1254.5	20
1255.5	21
1256.5	34
1257.5	45
1258.5	24
1259.5	25
1260.5	30
1261.5	36
1262.5	26
1263.5	31
1264.5	26
1265.5	30
1266.5	38
1267.5	34
1268.5	41
1269.5	30
1270.5	33
1271.5	28
1272.5	32
1273.5	29
1274.5	35
1275.5	40
1276.5	26
1277.5	25
1278.5	22
1279.5	33
1280.5	28
1281.5	29
1282.5	28
1283.5	24
1284.5	32
1285.5	26
1286.5	31
1287.5	32
1288.5	27
1289.5	33
1290.5	34
1291.5	30
1292.5	35
1293.5	23
1294.5	36
1295.5	30
1296.5	28
1297.5	32
1298.5	29
1299.5	31
1300.5	27
1301.5	31
1302.5	33
1303.5	33
1304.5	20
1305.5	38
1306.5	28
1307.5	30
1308.5	20
1309.5	31
1310.5	24
1311.5	22
1312.5	33
1313.5	25
1314.5	22
1315.5	26
1316.5	33
1317.5	28
1318.5	30
1319.5	28
1320.5	29
1321.5	24
1322.5	35
1323.5	26
1324.5	24
1325.5	23
1326.5	23
1327.5	38
1328.5	24
1329.5	24
1330.5	25
1331.5	28
1332.5	30
1333.5	31
1334.5	29
1335.5	27
1336.5	21
1337.5	37
1338.5	43
1339.5	30
1340.5	31
1341.5	35
1342.5	34
1343.5	31
1344.5	38
1345.5	38
1346.5	28
1347.5	37
1348.5	33
1349.5	43
1350.5	47
1351.5	44
1352.5	43
1353.5	32
1354.5	34
1355.5	33
1356.5	28
1357.5	35
1358.5	35
1359.5	41
1360.5	36
1361.5	38
1362.5	44
1363.5	42
1364.5	37
1365.5	34
1366.5	34
1367.5	37
1368.5	36
1369.5	40
1370.5	39
1371.5	23
1372.5	27
1373.5	39
1374.5	29
1375.5	33
1376.5	22
1377.5	32
1378.5	24
1379.5	25
1380.5	33
1381.5	30
1382.5	35
1383.5	40
1384.5	37
1385.5	34
1386.5	30
1387.5	36
1388.5	34
1389.5	29
1390.5	36
1391.5	40
1392.5	39
1393.5	46
1394.5	43
1395.5	54
1396.5	41
1397.5	41
1398.5	45
1399.5	45
1400.5	43
1401.5	54
1402.5	58
1403.5	50
1404.5	54
1405.5	50
1406.5	52
1407.5	64
1408.5	80
1409.5	60
1410.5	75
1411.5	69
1412.5	74
1413.5	74
1414.5	57
1415.5	75
1416.5	66
1417.5	73
1418.5	72
1419.5	77
1420.5	67
1421.5	67
1422.5	68
1423.5	68
1424.5	69
1425.5	56
1426.5	68
1427.5	61
1428.5	54
1429.5	57
1430.5	52
1431.5	64
1432.5	54
1433.5	61
1434.5	61
1435.5	61
1436.5	53
1437.5	51
1438.5	53
1439.5	56
1440.5	71
1441.5	60
1442.5	61
1443.5	62
1444.5	54
1445.5	50
1446.5	73
1447.5	57
1448.5	57
1449.5	64
1450.5	54
1451.5	60
1452.5	45
1453.5	43
1454.5	56
1455.5	42
1456.5	43
1457.5	48
1458.5	37
1459.5	36
1460.5	35
1461.5	35
1462.5	33
1463.5	34
1464.5	32
1465.5	25
1466.5	29
1467.5	28
1468.5	31
1469.5	32
1470.5	33
1471.5	22
1472.5	28
1473.5	26
1474.5	20
1475.5	23
1476.5	28
1477.5	31
1478.5	27
1479.5	21
1480.5	23
1481.5	19
1482.5	17
1483.5	25
1484.5	16
1485.5	27
1486.5	25
1487.5	14
1488.5	22
1489.5	27
1490.5	16
1491.5	25
1492.5	28
1493.5	18
1494.5	27
1495.5	23
1496.5	17
1497.5	16
1498.5	15
1499.5	22
1500.5	17
1501.5	16
1502.5	23
1503.5	23
1504.5	19
1505.5	20
1506.5	20
1507.5	18
1508.5	23
1509.5	16
1510.5	14
1511.5	16
1512.5	12
1513.5	17
1514.5	18
1515.5	18
1516.5	24
1517.5	14
1518.5	19
1519.5	14
1520.5	23
1521.5	24
1522.5	23
1523.5	14
1524.5	12
1525.5	13
1526.5	25
1527.5	12
1528.5	17
1529.5	21
1530.5	10
1531.5	15
1532.5	21
1533.5	16
1534.5	13
1535.5	12
1536.5	15
1537.5	14
1538.5	18
1539.5	20
1540.5	16
1541.5	15
1542.5	15
1543.5	13
1544.5	18
1545.5	20
1546.5	15
1547.5	18
1548.5	16
1549.5	16
1550.5	14
1551.5	17
1552.5	13
1553.5	13
1554.5	11
1555.5	14
1556.5	16
1557.5	9
1558.5	10
1559.5	11
1560.5	19
1561.5	17
1562.5	15
1563.5	11
1564.5	20
1565.5	11
1566.5	11
1567.5	15
1568.5	19
1569.5	20
1570.5	13
1571.5	13
1572.5	15
1573.5	22
1574.5	13
1575.5	17
1576.5	22
1577.5	20
1578.5	24
1579.5	21
1580.5	16
1581.5	18
1582.5	13
1583.5	17
1584.5	19
1585.5	20
1586.5	16
1587.5	19
1588.5	11
1589.5	16
1590.5	13
1591.5	16
1592.5	16
1593.5	18
1594.5	21
1595.5	13
1596.5	20
1597.5	9
1598.5	22
1599.5	15
1600.5	16
1601.5	14
1602.5	15
1603.5	17
1604.5	15
1605.5	21
1606.5	23
1607.5	26
1608.5	20
1609.5	14
1610.5	16
1611.5	12
1612.5	11
1613.5	13
1614.5	10
1615.5	18
1616.5	7
1617.5	15
1618.5	15
1619.5	19
1620.5	14
1621.5	25
1622.5	6
1623.5	19
1624.5	15
1625.5	11
1626.5	16
1627.5	9
1628.5	15
1629.5	16
1630.5	10
1631.5	8
1632.5	12
1633.5	18
1634.5	12
1635.5	17
1636.5	14
1637.5	10
1638.5	10
1639.5	11
1640.5	9
1641.5	9
1642.5	16
1643.5	6
1644.5	7
1645.5	14
1646.5	14
1647.5	9
1648.5	16
1649.5	12
1650.5	9
1651.5	15
1652.5	6
1653.5	11
1654.5	20
1655.5	6
1656.5	11
1657.5	10
1658.5	14
1659.5	12
1660.5	13
1661.5	15
1662.5	19
1663.5	16
1664.5	10
1665.5	13
1666.5	14
1667.5	11
1668.5	12
1669.5	11
1670.5	11
1671.5	11
1672.5	17
1673.5	18
1674.5	18
1675.5	21
1676.5	17
1677.5	13
1678.5	11
1679.5	18
1680.5	20
1681.5	10
1682.5	7
1683.5	21
1684.5	11
1685.5	19
1686.5	20
1687.5	15
1688.5	11
1689.5	19
1690.5	11
1691.5	16
1692.5	21
1693.5	14
1694.5	9
1695.5	12
1696.5	14
1697.5	14
1698.5	20
1699.5	16
1700.5	18
1701.5	8
1702.5	20
1703.5	11
1704.5	9
1705.5	15
1706.5	10
1707.5	20
1708.5	17
1709.5	16
1710.5	17
1711.5	15
1712.5	15
1713.5	12
1714.5	18
1715.5	20
1716.5	16
1717.5	28
1718.5	19
1719.5	19
1720.5	21
1721.5	26
1722.5	21
1723.5	27
1724.5	21
1725.5	23
1726.5	29
1727.5	16
1728.5	33
1729.5	25
1730.5	23
1731.5	27
1732.5	28
1733.5	21
1734.5	25
1735.5	21
1736.5	21
1737.5	32
1738.5	21
1739.5	24
1740.5	24
1741.5	28
1742.5	31
1743.5	31
1744.5	31
1745.5	26
1746.5	27
1747.5	28
1748.5	15
1749.5	20
1750.5	27
1751.5	24
1752.5	28
1753.5	17
1754.5	26
1755.5	24
1756.5	28
1757.5	22
1758.5	15
1759.5	16
1760.5	22
1761.5	13
1762.5	20
1763.5	20
1764.5	19
1765.5	15
1766.5	16
1767.5	16
1768.5	14
1769.5	14
1770.5	11
1771.5	14
1772.5	14
1773.5	16
1774.5	12
1775.5	20
1776.5	17
1777.5	17
1778.5	16
1779.5	12
1780.5	20
1781.5	12
1782.5	8
1783.5	11
1784.5	16
1785.5	8
1786.5	12
1787.5	11
1788.5	7
1789.5	14
1790.5	13
1791.5	21
1792.5	12
1793.5	14
1794.5	8
1795.5	10
1796.5	12
1797.5	19
1798.5	11
1799.5	10
1800.5	22
1801.5	9
1802.5	8
1803.5	18
1804.5	6
1805.5	5
1806.5	9
1807.5	10
1808.5	12
1809.5	9
1810.5	14
1811.5	11
1812.5	17
1813.5	8
1814.5	22
1815.5	17
1816.5	17
1817.5	8
1818.5	8
1819.5	13
1820.5	7
1821.5	13
1822.5	17
1823.5	10
1824.5	14
1825.5	17
1826.5	13
1827.5	18
1828.5	12
1829.5	10
1830.5	11
1831.5	15
1832.5	10
1833.5	10
1834.5	13
1835.5	7
1836.5	15
1837.5	19
1838.5	12
1839.5	14
1840.5	9
1841.5	20
1842.5	12
1843.5	18
1844.5	15
1845.5	7
1846.5	12
1847.5	13
1848.5	16
1849.5	10
1850.5	14
1851.5	9
1852.5	13
1853.5	18
1854.5	16
1855.5	10
1856.5	14
1857.5	19
1858.5	10
1859.5	18
1860.5	16
1861.5	17
1862.5	20
1863.5	10
1864.5	18
1865.5	11
1866.5	17
1867.5	9
1868.5	7
1869.5	4
1870.5	13
1871.5	18
1872.5	13
1873.5	16
1874.5	17
1875.5	18
1876.5	8
1877.5	9
1878.5	10
1879.5	11
1880.5	18
1881.5	13
1882.5	18
1883.5	16
1884.5	18
1885.5	14
1886.5	15
1887.5	18
1888.5	16
1889.5	15
1890.5	8
1891.5	10
1892.5	10
1893.5	10
1894.5	17
1895.5	14
1896.5	14
1897.5	13
1898.5	11
1899.5	14
1900.5	18
1901.5	9
1902.5	14
1903.5	11
1904.5	15
1905.5	12
1906.5	8
1907.5	16
1908.5	14
1909.5	11
1910.5	12
1911.5	10
1912.5	12
1913.5	13
1914.5	20
1915.5	16
1916.5	16
1917.5	9
1918.5	13
1919.5	18
1920.5	16
1921.5	9
1922.5	17
1923.5	13
1924.5	12
1925.5	18
1926.5	14
1927.5	18
1928.5	9
1929.5	17
1930.5	11
1931.5	14
1932.5	13
1933.5	20
1934.5	12
1935.5	16
1936.5	15
1937.5	16
1938.5	12
1939.5	10
1940.5	16
1941.5	11
1942.5	9
1943.5	16
1944.5	14
1945.5	12
1946.5	9
1947.5	15
1948.5	12
1949.5	15
1950.5	19
1951.5	10
1952.5	21
1953.5	20
1954.5	13
1955.5	19
1956.5	15
1957.5	19
1958.5	17
1959.5	16
1960.5	17
1961.5	14
1962.5	18
1963.5	17
1964.5	14
1965.5	15
1966.5	12
1967.5	21
1968.5	15
1969.5	27
1970.5	8
1971.5	10
1972.5	17
1973.5	12
1974.5	17
1975.5	14
1976.5	12
1977.5	11
1978.5	9
1979.5	12
1980.5	13
1981.5	13
1982.5	19
1983.5	11
1984.5	16
1985.5	9
1986.5	12
1987.5	8
1988.5	18
1989.5	12
1990.5	13
1991.5	10
1992.5	12
1993.5	15
1994.5	18
1995.5	23
1996.5	15
1997.5	16
1998.5	16
1999.5	11
2000.5	12
2001.5	20
2002.5	18
2003.5	11
2004.5	17
2005.5	14
2006.5	17
2007.5	20
2008.5	12
2009.5	18
2010.5	15
2011.5	14
2012.5	12
2013.5	15
2014.5	14
2015.5	12
2016.5	15
2017.5	13
2018.5	16
2019.5	13
2020.5	11
2021.5	9
2022.5	11
2023.5	12
2024.5	7
2025.5	20
2026.5	6
2027.5	13
2028.5	16
2029.5	13
2030.5	8
2031.5	9
2032.5	10
2033.5	15
2034.5	14
2035.5	14
2036.5	16
2037.5	10
2038.5	9
2039.5	15
2040.5	13
2041.5	10
2042.5	14
2043.5	7
2044.5	14
2045.5	7
2046.5	11
2047.5	18
2048.5	19
2049.5	14
2050.5	15
2051.5	6
2052.5	10
2053.5	11
2054.5	15
2055.5	15
2056.5	12
2057.5	15
2058.5	15
2059.5	13
2060.5	10
2061.5	9
2062.5	5
2063.5	15
2064.5	9
2065.5	16
2066.5	12
2067.5	14
2068.5	11
2069.5	11
2070.5	12
2071.5	12
2072.5	16
2073.5	12
2074.5	7
2075.5	13
2076.5	13
2077.5	8
2078.5	16
2079.5	19
2080.5	10
2081.5	16
2082.5	15
2083.5	8
2084.5	19
2085.5	12
2086.5	15
2087.5	19
2088.5	11
2089.5	12
2090.5	23
2091.5	12
2092.5	13
2093.5	11
2094.5	11
2095.5	13
2096.5	18
2097.5	20
2098.5	22
2099.5	12
2100.5	6
2101.5	16
2102.5	9
2103.5	13
2104.5	16
2105.5	13
2106.5	17
2107.5	9
2108.5	13
2109.5	14
2110.5	8
2111.5	17
2112.5	15
2113.5	12
2114.5	13
2115.5	14
2116.5	17
2117.5	11
2118.5	16
2119.5	18
2120.5	5
2121.5	12
2122.5	14
2123.5	12
2124.5	11
2125.5	15
2126.5	17
2127.5	9
2128.5	9
2129.5	15
2130.5	14
2131.5	18
2132.5	13
2133.5	7
2134.5	9
2135.5	16
2136.5	16
2137.5	12
2138.5	14
2139.5	14
2140.5	13
2141.5	7
2142.5	14
2143.5	15
2144.5	13
2145.5	11
2146.5	21
2147.5	21
2148.5	11
2149.5	20
2150.5	22
2151.5	9
2152.5	14
2153.5	14
2154.5	9
2155.5	17
2156.5	14
2157.5	13
2158.5	22
2159.5	15
2160.5	18
2161.5	14
2162.5	6
2163.5	15
2164.5	13
2165.5	11
2166.5	10
2167.5	13
2168.5	13
2169.5	17
2170.5	11
2171.5	13
2172.5	23
2173.5	16
2174.5	18
2175.5	15
2176.5	10
2177.5	12
2178.5	20
2179.5	12
2180.5	5
2181.5	6
2182.5	7
2183.5	11
2184.5	14
2185.5	10
2186.5	21
2187.5	15
2188.5	14
2189.5	13
2190.5	18
2191.5	14
2192.5	12
2193.5	12
2194.5	13
2195.5	13
2196.5	13
2197.5	13
2198.5	12
2199.5	15
2200.5	17
2201.5	17
2202.5	20
2203.5	7
2204.5	9
2205.5	10
2206.5	14
2207.5	14
2208.5	11
2209.5	13
2210.5	18
2211.5	19
2212.5	18
2213.5	16
2214.5	12
2215.5	23
2216.5	11
2217.5	15
2218.5	9
2219.5	15
2220.5	12
2221.5	9
2222.5	14
2223.5	21
2224.5	14
2225.5	16
2226.5	15
2227.5	17
2228.5	15
2229.5	17
2230.5	14
2231.5	10
2232.5	15
2233.5	17
2234.5	17
2235.5	12
2236.5	20
2237.5	26
2238.5	18
2239.5	10
2240.5	21
2241.5	15
2242.5	19
2243.5	17
2244.5	12
2245.5	11
2246.5	16
2247.5	16
2248.5	18
2249.5	15
2250.5	11
2251.5	17
2252.5	16
2253.5	17
2254.5	13
2255.5	20
2256.5	11
2257.5	19
2258.5	13
2259.5	15
2260.5	16
2261.5	8
2262.5	17
2263.5	10
2264.5	13
2265.5	16
2266.5	16
2267.5	11
2268.5	17
2269.5	16
2270.5	13
2271.5	12
2272.5	15
2273.5	14
2274.5	19
2275.5	11
2276.5	12
2277.5	10
2278.5	9
2279.5	10
2280.5	9
2281.5	17
2282.5	7
2283.5	11
2284.5	7
2285.5	8
2286.5	14
2287.5	12
2288.5	10
2289.5	15
2290.5	7
2291.5	14
2292.5	10
2293.5	12
2294.5	20
2295.5	14
2296.5	7
2297.5	15
2298.5	12
2299.5	17
2300.5	18
2301.5	9
2302.5	14
2303.5	11
2304.5	16
2305.5	11
2306.5	18
2307.5	17
2308.5	9
2309.5	8
2310.5	9
2311.5	7
2312.5	15
2313.5	18
2314.5	17
2315.5	9
2316.5	15
2317.5	13
2318.5	7
2319.5	11
2320.5	13
2321.5	10
2322.5	6
2323.5	11
2324.5	9
2325.5	8
2326.5	12
2327.5	10
2328.5	14
2329.5	8
2330.5	15
2331.5	16
2332.5	12
2333.5	12
2334.5	10
2335.5	9
2336.5	2
2337.5	10
2338.5	6
2339.5	12
2340.5	14
2341.5	11
2342.5	10
2343.5	13
2344.5	10
2345.5	7
2346.5	8
2347.5	9
2348.5	11
2349.5	14
2350.5	13
2351.5	14
2352.5	11
2353.5	12
2354.5	13
2355.5	16
2356.5	3
2357.5	10
2358.5	10
2359.5	6
2360.5	14
2361.5	15
2362.5	14
2363.5	10
2364.5	10
2365.5	8
2366.5	9
2367.5	10
2368.5	11
2369.5	12
2370.5	14
2371.5	11
2372.5	8
2373.5	9
2374.5	13
2375.5	11
2376.5	12
2377.5	8
2378.5	10
2379.5	10
2380.5	9
2381.5	13
2382.5	12
2383.5	13
2384.5	9
2385.5	12
2386.5	10
2387.5	8
2388.5	11
2389.5	15
2390.5	10
2391.5	10
2392.5	11
2393.5	12
2394.5	6
2395.5	16
2396.5	13
2397.5	5
2398.5	19
2399.5	12
2400.5	7
2401.5	8
2402.5	15
2403.5	14
2404.5	15
2405.5	11
2406.5	11
2407.5	9
2408.5	2
2409.5	8
2410.5	12
2411.5	9
2412.5	5
2413.5	15
2414.5	21
2415.5	9
2416.5	10
2417.5	9
2418.5	4
2419.5	14
2420.5	13
2421.5	9
2422.5	16
2423.5	12
2424.5	12
2425.5	8
2426.5	9
2427.5	10
2428.5	14
2429.5	14
2430.5	5
2431.5	10
2432.5	10
2433.5	5
2434.5	9
2435.5	9
2436.5	12
2437.5	12
2438.5	10
2439.5	11
2440.5	11
2441.5	8
2442.5	15
2443.5	11
2444.5	12
2445.5	13
2446.5	15
2447.5	11
2448.5	15
2449.5	9
2450.5	21
2451.5	12
2452.5	15
2453.5	6
2454.5	14
2455.5	16
2456.5	10
2457.5	6
2458.5	12
2459.5	12
2460.5	9
2461.5	14
2462.5	10
2463.5	7
2464.5	12
2465.5	13
2466.5	10
2467.5	14
2468.5	11
2469.5	9
2470.5	12
2471.5	10
2472.5	13
2473.5	12
2474.5	15
2475.5	13
2476.5	11
2477.5	14
2478.5	8
2479.5	14
2480.5	9
2481.5	8
2482.5	11
2483.5	11
2484.5	10
2485.5	5
2486.5	10
2487.5	6
2488.5	10
2489.5	9
2490.5	12
2491.5	6
2492.5	15
2493.5	13
2494.5	11
2495.5	11
2496.5	12
2497.5	16
2498.5	14
2499.5	16
2500.5	8
2501.5	17
2502.5	9
2503.5	12
2504.5	15
2505.5	9
2506.5	10
2507.5	9
2508.5	12
2509.5	14
2510.5	19
2511.5	14
2512.5	13
2513.5	14
2514.5	9
2515.5	11
2516.5	14
2517.5	10
2518.5	10
2519.5	11
2520.5	13
2521.5	16
2522.5	10
2523.5	16
2524.5	15
2525.5	11
2526.5	9
2527.5	11
2528.5	11
2529.5	11
2530.5	12
2531.5	17
2532.5	13
2533.5	10
2534.5	12
2535.5	17
2536.5	10
2537.5	14
2538.5	7
2539.5	15
2540.5	16
2541.5	14
2542.5	15
2543.5	18
2544.5	10
2545.5	12
2546.5	8
2547.5	8
2548.5	14
2549.5	11
2550.5	10
2551.5	16
2552.5	16
2553.5	17
2554.5	8
2555.5	12
2556.5	12
2557.5	9
2558.5	10
2559.5	5
2560.5	3
2561.5	6
2562.5	15
2563.5	11
2564.5	7
2565.5	12
2566.5	15
2567.5	7
2568.5	13
2569.5	10
2570.5	12
2571.5	11
2572.5	8
2573.5	10
2574.5	4
2575.5	12
2576.5	5
2577.5	8
2578.5	10
2579.5	6
2580.5	7
2581.5	12
2582.5	8
2583.5	12
2584.5	12
2585.5	9
2586.5	15
2587.5	10
2588.5	17
2589.5	9
2590.5	15
2591.5	12
2592.5	6
2593.5	11
2594.5	9
2595.5	7
2596.5	15
2597.5	9
2598.5	10
2599.5	11
2600.5	4
2601.5	6
2602.5	14
2603.5	8
2604.5	20
2605.5	6
2606.5	9
2607.5	11
2608.5	8
2609.5	11
2610.5	5
2611.5	14
2612.5	14
2613.5	6
2614.5	6
2615.5	12
2616.5	7
2617.5	12
2618.5	10
2619.5	17
2620.5	15
2621.5	11
2622.5	15
2623.5	10
2624.5	17
2625.5	16
2626.5	14
2627.5	12
2628.5	6
2629.5	10
2630.5	7
2631.5	13
2632.5	12
2633.5	8
2634.5	7
2635.5	8
2636.5	14
2637.5	13
2638.5	10
2639.5	16
2640.5	12
2641.5	9
2642.5	7
2643.5	6
2644.5	11
2645.5	12
2646.5	7
2647.5	12
2648.5	10
2649.5	10
2650.5	5
2651.5	13
2652.5	10
2653.5	12
2654.5	8
2655.5	12
2656.5	6
2657.5	15
2658.5	16
2659.5	10
2660.5	5
2661.5	12
2662.5	6
2663.5	11
2664.5	8
2665.5	12
2666.5	7
2667.5	10
2668.5	8
2669.5	12
2670.5	18
2671.5	10
2672.5	9
2673.5	10
2674.5	11
2675.5	11
2676.5	6
2677.5	8
2678.5	8
2679.5	12
2680.5	15
2681.5	11
2682.5	14
2683.5	12
2684.5	12
2685.5	6
2686.5	13
2687.5	6
2688.5	12
2689.5	15
2690.5	8
2691.5	10
2692.5	11
2693.5	6
2694.5	9
2695.5	9
2696.5	11
2697.5	10
2698.5	8
2699.5	8
2700.5	12
2701.5	8
2702.5	11
2703.5	6
2704.5	17
2705.5	11
2706.5	11
2707.5	8
2708.5	7
2709.5	14
2710.5	10
2711.5	8
2712.5	7
2713.5	12
2714.5	15
2715.5	13
2716.5	7
2717.5	8
2718.5	11
2719.5	10
2720.5	16
2721.5	9
2722.5	9
2723.5	12
2724.5	15
2725.5	7
2726.5	5
2727.5	6
2728.5	15
2729.5	18
2730.5	8
2731.5	10
2732.5	5
2733.5	10
2734.5	11
2735.5	10
2736.5	10
2737.5	11
2738.5	17
2739.5	9
2740.5	12
2741.5	11
2742.5	15
2743.5	9
2744.5	7
2745.5	14
2746.5	13
2747.5	9
2748.5	10
2749.5	13
2750.5	15
2751.5	14
2752.5	7
2753.5	18
2754.5	12
2755.5	15
2756.5	10
2757.5	7
2758.5	11
2759.5	15
2760.5	17
2761.5	9
2762.5	10
2763.5	7
2764.5	14
2765.5	13
2766.5	4
2767.5	13
2768.5	10
2769.5	6
2770.5	16
2771.5	8
2772.5	11
2773.5	9
2774.5	12
2775.5	10
2776.5	13
2777.5	7
2778.5	19
2779.5	18
2780.5	12
2781.5	12
2782.5	12
2783.5	7
2784.5	16
2785.5	11
2786.5	12
2787.5	7
2788.5	12
2789.5	12
2790.5	14
2791.5	16
2792.5	9
2793.5	8
2794.5	11
2795.5	11
2796.5	13
2797.5	13
2798.5	21
2799.5	10
2800.5	10
2801.5	7
2802.5	13
2803.5	14
2804.5	8
2805.5	10
2806.5	13
2807.5	12
2808.5	12
2809.5	8
2810.5	16
2811.5	7
2812.5	6
2813.5	11
2814.5	15
2815.5	16
2816.5	9
2817.5	7
2818.5	12
2819.5	12
2820.5	11
2821.5	9
2822.5	12
2823.5	12
2824.5	10
2825.5	17
2826.5	12
2827.5	4
2828.5	10
2829.5	14
2830.5	7
2831.5	15
2832.5	9
2833.5	11
2834.5	16
2835.5	15
2836.5	14
2837.5	14
2838.5	11
2839.5	8
2840.5	17
2841.5	11
2842.5	5
2843.5	14
2844.5	7
2845.5	10
2846.5	10
2847.5	11
2848.5	10
2849.5	11
2850.5	6
2851.5	21
2852.5	8
2853.5	19
2854.5	10
2855.5	8
2856.5	10
2857.5	10
2858.5	12
2859.5	18
2860.5	9
2861.5	9
2862.5	10
2863.5	17
2864.5	11
2865.5	11
2866.5	14
2867.5	6
2868.5	7
2869.5	11
2870.5	6
2871.5	15
2872.5	14
2873.5	13
2874.5	15
2875.5	9
2876.5	6
2877.5	12
2878.5	6
2879.5	14
2880.5	5
2881.5	11
2882.5	13
2883.5	14
2884.5	15
2885.5	11
2886.5	17
2887.5	13
2888.5	13
2889.5	12
2890.5	13
2891.5	9
2892.5	12
2893.5	12
2894.5	16
2895.5	14
2896.5	16
2897.5	19
2898.5	12
2899.5	12
2900.5	14
2901.5	12
2902.5	13
2903.5	12
2904.5	8
2905.5	14
2906.5	13
2907.5	8
2908.5	8
2909.5	17
2910.5	18
2911.5	15
2912.5	13
2913.5	12
2914.5	5
2915.5	10
2916.5	14
2917.5	12
2918.5	9
2919.5	6
2920.5	10
2921.5	18
2922.5	8
2923.5	12
2924.5	11
2925.5	13
2926.5	9
2927.5	12
2928.5	8
2929.5	13
2930.5	9
2931.5	11
2932.5	9
2933.5	12
2934.5	18
2935.5	9
2936.5	12
2937.5	9
2938.5	15
2939.5	16
2940.5	14
2941.5	17
2942.5	15
2943.5	17
2944.5	11
2945.5	10
2946.5	4
2947.5	14
2948.5	6
2949.5	12
2950.5	10
2951.5	8
2952.5	10
2953.5	14
2954.5	17
2955.5	12
2956.5	11
2957.5	10
2958.5	8
2959.5	11
2960.5	15
2961.5	15
2962.5	16
2963.5	11
2964.5	17
2965.5	13
2966.5	15
2967.5	12
2968.5	12
2969.5	16
2970.5	9
2971.5	14
2972.5	12
2973.5	9
2974.5	12
2975.5	10
2976.5	10
2977.5	12
2978.5	18
2979.5	9
2980.5	12
2981.5	6
2982.5	11
2983.5	13
2984.5	9
2985.5	10
2986.5	11
2987.5	9
2988.5	12
2989.5	10
2990.5	9
2991.5	15
2992.5	13
2993.5	15
2994.5	13
2995.5	10
2996.5	19
2997.5	13
2998.5	10
2999.5	13
3000.5	10
3001.5	16
3002.5	11
3003.5	15
3004.5	10
3005.5	19
3006.5	9
3007.5	10
3008.5	12
3009.5	11
3010.5	11
3011.5	12
3012.5	11
3013.5	15
3014.5	11
3015.5	10
3016.5	10
3017.5	21
3018.5	16
3019.5	14
3020.5	16
3021.5	14
3022.5	5
3023.5	10
3024.5	10
3025.5	11
3026.5	13
3027.5	19
3028.5	8
3029.5	14
3030.5	6
3031.5	13
3032.5	6
3033.5	16
3034.5	18
3035.5	10
3036.5	6
3037.5	15
3038.5	8
3039.5	8
3040.5	9
3041.5	17
3042.5	3
3043.5	9
3044.5	12
3045.5	13
3046.5	12
3047.5	12
3048.5	13
3049.5	12
3050.5	19
3051.5	6
3052.5	11
3053.5	16
3054.5	11
3055.5	12
3056.5	10
3057.5	13
3058.5	14
3059.5	14
3060.5	13
3061.5	10
3062.5	14
3063.5	17
3064.5	15
3065.5	14
3066.5	13
3067.5	11
3068.5	7
3069.5	12
3070.5	15
3071.5	4
3072.5	21
3073.5	9
3074.5	20
3075.5	18
3076.5	17
3077.5	11
3078.5	19
3079.5	18
3080.5	13
3081.5	13
3082.5	13
3083.5	12
3084.5	12
3085.5	20
3086.5	15
3087.5	8
3088.5	10
3089.5	15
3090.5	21
3091.5	10
3092.5	9
3093.5	18
3094.5	10
3095.5	9
3096.5	15
3097.5	13
3098.5	8
3099.5	15
3100.5	17
3101.5	8
3102.5	14
3103.5	21
3104.5	12
3105.5	15
3106.5	8
3107.5	13
3108.5	9
3109.5	22
3110.5	15
3111.5	8
3112.5	19
3113.5	13
3114.5	8
3115.5	14
3116.5	18
3117.5	15
3118.5	18
3119.5	9
3120.5	12
3121.5	16
3122.5	9
3123.5	17
3124.5	24
3125.5	13
3126.5	12
3127.5	13
3128.5	13
3129.5	12
3130.5	17
3131.5	25
3132.5	19
3133.5	12
3134.5	17
3135.5	11
3136.5	12
3137.5	12
3138.5	13
3139.5	14
3140.5	17
3141.5	14
3142.5	14
3143.5	10
3144.5	16
3145.5	17
3146.5	14
3147.5	21
3148.5	13
3149.5	16
3150.5	22
3151.5	15
3152.5	25
3153.5	19
3154.5	16
3155.5	22
3156.5	18
3157.5	20
3158.5	36
3159.5	24
3160.5	19
3161.5	22
3162.5	31
3163.5	24
3164.5	28
3165.5	23
3166.5	20
3167.5	18
3168.5	25
3169.5	24
3170.5	20
3171.5	17
3172.5	34
3173.5	29
3174.5	29
3175.5	22
3176.5	23
3177.5	31
3178.5	27
3179.5	27
3180.5	32
3181.5	27
3182.5	35
3183.5	30
3184.5	41
3185.5	28
3186.5	37
3187.5	34
3188.5	19
3189.5	39
3190.5	40
3191.5	31
3192.5	33
3193.5	32
3194.5	22
3195.5	35
3196.5	23
3197.5	29
3198.5	33
3199.5	38
3200.5	25
3201.5	33
3202.5	35
3203.5	43
3204.5	29
3205.5	31
3206.5	32
3207.5	26
3208.5	20
3209.5	28
3210.5	38
3211.5	30
3212.5	38
3213.5	35
3214.5	36
3215.5	32
3216.5	38
3217.5	38
3218.5	46
3219.5	33
3220.5	34
3221.5	28
3222.5	36
3223.5	36
3224.5	23
3225.5	29
3226.5	34
3227.5	35
3228.5	36
3229.5	40
3230.5	36
3231.5	31
3232.5	36
3233.5	36
3234.5	38
3235.5	37
3236.5	35
3237.5	26
3238.5	28
3239.5	31
3240.5	26
3241.5	36
3242.5	40
3243.5	29
3244.5	25
3245.5	31
3246.5	35
3247.5	33
3248.5	27
3249.5	39
3250.5	28
3251.5	25
3252.5	30
3253.5	32
3254.5	33
3255.5	33
3256.5	21
3257.5	35
3258.5	25
3259.5	35
3260.5	24
3261.5	33
3262.5	33
3263.5	31
3264.5	30
3265.5	32
3266.5	23
3267.5	27
3268.5	20
3269.5	26
3270.5	27
3271.5	26
3272.5	21
3273.5	30
3274.5	23
3275.5	32
3276.5	29
3277.5	26
3278.5	28
3279.5	26
3280.5	21
3281.5	21
3282.5	20
3283.5	21
3284.5	19
3285.5	30
3286.5	24
3287.5	21
3288.5	30
3289.5	26
3290.5	20
3291.5	25
3292.5	24
3293.5	28
3294.5	27
3295.5	27
3296.5	18
3297.5	24
3298.5	21
3299.5	29
3300.5	16
3301.5	12
3302.5	27
3303.5	13
3304.5	14
3305.5	29
3306.5	19
3307.5	24
3308.5	26
3309.5	30
3310.5	18
3311.5	18
3312.5	25
3313.5	21
3314.5	15
3315.5	16
3316.5	19
3317.5	25
3318.5	19
3319.5	25
3320.5	24
3321.5	22
3322.5	26
3323.5	20
3324.5	27
3325.5	25
3326.5	27
3327.5	29
3328.5	24
3329.5	23
3330.5	21
3331.5	30
3332.5	22
3333.5	13
3334.5	29
3335.5	23
3336.5	19
3337.5	23
3338.5	18
3339.5	20
3340.5	27
3341.5	27
3342.5	24
3343.5	23
3344.5	25
3345.5	23
3346.5	24
3347.5	23
3348.5	23
3349.5	34
3350.5	18
3351.5	17
3352.5	15
3353.5	20
3354.5	24
3355.5	22
3356.5	26
3357.5	26
3358.5	10
3359.5	27
3360.5	21
3361.5	22
3362.5	22
3363.5	24
3364.5	22
3365.5	20
3366.5	27
3367.5	26
3368.5	24
3369.5	21
3370.5	32
3371.5	24
3372.5	21
3373.5	24
3374.5	18
3375.5	20
3376.5	21
3377.5	26
3378.5	26
3379.5	20
3380.5	18
3381.5	24
3382.5	19
3383.5	22
3384.5	26
3385.5	26
3386.5	33
3387.5	24
3388.5	27
3389.5	27
3390.5	24
3391.5	25
3392.5	20
3393.5	29
3394.5	25
3395.5	18
3396.5	25
3397.5	12
3398.5	27
3399.5	14
3400.5	26
3401.5	16
3402.5	19
3403.5	32
3404.5	11
3405.5	16
3406.5	19
3407.5	22
3408.5	27
3409.5	16
3410.5	22
3411.5	17
3412.5	21
3413.5	24
3414.5	19
3415.5	22
3416.5	26
3417.5	29
3418.5	22
3419.5	22
3420.5	26
3421.5	23
3422.5	32
3423.5	19
3424.5	24
3425.5	20
3426.5	26
3427.5	26
3428.5	26
3429.5	22
3430.5	28
3431.5	18
3432.5	31
3433.5	22
3434.5	15
3435.5	19
3436.5	18
3437.5	23
3438.5	40
3439.5	18
3440.5	21
3441.5	22
3442.5	22
3443.5	16
3444.5	29
3445.5	23
3446.5	28
3447.5	19
3448.5	23
3449.5	22
3450.5	23
3451.5	30
3452.5	27
3453.5	20
3454.5	24
3455.5	22
3456.5	16
3457.5	30
3458.5	34
3459.5	32
3460.5	26
3461.5	17
3462.5	24
3463.5	15
3464.5	18
3465.5	20
3466.5	17
3467.5	14
3468.5	29
3469.5	21
3470.5	20
3471.5	14
3472.5	19
3473.5	18
3474.5	21
3475.5	22
3476.5	18
3477.5	11
3478.5	25
3479.5	20
3480.5	22
3481.5	19
3482.5	17
3483.5	23
3484.5	22
3485.5	13
3486.5	21
3487.5	23
3488.5	20
3489.5	18
3490.5	16
3491.5	17
3492.5	18
3493.5	12
3494.5	16
3495.5	24
3496.5	26
3497.5	15
3498.5	30
3499.5	20
3500.5	16
3501.5	14
3502.5	26
3503.5	13
3504.5	23
3505.5	28
3506.5	32
3507.5	17
3508.5	27
3509.5	18
3510.5	26
3511.5	12
3512.5	21
3513.5	26
3514.5	26
3515.5	18
3516.5	20
3517.5	15
3518.5	16
3519.5	30
3520.5	19
3521.5	27
3522.5	18
3523.5	21
3524.5	25
3525.5	15
3526.5	29
3527.5	24
3528.5	13
3529.5	19
3530.5	15
3531.5	15
3532.5	20
3533.5	16
3534.5	17
3535.5	17
3536.5	20
3537.5	22
3538.5	25
3539.5	11
3540.5	15
3541.5	17
3542.5	20
3543.5	20
3544.5	15
3545.5	10
3546.5	23
3547.5	23
3548.5	17
3549.5	16
3550.5	28
3551.5	12
3552.5	14
3553.5	26
3554.5	18
3555.5	18
3556.5	24
3557.5	14
3558.5	18
3559.5	24
3560.5	23
3561.5	23
3562.5	21
3563.5	15
3564.5	20
3565.5	23
3566.5	23
3567.5	35
3568.5	25
3569.5	37
3570.5	26
3571.5	27
3572.5	23
3573.5	28
3574.5	25
3575.5	33
3576.5	27
3577.5	22
3578.5	25
3579.5	27
3580.5	34
3581.5	33
3582.5	27
3583.5	29
3584.5	36
3585.5	40
3586.5	14
3587.5	28
3588.5	44
3589.5	33
3590.5	36
3591.5	40
3592.5	38
3593.5	29
3594.5	37
3595.5	35
3596.5	32
3597.5	46
3598.5	47
3599.5	37
3600.5	47
3601.5	51
3602.5	42
3603.5	36
3604.5	48
3605.5	50
3606.5	53
3607.5	34
3608.5	36
3609.5	53
3610.5	51
3611.5	47
3612.5	49
3613.5	49
3614.5	44
3615.5	45
3616.5	49
3617.5	42
3618.5	50
3619.5	41
3620.5	60
3621.5	50
3622.5	44
3623.5	41
3624.5	53
3625.5	48
3626.5	49
3627.5	63
3628.5	46
3629.5	63
3630.5	41
3631.5	50
3632.5	62
3633.5	58
3634.5	46
3635.5	50
3636.5	54
3637.5	47
3638.5	45
3639.5	54
3640.5	48
3641.5	50
3642.5	45
3643.5	42
3644.5	48
3645.5	50
3646.5	39
3647.5	57
3648.5	46
3649.5	48
3650.5	47
3651.5	57
3652.5	50
3653.5	58
3654.5	46
3655.5	38
3656.5	50
3657.5	62
3658.5	57
3659.5	55
3660.5	43
3661.5	44
3662.5	48
3663.5	56
3664.5	45
3665.5	57
3666.5	36
3667.5	43
3668.5	43
3669.5	47
3670.5	45
3671.5	38
3672.5	51
3673.5	45
3674.5	50
3675.5	57
3676.5	40
3677.5	37
3678.5	55
3679.5	35
3680.5	39
3681.5	42
3682.5	32
3683.5	38
3684.5	50
3685.5	31
3686.5	38
3687.5	31
3688.5	29
3689.5	26
3690.5	37
3691.5	27
3692.5	34
3693.5	37
3694.5	38
3695.5	27
3696.5	34
3697.5	34
3698.5	38
3699.5	32
3700.5	30
3701.5	27
3702.5	20
3703.5	29
3704.5	25
3705.5	23
3706.5	29
3707.5	24
3708.5	41
3709.5	27
3710.5	42
3711.5	21
3712.5	23
3713.5	28
3714.5	36
3715.5	39
3716.5	29
3717.5	29
3718.5	32
3719.5	21
3720.5	16
3721.5	16
3722.5	28
3723.5	26
3724.5	19
3725.5	36
3726.5	26
3727.5	31
3728.5	26
3729.5	31
3730.5	19
3731.5	27
3732.5	17
3733.5	28
3734.5	21
3735.5	20
3736.5	28
3737.5	32
3738.5	22
3739.5	26
3740.5	29
3741.5	27
3742.5	28
3743.5	31
3744.5	27
3745.5	21
3746.5	23
3747.5	15
3748.5	18
3749.5	35
3750.5	28
3751.5	21
3752.5	26
3753.5	26
3754.5	33
3755.5	20
3756.5	17
3757.5	36
3758.5	26
3759.5	20
3760.5	18
3761.5	20
3762.5	23
3763.5	19
3764.5	19
3765.5	29
3766.5	27
3767.5	26
3768.5	23
3769.5	22
3770.5	19
3771.5	27
3772.5	20
3773.5	33
3774.5	27
3775.5	32
3776.5	30
3777.5	27
3778.5	21
3779.5	17
3780.5	32
3781.5	18
3782.5	30
3783.5	15
3784.5	24
3785.5	19
3786.5	27
3787.5	22
3788.5	31
3789.5	25
3790.5	30
3791.5	17
3792.5	30
3793.5	25
3794.5	22
3795.5	20
3796.5	27
3797.5	34
3798.5	15
3799.5	24
3800.5	22
3801.5	18
3802.5	22
3803.5	22
3804.5	32
3805.5	30
3806.5	21
3807.5	14
3808.5	33
3809.5	22
3810.5	28
3811.5	24
3812.5	24
3813.5	18
3814.5	26
3815.5	32
3816.5	25
3817.5	25
3818.5	13
3819.5	23
3820.5	27
3821.5	24
3822.5	27
3823.5	21
3824.5	18
3825.5	23
3826.5	17
3827.5	15
3828.5	24
3829.5	25
3830.5	21
3831.5	21
3832.5	15
3833.5	19
3834.5	15
3835.5	24
3836.5	20
3837.5	21
3838.5	20
3839.5	19
3840.5	25
3841.5	21
3842.5	27
3843.5	17
3844.5	20
3845.5	22
3846.5	23
3847.5	23
3848.5	21
3849.5	22
3850.5	22
3851.5	19
3852.5	17
3853.5	22
3854.5	19
3855.5	15
3856.5	25
3857.5	14
3858.5	17
3859.5	32
3860.5	11
3861.5	18
3862.5	16
3863.5	15
3864.5	15
3865.5	10
3866.5	30
3867.5	14
3868.5	17
3869.5	16
3870.5	16
3871.5	25
3872.5	13
3873.5	14
3874.5	13
3875.5	18
3876.5	18
3877.5	20
3878.5	11
3879.5	15
3880.5	15
3881.5	16
3882.5	14
3883.5	13
3884.5	11
3885.5	18
3886.5	12
3887.5	19
3888.5	19
3889.5	12
3890.5	21
3891.5	12
3892.5	15
3893.5	19
3894.5	9
3895.5	16
3896.5	12
3897.5	7
3898.5	14
3899.5	9
3900.5	15
3901.5	14
3902.5	13
3903.5	11
3904.5	4
3905.5	7
3906.5	18
3907.5	8
3908.5	11
3909.5	9
3910.5	6
3911.5	10
3912.5	11
3913.5	11
3914.5	7
3915.5	9
3916.5	8
3917.5	11
3918.5	7
3919.5	12
3920.5	9
3921.5	7
3922.5	5
3923.5	8
3924.5	4
3925.5	11
3926.5	5
3927.5	10
3928.5	8
3929.5	11
3930.5	6
3931.5	9
3932.5	9
3933.5	12
3934.5	12
3935.5	9
3936.5	6
3937.5	6
3938.5	6
3939.5	4
3940.5	8
3941.5	9
3942.5	5
3943.5	5
3944.5	14
3945.5	11
3946.5	7
3947.5	9
3948.5	3
3949.5	8
3950.5	7
3951.5	9
3952.5	10
3953.5	5
3954.5	9
3955.5	11
3956.5	6
3957.5	8
3958.5	7
3959.5	16
3960.5	5
3961.5	15
3962.5	6
3963.5	9
3964.5	13
3965.5	6
3966.5	7
3967.5	17
3968.5	14
3969.5	12
3970.5	13
3971.5	8
3972.5	11
3973.5	13
3974.5	11
3975.5	19
3976.5	10
3977.5	12
3978.5	8
3979.5	20
3980.5	17
3981.5	13
3982.5	18
3983.5	19
3984.5	18
3985.5	24
3986.5	17
3987.5	20
3988.5	22
3989.5	28
3990.5	20
3991.5	16
3992.5	18
3993.5	22
3994.5	18
3995.5	25
3996.5	35
3997.5	26
3998.5	25
3999.5	29
4000.5	33
4001.5	27
4002.5	29
4003.5	28
4004.5	35
4005.5	42
4006.5	34
4007.5	28
4008.5	23
4009.5	28
4010.5	44
4011.5	41
4012.5	52
4013.5	34
4014.5	39
4015.5	40
4016.5	43
4017.5	38
4018.5	41
4019.5	40
4020.5	36
4021.5	40
4022.5	51
4023.5	57
4024.5	28
4025.5	53
4026.5	42
4027.5	52
4028.5	51
4029.5	44
4030.5	38
4031.5	49
4032.5	48
4033.5	52
4034.5	50
4035.5	53
4036.5	41
4037.5	49
4038.5	36
4039.5	49
4040.5	42
4041.5	42
4042.5	40
4043.5	54
4044.5	38
4045.5	48
4046.5	46
4047.5	44
4048.5	55
4049.5	52
4050.5	49
4051.5	50
4052.5	48
4053.5	47
4054.5	44
4055.5	43
4056.5	47
4057.5	36
4058.5	49
4059.5	36
4060.5	39
4061.5	41
4062.5	38
4063.5	35
4064.5	49
4065.5	35
4066.5	30
4067.5	43
4068.5	44
4069.5	35
4070.5	35
4071.5	34
4072.5	43
4073.5	36
4074.5	34
4075.5	34
4076.5	27
4077.5	26
4078.5	39
4079.5	31
4080.5	26
4081.5	19
4082.5	33
4083.5	31
4084.5	42
4085.5	25
4086.5	27
4087.5	29
4088.5	30
4089.5	25
4090.5	24
4091.5	24
4092.5	26
4093.5	23
4094.5	21
4095.5	15
4096.5	24
4097.5	12
4098.5	16
4099.5	17
4100.5	18
4101.5	12
4102.5	9
4103.5	15
4104.5	17
4105.5	16
4106.5	16
4107.5	13
4108.5	12
4109.5	8
4110.5	14
4111.5	12
4112.5	8
4113.5	6
4114.5	12
4115.5	11
4116.5	7
4117.5	8
4118.5	9
4119.5	4
4120.5	3
4121.5	7
4122.5	6
4123.5	7
4124.5	13
4125.5	7
4126.5	5
4127.5	6
4128.5	1
4129.5	8
4130.5	6
4131.5	1
4132.5	6
4133.5	3
4134.5	3
4135.5	4
4136.5	3
4137.5	3
4138.5	3
4139.5	4
4140.5	0
4141.5	0
4142.5	0
4143.5	3
4144.5	5
4145.5	4
4146.5	5
4147.5	1
4148.5	5
4149.5	2
4150.5	3
4151.5	1
4152.5	1
4153.5	2
4154.5	1
4155.5	2
4156.5	3
4157.5	1
4158.5	2
4159.5	1
4160.5	4
4161.5	1
4162.5	0
4163.5	0
4164.5	4
4165.5	0
4166.5	3
4167.5	2
4168.5	0
4169.5	1
4170.5	2
4171.5	2
4172.5	1
4173.5	2
4174.5	2
4175.5	0
4176.5	1
4177.5	2
4178.5	2
4179.5	3
4180.5	1
4181.5	1
4182.5	0
4183.5	2
4184.5	2
4185.5	4
4186.5	1
4187.5	4
4188.5	1
4189.5	1
4190.5	2
4191.5	3
4192.5	0
4193.5	0
4194.5	1
4195.5	0
4196.5	1
4197.5	2
4198.5	1
4199.5	1
4200.5	2
4201.5	2
4202.5	1
4203.5	1
4204.5	0
4205.5	1
4206.5	0
4207.5	2
4208.5	0
4209.5	2
4210.5	0
4211.5	1
4212.5	3
4213.5	2
4214.5	2
4215.5	2
4216.5	3
4217.5	2
4218.5	1
4219.5	2
4220.5	0
4221.5	2
4222.5	0
4223.5	1
4224.5	0
4225.5	0
4226.5	3
4227.5	1
4228.5	1
4229.5	0
4230.5	0
4231.5	3
4232.5	0
4233.5	3
4234.5	3
4235.5	2
4236.5	1
4237.5	1
4238.5	0
4239.5	2
4240.5	3
4241.5	2
4242.5	3
4243.5	0
4244.5	0
4245.5	3
4246.5	0
4247.5	3
4248.5	1
4249.5	3
4250.5	2
4251.5	3
4252.5	2
4253.5	3
4254.5	1
4255.5	1
4256.5	1
4257.5	4
4258.5	2
4259.5	0
4260.5	1
4261.5	1
4262.5	2
4263.5	3
4264.5	1
4265.5	2
4266.5	2
4267.5	1
4268.5	0
4269.5	0
4270.5	3
4271.5	0
4272.5	4
4273.5	4
4274.5	2
4275.5	1
4276.5	0
4277.5	2
4278.5	2
4279.5	0
4280.5	3
4281.5	1
4282.5	0
4283.5	3
4284.5	1
4285.5	0
4286.5	4
4287.5	0
4288.5	1
4289.5	3
4290.5	1
4291.5	0
4292.5	1
4293.5	1
4294.5	0
4295.5	1
4296.5	1
4297.5	1
4298.5	3
4299.5	3
4300.5	0
4301.5	2
4302.5	2
4303.5	2
4304.5	2
4305.5	2
4306.5	2
4307.5	1
4308.5	1
4309.5	0
4310.5	2
4311.5	1
4312.5	3
4313.5	3
4314.5	4
4315.5	2
4316.5	2
4317.5	1
4318.5	3
4319.5	1
4320.5	4
4321.5	2
4322.5	0
4323.5	1
4324.5	1
4325.5	1
4326.5	0
4327.5	3
4328.5	2
4329.5	1
4330.5	2
4331.5	0
4332.5	1
4333.5	0
4334.5	1
4335.5	1
4336.5	1
4337.5	2
4338.5	3
4339.5	0
4340.5	2
4341.5	1
4342.5	3
4343.5	1
4344.5	2
4345.5	1
4346.5	1
4347.5	2
4348.5	2
4349.5	4
4350.5	2
4351.5	1
4352.5	3
4353.5	1
4354.5	1
4355.5	1
4356.5	1
4357.5	0
4358.5	2
4359.5	4
4360.5	0
4361.5	1
4362.5	1
4363.5	2
4364.5	1
4365.5	1
4366.5	1
4367.5	2
4368.5	1
4369.5	0
4370.5	2
4371.5	0
4372.5	1
4373.5	1
4374.5	0
4375.5	2
4376.5	3
4377.5	1
4378.5	1
4379.5	2
4380.5	0
4381.5	3
4382.5	0
4383.5	2
4384.5	1
4385.5	3
4386.5	1
4387.5	0
4388.5	3
4389.5	1
4390.5	2
4391.5	1
4392.5	0
4393.5	3
4394.5	0
4395.5	1
4396.5	0
4397.5	0
4398.5	1
4399.5	5
4400.5	2
4401.5	1
4402.5	1
4403.5	0
4404.5	3
4405.5	3
4406.5	2
4407.5	2
4408.5	0
4409.5	3
4410.5	1
4411.5	1
4412.5	1
4413.5	0
4414.5	0
4415.5	0
4416.5	0
4417.5	3
4418.5	0
4419.5	2
4420.5	1
4421.5	1
4422.5	1
4423.5	0
4424.5	0
4425.5	0
4426.5	3
4427.5	2
4428.5	0
4429.5	1
4430.5	2
4431.5	1
4432.5	1
4433.5	0
4434.5	0
4435.5	1
4436.5	0
4437.5	1
4438.5	3
4439.5	4
4440.5	0
4441.5	2
4442.5	0
4443.5	2
4444.5	1
4445.5	6
4446.5	3
4447.5	1
4448.5	2
4449.5	1
4450.5	1
4451.5	1
4452.5	0
4453.5	1
4454.5	0
4455.5	0
4456.5	1
4457.5	0
4458.5	4
4459.5	2
4460.5	2
4461.5	1
4462.5	1
4463.5	2
4464.5	5
4465.5	0
4466.5	0
4467.5	0
4468.5	3
4469.5	0
4470.5	4
4471.5	0
4472.5	1
4473.5	2
4474.5	5
4475.5	1
4476.5	2
4477.5	1
4478.5	2
4479.5	2
4480.5	3
4481.5	0
4482.5	3
4483.5	1
4484.5	3
4485.5	2
4486.5	1
4487.5	0
4488.5	1
4489.5	4
4490.5	1
4491.5	5
4492.5	1
4493.5	6
4494.5	2
4495.5	1
4496.5	3
4497.5	2
4498.5	3
4499.5	3
4500.5	2
4501.5	1
4502.5	2
4503.5	1
4504.5	4
4505.5	0
4506.5	1
4507.5	1
4508.5	2
4509.5	2
4510.5	0
4511.5	1
4512.5	3
4513.5	1
4514.5	2
4515.5	3
4516.5	0
4517.5	1
4518.5	2
4519.5	5
4520.5	2
4521.5	2
4522.5	2
4523.5	1
4524.5	1
4525.5	2
4526.5	5
4527.5	7
4528.5	2
4529.5	2
4530.5	3
4531.5	4
4532.5	1
4533.5	1
4534.5	0
4535.5	6
4536.5	3
4537.5	2
4538.5	2
4539.5	0
4540.5	3
4541.5	4
4542.5	4
4543.5	2
4544.5	4
4545.5	2
4546.5	3
4547.5	3
4548.5	1
4549.5	3
4550.5	0
4551.5	2
4552.5	1
4553.5	1
4554.5	4
4555.5	3
4556.5	3
4557.5	2
4558.5	1
4559.5	3
4560.5	2
4561.5	1
4562.5	2
4563.5	3
4564.5	3
4565.5	4
4566.5	3
4567.5	2
4568.5	0
4569.5	1
4570.5	2
4571.5	2
4572.5	4
4573.5	0
4574.5	1
4575.5	0
4576.5	3
4577.5	4
4578.5	2
4579.5	2
4580.5	1
4581.5	0
4582.5	1
4583.5	0
4584.5	3
4585.5	0
4586.5	4
4587.5	4
4588.5	0
4589.5	1
4590.5	1
4591.5	0
4592.5	0
4593.5	4
4594.5	0
4595.5	0
4596.5	3
4597.5	2
4598.5	5
4599.5	0
4600.5	1
4601.5	2
4602.5	2
4603.5	4
4604.5	0
4605.5	3
4606.5	1
4607.5	3
4608.5	2
4609.5	0
4610.5	0
4611.5	4
4612.5	1
4613.5	3
4614.5	2
4615.5	2
4616.5	0
4617.5	2
4618.5	3
4619.5	3
4620.5	2
4621.5	3
4622.5	0
4623.5	0
4624.5	2
4625.5	1
4626.5	1
4627.5	2
4628.5	2
4629.5	0
4630.5	1
4631.5	1
4632.5	0
4633.5	2
4634.5	1
4635.5	3
4636.5	1
4637.5	1
4638.5	4
4639.5	5
4640.5	5
4641.5	2
4642.5	2
4643.5	2
4644.5	0
4645.5	1
4646.5	0
4647.5	4
4648.5	3
4649.5	2
4650.5	0
4651.5	1
4652.5	1
4653.5	2
4654.5	3
4655.5	3
4656.5	2
4657.5	2
4658.5	0
4659.5	1
4660.5	1
4661.5	4
4662.5	3
4663.5	1
4664.5	0
4665.5	0
4666.5	1
4667.5	2
4668.5	1
4669.5	1
4670.5	2
4671.5	3
4672.5	3
4673.5	3
4674.5	1
4675.5	1
4676.5	0
4677.5	1
4678.5	3
4679.5	2
4680.5	1
4681.5	3
4682.5	1
4683.5	2
4684.5	2
4685.5	2
4686.5	1
4687.5	1
4688.5	3
4689.5	2
4690.5	3
4691.5	1
4692.5	3
4693.5	1
4694.5	1
4695.5	2
4696.5	1
4697.5	3
4698.5	2
4699.5	2
4700.5	0
4701.5	2
4702.5	1
4703.5	1
4704.5	4
4705.5	1
4706.5	2
4707.5	1
4708.5	4
4709.5	2
4710.5	4
4711.5	3
4712.5	1
4713.5	3
4714.5	2
4715.5	0
4716.5	4
4717.5	2
4718.5	2
4719.5	3
4720.5	1
4721.5	1
4722.5	2
4723.5	2
4724.5	2
4725.5	2
4726.5	3
4727.5	2
4728.5	1
4729.5	2
4730.5	0
4731.5	1
4732.5	0
4733.5	0
4734.5	1
4735.5	1
4736.5	1
4737.5	3
4738.5	1
4739.5	1
4740.5	1
4741.5	2
4742.5	1
4743.5	1
4744.5	1
4745.5	1
4746.5	5
4747.5	2
4748.5	2
4749.5	2
4750.5	2
4751.5	0
4752.5	1
4753.5	1
4754.5	0
4755.5	2
4756.5	0
4757.5	3
4758.5	1
4759.5	4
4760.5	2
4761.5	1
4762.5	1
4763.5	3
4764.5	1
4765.5	2
4766.5	5
4767.5	1
4768.5	3
4769.5	1
4770.5	3
4771.5	2
4772.5	2
4773.5	1
4774.5	1
4775.5	1
4776.5	1
4777.5	2
4778.5	1
4779.5	2
4780.5	1
4781.5	2
4782.5	2
4783.5	4
4784.5	3
4785.5	3
4786.5	1
4787.5	3
4788.5	0
4789.5	2
4790.5	3
4791.5	1
4792.5	2
4793.5	2
4794.5	0
4795.5	3
4796.5	0
4797.5	4
4798.5	1
4799.5	2
4800.5	1
4801.5	3
4802.5	1
4803.5	1
4804.5	0
4805.5	2
4806.5	2
4807.5	2
4808.5	1
4809.5	1
4810.5	1
4811.5	3
4812.5	1
4813.5	1
4814.5	2
4815.5	3
4816.5	1
4817.5	1
4818.5	2
4819.5	3
4820.5	2
4821.5	1
4822.5	0
4823.5	0
4824.5	3
4825.5	3
4826.5	1
4827.5	2
4828.5	1
4829.5	1
4830.5	2
4831.5	0
4832.5	2
4833.5	1
4834.5	3
4835.5	2
4836.5	5
4837.5	0
4838.5	0
4839.5	2
4840.5	2
4841.5	3
4842.5	2
4843.5	4
4844.5	1
4845.5	1
4846.5	3
4847.5	2
4848.5	3
4849.5	1
4850.5	2
4851.5	1
4852.5	4
4853.5	1
4854.5	1
4855.5	3
4856.5	2
4857.5	2
4858.5	2
4859.5	0
4860.5	1
4861.5	5
4862.5	1
4863.5	1
4864.5	2
4865.5	1
4866.5	2
4867.5	2
4868.5	3
4869.5	2
4870.5	3
4871.5	2
4872.5	0
4873.5	2
4874.5	2
4875.5	0
4876.5	1
4877.5	1
4878.5	1
4879.5	0
4880.5	3
4881.5	1
4882.5	4
4883.5	2
4884.5	1
4885.5	1
4886.5	2
4887.5	2
4888.5	0
4889.5	2
4890.5	0
4891.5	0
4892.5	3
4893.5	2
4894.5	4
4895.5	2
4896.5	4
4897.5	2
4898.5	1
4899.5	1
4900.5	3
4901.5	0
4902.5	4
4903.5	1
4904.5	2
4905.5	3
4906.5	2
4907.5	7
4908.5	3
4909.5	1
4910.5	3
4911.5	4
4912.5	2
4913.5	0
4914.5	2
4915.5	2
4916.5	2
4917.5	2
4918.5	3
4919.5	5
4920.5	2
4921.5	2
4922.5	1
4923.5	2
4924.5	4
4925.5	3
4926.5	4
4927.5	3
4928.5	1
4929.5	4
4930.5	4
4931.5	6
4932.5	3
4933.5	1
4934.5	2
4935.5	4
4936.5	1
4937.5	4
4938.5	1
4939.5	3
4940.5	3
4941.5	4
4942.5	2
4943.5	3
4944.5	0
4945.5	2
4946.5	3
4947.5	0
4948.5	0
4949.5	2
4950.5	4
4951.5	2
4952.5	1
4953.5	0
4954.5	1
4955.5	3
4956.5	1
4957.5	0
4958.5	1
4959.5	0
4960.5	3
4961.5	1
4962.5	5
4963.5	3
4964.5	1
4965.5	0
4966.5	1
4967.5	1
4968.5	1
4969.5	2
4970.5	3
4971.5	4
4972.5	3
4973.5	3
4974.5	2
4975.5	3
4976.5	0
4977.5	1
4978.5	1
4979.5	1
4980.5	2
4981.5	0
4982.5	3
4983.5	0
4984.5	2
4985.5	4
4986.5	2
4987.5	0
4988.5	0
4989.5	2
4990.5	1
4991.5	2
4992.5	2
4993.5	0
4994.5	0
4995.5	4
4996.5	1
4997.5	1
4998.5	5
4999.5	0
5000.5	0
5001.5	2
5002.5	0
5003.5	1
5004.5	0
5005.5	1
5006.5	0
5007.5	4
5008.5	0
5009.5	2
5010.5	3
5011.5	1
5012.5	1
5013.5	2
5014.5	1
5015.5	2
5016.5	2
5017.5	3
5018.5	0
5019.5	2
5020.5	3
5021.5	2
5022.5	2
5023.5	4
5024.5	0
5025.5	2
5026.5	2
5027.5	2
5028.5	1
5029.5	1
5030.5	2
5031.5	1
5032.5	0
5033.5	1
5034.5	2
5035.5	1
5036.5	2
5037.5	1
5038.5	2
5039.5	3
5040.5	1
5041.5	0
5042.5	1
5043.5	0
5044.5	2
5045.5	3
5046.5	3
5047.5	1
5048.5	1
5049.5	1
5050.5	2
5051.5	1
5052.5	4
5053.5	2
5054.5	1
5055.5	3
5056.5	2
5057.5	3
5058.5	5
5059.5	2
5060.5	0
5061.5	0
5062.5	0
5063.5	2
5064.5	1
5065.5	2
5066.5	1
5067.5	1
5068.5	1
5069.5	1
5070.5	1
5071.5	4
5072.5	1
5073.5	3
5074.5	0
5075.5	1
5076.5	3
5077.5	1
5078.5	0
5079.5	1
5080.5	0
5081.5	2
5082.5	5
5083.5	2
5084.5	2
5085.5	0
5086.5	1
5087.5	4
5088.5	1
5089.5	4
5090.5	1
5091.5	2
5092.5	1
5093.5	3
5094.5	2
5095.5	4
5096.5	3
5097.5	3
5098.5	2
5099.5	2
5100.5	2
5101.5	4
5102.5	0
5103.5	0
5104.5	0
5105.5	3
5106.5	1
5107.5	4
5108.5	0
5109.5	2
5110.5	1
5111.5	2
5112.5	1
5113.5	2
5114.5	2
5115.5	2
5116.5	2
5117.5	2
5118.5	0
5119.5	4
5120.5	4
5121.5	3
5122.5	2
5123.5	2
5124.5	1
5125.5	2
5126.5	1
5127.5	2
5128.5	2
5129.5	2
5130.5	5
5131.5	2
5132.5	0
5133.5	3
5134.5	4
5135.5	1
5136.5	2
5137.5	1
5138.5	1
5139.5	1
5140.5	0
5141.5	0
5142.5	0
5143.5	1
5144.5	1
5145.5	1
5146.5	0
5147.5	4
5148.5	1
5149.5	0
5150.5	2
5151.5	5
5152.5	0
5153.5	3
5154.5	1
5155.5	0
5156.5	2
5157.5	0
5158.5	6
5159.5	2
5160.5	0
5161.5	0
5162.5	1
5163.5	3
5164.5	2
5165.5	3
5166.5	1
5167.5	1
5168.5	0
5169.5	1
5170.5	0
5171.5	2
5172.5	2
5173.5	3
5174.5	5
5175.5	1
5176.5	0
5177.5	1
5178.5	0
5179.5	1
5180.5	2
5181.5	2
5182.5	3
5183.5	1
5184.5	2
5185.5	0
5186.5	0
5187.5	1
5188.5	4
5189.5	1
5190.5	1
5191.5	3
5192.5	3
5193.5	1
5194.5	0
5195.5	1
5196.5	1
5197.5	1
5198.5	2
5199.5	4
5200.5	3
5201.5	4
5202.5	1
5203.5	0
5204.5	1
5205.5	2
5206.5	1
5207.5	3
5208.5	0
5209.5	2
5210.5	1
5211.5	2
5212.5	0
5213.5	3
5214.5	3
5215.5	3
5216.5	2
5217.5	0
5218.5	1
5219.5	3
5220.5	1
5221.5	2
5222.5	1
5223.5	2
5224.5	3
5225.5	0
5226.5	2
5227.5	4
5228.5	6
5229.5	3
5230.5	1
5231.5	1
5232.5	1
5233.5	2
5234.5	4
5235.5	2
5236.5	1
5237.5	3
5238.5	1
5239.5	2
5240.5	1
5241.5	3
5242.5	2
5243.5	2
5244.5	4
5245.5	4
5246.5	4
5247.5	3
5248.5	9
5249.5	0
5250.5	3
5251.5	4
5252.5	3
5253.5	2
5254.5	4
5255.5	1
5256.5	0
5257.5	1
5258.5	0
5259.5	2
5260.5	2
5261.5	2
5262.5	0
5263.5	2
5264.5	1
5265.5	8
5266.5	2
5267.5	0
5268.5	0
5269.5	4
5270.5	2
5271.5	6
5272.5	2
5273.5	1
5274.5	4
5275.5	1
5276.5	2
5277.5	3
5278.5	1
5279.5	2
5280.5	4
5281.5	1
5282.5	3
5283.5	2
5284.5	3
5285.5	1
5286.5	0
5287.5	0
5288.5	3
5289.5	3
5290.5	0
5291.5	2
5292.5	4
5293.5	2
5294.5	2
5295.5	1
5296.5	3
5297.5	1
5298.5	4
5299.5	2
5300.5	3
5301.5	2
5302.5	3
5303.5	1
5304.5	1
5305.5	1
5306.5	2
5307.5	0
5308.5	4
5309.5	2
5310.5	1
5311.5	1
5312.5	0
5313.5	1
5314.5	1
5315.5	0
5316.5	2
5317.5	0
5318.5	1
5319.5	1
5320.5	2
5321.5	2
5322.5	2
5323.5	0
5324.5	2
5325.5	0
5326.5	3
5327.5	3
5328.5	3
5329.5	4
5330.5	0
5331.5	1
5332.5	2
5333.5	2
5334.5	1
5335.5	3
5336.5	1
5337.5	1
5338.5	0
5339.5	1
5340.5	1
5341.5	2
5342.5	0
5343.5	1
5344.5	1
5345.5	3
5346.5	3
5347.5	2
5348.5	2
5349.5	3
5350.5	1
5351.5	1
5352.5	2
5353.5	2
5354.5	2
5355.5	1
5356.5	3
5357.5	2
5358.5	2
5359.5	2
5360.5	4
5361.5	1
5362.5	4
5363.5	1
5364.5	0
5365.5	0
5366.5	1
5367.5	1
5368.5	2
5369.5	0
5370.5	1
5371.5	2
5372.5	5
5373.5	2
5374.5	2
5375.5	0
5376.5	1
5377.5	1
5378.5	5
5379.5	0
5380.5	3
5381.5	3
5382.5	0
5383.5	3
5384.5	3
5385.5	2
5386.5	0
5387.5	2
5388.5	0
5389.5	1
5390.5	0
5391.5	0
5392.5	2
5393.5	0
5394.5	1
5395.5	2
5396.5	1
5397.5	2
5398.5	1
5399.5	1
5400.5	3
5401.5	1
5402.5	5
5403.5	3
5404.5	7
5405.5	0
5406.5	1
5407.5	3
5408.5	4
5409.5	3
5410.5	2
5411.5	1
5412.5	2
5413.5	2
5414.5	1
5415.5	2
5416.5	3
5417.5	0
5418.5	0
5419.5	2
5420.5	3
5421.5	2
5422.5	2
5423.5	3
5424.5	5
5425.5	2
5426.5	0
5427.5	3
5428.5	2
5429.5	0
5430.5	2
5431.5	1
5432.5	1
5433.5	1
5434.5	4
5435.5	3
5436.5	4
5437.5	1
5438.5	1
5439.5	2
5440.5	1
5441.5	0
5442.5	3
5443.5	5
5444.5	3
5445.5	1
5446.5	2
5447.5	2
5448.5	1
5449.5	0
5450.5	0
5451.5	6
5452.5	2
5453.5	1
5454.5	0
5455.5	1
5456.5	2
5457.5	0
5458.5	1
5459.5	1
5460.5	3
5461.5	3
5462.5	2
5463.5	1
5464.5	5
5465.5	3
5466.5	0
5467.5	2
5468.5	3
5469.5	4
5470.5	1
5471.5	4
5472.5	4
5473.5	1
5474.5	3
5475.5	4
5476.5	0
5477.5	0
5478.5	3
5479.5	1
5480.5	3
5481.5	0
5482.5	3
5483.5	2
5484.5	5
5485.5	0
5486.5	3
5487.5	2
5488.5	2
5489.5	3
5490.5	3
5491.5	1
5492.5	1
5493.5	1
5494.5	1
5495.5	0
5496.5	1
5497.5	3
5498.5	1
5499.5	1
5500.5	2
5501.5	2
5502.5	1
5503.5	0
5504.5	2
5505.5	2
5506.5	1
5507.5	4
5508.5	1
5509.5	2
5510.5	3
5511.5	1
5512.5	0
5513.5	2
5514.5	3
5515.5	2
5516.5	2
5517.5	1
5518.5	2
5519.5	1
5520.5	1
5521.5	5
5522.5	1
5523.5	3
5524.5	1
5525.5	0
5526.5	3
5527.5	1
5528.5	2
5529.5	5
5530.5	3
5531.5	1
5532.5	1
5533.5	5
5534.5	4
5535.5	5
5536.5	0
5537.5	1
5538.5	0
5539.5	0
5540.5	5
5541.5	1
5542.5	1
5543.5	1
5544.5	2
5545.5	1
5546.5	1
5547.5	2
5548.5	3
5549.5	0
5550.5	2
5551.5	0
5552.5	3
5553.5	6
5554.5	5
5555.5	2
5556.5	1
5557.5	1
5558.5	1
5559.5	1
5560.5	1
5561.5	1
5562.5	2
5563.5	0
5564.5	2
5565.5	2
5566.5	1
5567.5	1
5568.5	2
5569.5	1
5570.5	5
5571.5	2
5572.5	1
5573.5	0
5574.5	1
5575.5	1
5576.5	1
5577.5	3
5578.5	3
5579.5	1
5580.5	3
5581.5	3
5582.5	1
5583.5	4
5584.5	1
5585.5	4
5586.5	3
5587.5	4
5588.5	3
5589.5	2
5590.5	1
5591.5	1
5592.5	1
5593.5	3
5594.5	2
5595.5	2
5596.5	3
5597.5	2
5598.5	2
5599.5	2
5600.5	2
5601.5	2
5602.5	3
5603.5	3
5604.5	0
5605.5	0
5606.5	2
5607.5	3
5608.5	1
5609.5	3
5610.5	1
5611.5	0
5612.5	0
5613.5	1
5614.5	0
5615.5	1
5616.5	2
5617.5	0
5618.5	0
5619.5	3
5620.5	0
5621.5	1
5622.5	4
5623.5	1
5624.5	0
5625.5	2
5626.5	4
5627.5	0
5628.5	4
5629.5	2
5630.5	0
5631.5	3
5632.5	2
5633.5	3
5634.5	2
5635.5	2
5636.5	0
5637.5	1
5638.5	2
5639.5	2
5640.5	1
5641.5	0
5642.5	2
5643.5	0
5644.5	3
5645.5	1
5646.5	0
5647.5	2
5648.5	0
5649.5	1
5650.5	1
5651.5	3
5652.5	1
5653.5	0
5654.5	1
5655.5	1
5656.5	1
5657.5	1
5658.5	1
5659.5	2
5660.5	3
5661.5	1
5662.5	3
5663.5	0
5664.5	1
5665.5	1
5666.5	1
5667.5	2
5668.5	1
5669.5	3
5670.5	1
5671.5	3
5672.5	1
5673.5	1
5674.5	1
5675.5	1
5676.5	1
5677.5	0
5678.5	4
5679.5	0
5680.5	1
5681.5	1
5682.5	0
5683.5	0
5684.5	0
5685.5	1
5686.5	0
5687.5	0
5688.5	2
5689.5	1
5690.5	0
5691.5	1
5692.5	1
5693.5	1
5694.5	0
5695.5	4
5696.5	2
5697.5	0
5698.5	1
5699.5	0
5700.5	2
5701.5	1
5702.5	4
5703.5	1
5704.5	1
5705.5	3
5706.5	1
5707.5	1
5708.5	2
5709.5	2
5710.5	0
5711.5	2
5712.5	1
5713.5	2
5714.5	0
5715.5	1
5716.5	0
5717.5	0
5718.5	2
5719.5	2
5720.5	0
5721.5	0
5722.5	1
5723.5	3
5724.5	3
5725.5	3
5726.5	1
5727.5	2
5728.5	1
5729.5	0
5730.5	1
5731.5	5
5732.5	2
5733.5	1
5734.5	1
5735.5	3
5736.5	0
5737.5	1
5738.5	3
5739.5	1
5740.5	2
5741.5	2
5742.5	2
5743.5	4
5744.5	0
5745.5	0
5746.5	1
5747.5	1
5748.5	0
5749.5	3
5750.5	1
5751.5	0
5752.5	0
5753.5	1
5754.5	0
5755.5	0
5756.5	0
5757.5	2
5758.5	1
5759.5	1
5760.5	3
5761.5	0
5762.5	1
5763.5	1
5764.5	2
5765.5	1
5766.5	0
5767.5	1
5768.5	6
5769.5	0
5770.5	2
5771.5	0
5772.5	0
5773.5	0
5774.5	1
5775.5	0
5776.5	3
5777.5	1
5778.5	0
5779.5	0
5780.5	0
5781.5	0
5782.5	1
5783.5	1
5784.5	1
5785.5	1
5786.5	2
5787.5	0
5788.5	1
5789.5	3
5790.5	1
5791.5	1
5792.5	2
5793.5	0
5794.5	0
5795.5	2
5796.5	1
5797.5	0
5798.5	0
5799.5	1
5800.5	3
5801.5	4
5802.5	2
5803.5	1
5804.5	3
5805.5	2
5806.5	1
5807.5	2
5808.5	0
5809.5	2
5810.5	1
5811.5	5
5812.5	0
5813.5	0
5814.5	1
5815.5	3
5816.5	1
5817.5	0
5818.5	1
5819.5	0
5820.5	1
5821.5	0
5822.5	1
5823.5	1
5824.5	2
5825.5	2
5826.5	2
5827.5	0
5828.5	0
5829.5	0
5830.5	2
5831.5	0
5832.5	1
5833.5	0
5834.5	3
5835.5	3
5836.5	0
5837.5	0
5838.5	1
5839.5	1
5840.5	1
5841.5	1
5842.5	1
5843.5	3
5844.5	2
5845.5	1
5846.5	1
5847.5	3
5848.5	1
5849.5	0
5850.5	0
5851.5	0
5852.5	0
5853.5	1
5854.5	0
5855.5	1
5856.5	3
5857.5	2
5858.5	2
5859.5	0
5860.5	1
5861.5	1
5862.5	1
5863.5	0
5864.5	0
5865.5	0
5866.5	0
5867.5	2
5868.5	0
5869.5	0
5870.5	0
5871.5	2
5872.5	0
5873.5	1
5874.5	3
5875.5	1
5876.5	2
5877.5	1
5878.5	1
5879.5	0
5880.5	1
5881.5	0
5882.5	3
5883.5	1
5884.5	1
5885.5	1
5886.5	1
5887.5	0
5888.5	0
5889.5	2
5890.5	1
5891.5	2
5892.5	0
5893.5	1
5894.5	0
5895.5	1
5896.5	2
5897.5	1
5898.5	1
5899.5	2
5900.5	0
5901.5	1
5902.5	0
5903.5	1
5904.5	0
5905.5	1
5906.5	1
5907.5	2
5908.5	1
5909.5	0
5910.5	0
5911.5	0
5912.5	0
5913.5	0
5914.5	1
5915.5	1
5916.5	0
5917.5	0
5918.5	1
5919.5	0
5920.5	2
5921.5	1
5922.5	1
5923.5	0
5924.5	0
5925.5	0
5926.5	4
5927.5	0
5928.5	1
5929.5	0
5930.5	0
5931.5	1
5932.5	0
5933.5	0
5934.5	0
5935.5	0
5936.5	1
5937.5	1
5938.5	1
5939.5	0
5940.5	2
5941.5	0
5942.5	0
5943.5	0
5944.5	1
5945.5	0
5946.5	1
5947.5	0
5948.5	1
5949.5	0
5950.5	0
5951.5	0
5952.5	0
5953.5	1
5954.5	0
5955.5	0
5956.5	1
5957.5	0
5958.5	0
5959.5	0
5960.5	0
5961.5	0
5962.5	1
5963.5	0
5964.5	0
5965.5	0
5966.5	1
5967.5	0
5968.5	0
5969.5	0
5970.5	0
5971.5	0
5972.5	0
5973.5	0
5974.5	0
5975.5	0
5976.5	0
5977.5	0
5978.5	0
5979.5	0
5980.5	0
5981.5	0
5982.5	0
5983.5	0
5984.5	0
5985.5	0
5986.5	0
5987.5	0
5988.5	0
5989.5	0
5990.5	0
5991.5	0
5992.5	0
5993.5	0
5994.5	0
5995.5	0
5996.5	0
5997.5	0
5998.5	0
5999.5	0
6000.5	0
6001.5	0
6002.5	0
6003.5	0
6004.5	0
6005.5	0
6006.5	0
6007.5	0
6008.5	0
6009.5	0
6010.5	0
6011.5	0
6012.5	0
6013.5	0
6014.5	0
6015.5	0
6016.5	0
6017.5	0
6018.5	0
6019.5	0
6020.5	0
6021.5	0
6022.5	0
6023.5	0
6024.5	0
6025.5	0
6026.5	0
6027.5	0
6028.5	0
6029.5	0
6030.5	0
6031.5	0
6032.5	0
6033.5	0
6034.5	0
6035.5	0
6036.5	0
6037.5	0
6038.5	0
6039.5	0
6040.5	0
6041.5	0
6042.5	0
6043.5	0
6044.5	0
6045.5	0
6046.5	0
6047.5	0
6048.5	0
6049.5	0
6050.5	0
6051.5	0
6052.5	0
6053.5	0
6054.5	0
6055.5	0
6056.5	0
6057.5	0
6058.5	0
6059.5	0
6060.5	0
6061.5	0
6062.5	0
6063.5	0
6064.5	0
6065.5	0
6066.5	0
6067.5	0
6068.5	0
6069.5	0
6070.5	0
6071.5	0
6072.5	0
6073.5	0
6074.5	0
6075.5	0
6076.5	0
6077.5	0
6078.5	0
6079.5	0
6080.5	0
6081.5	0
6082.5	0
6083.5	0
6084.5	0
6085.5	0
6086.5	0
6087.5	0
6088.5	0
6089.5	0
6090.5	0
6091.5	0
6092.5	0
6093.5	0
6094.5	0
6095.5	0
6096.5	0
6097.5	0
6098.5	0
6099.5	0
6100.5	0
6101.5	0
6102.5	0
6103.5	0
6104.5	0
6105.5	0
6106.5	0
6107.5	0
6108.5	0
6109.5	0
6110.5	0
6111.5	0
6112.5	0
6113.5	0
6114.5	0
6115.5	0
6116.5	0
6117.5	0
6118.5	0
6119.5	0
6120.5	0
6121.5	0
6122.5	0
6123.5	0
6124.5	0
6125.5	0
6126.5	0
6127.5	0
6128.5	0
6129.5	0
6130.5	0
6131.5	0
6132.5	0
6133.5	0
6134.5	0
6135.5	0
6136.5	0
6137.5	0
6138.5	0
6139.5	0
6140.5	0
6141.5	0
6142.5	0
6143.5	0
6144.5	0
6145.5	0
6146.5	0
6147.5	0
6148.5	0
6149.5	0
6150.5	0
6151.5	0
6152.5	0
6153.5	0
6154.5	0
6155.5	0
6156.5	0
6157.5	0
6158.5	0
6159.5	0
6160.5	0
6161.5	0
6162.5	0
6163.5	0
6164.5	0
6165.5	0
6166.5	0
6167.5	0
6168.5	0
6169.5	0
6170.5	0
6171.5	0
6172.5	0
6173.5	0
6174.5	0
6175.5	0
6176.5	0
6177.5	0
6178.5	0
6179.5	0
6180.5	0
6181.5	0
6182.5	0
6183.5	0
6184.5	0
6185.5	0
6186.5	0
6187.5	0
6188.5	0
6189.5	0
6190.5	0
6191.5	0
6192.5	0
6193.5	0
6194.5	0
6195.5	0
6196.5	0
6197.5	0
6198.5	0
6199.5	0
6200.5	0
6201.5	0
6202.5	0
6203.5	0
6204.5	0
6205.5	0
6206.5	0
6207.5	0
6208.5	0
6209.5	0
6210.5	0
6211.5	0
6212.5	0
6213.5	0
6214.5	0
6215.5	0
6216.5	0
6217.5	0
6218.5	0
6219.5	0
6220.5	0
6221.5	0
6222.5	0
6223.5	0
6224.5	0
6225.5	0
6226.5	0
6227.5	0
6228.5	0
6229.5	0
6230.5	0
6231.5	0
6232.5	0
6233.5	0
6234.5	0
6235.5	0
6236.5	0
6237.5	0
6238.5	0
6239.5	0
6240.5	0
6241.5	0
6242.5	0
6243.5	0
6244.5	0
6245.5	0
6246.5	0
6247.5	0
6248.5	0
6249.5	0
6250.5	0
6251.5	0
6252.5	0
6253.5	0
6254.5	0
6255.5	0
6256.5	0
6257.5	0
6258.5	0
6259.5	0
6260.5	0
6261.5	0
6262.5	0
6263.5	0
6264.5	0
6265.5	0
6266.5	0
6267.5	0
6268.5	0
6269.5	0
6270.5	0
6271.5	0
6272.5	0
6273.5	0
6274.5	0
6275.5	0
6276.5	0
6277.5	0
6278.5	0
6279.5	0
6280.5	0
6281.5	0
6282.5	0
6283.5	0
6284.5	0
6285.5	0
6286.5	0
6287.5	0
6288.5	0
6289.5	0
6290.5	0
6291.5	0
6292.5	0
6293.5	0
6294.5	0
6295.5	0
6296.5	0
6297.5	0
6298.5	0
6299.5	0
6300.5	0
6301.5	0
6302.5	0
6303.5	0
6304.5	0
6305.5	0
6306.5	0
6307.5	0
6308.5	0
6309.5	0
6310.5	0
6311.5	0
6312.5	0
6313.5	0
6314.5	0
6315.5	0
6316.5	0
6317.5	0
6318.5	0
6319.5	0
6320.5	0
6321.5	0
6322.5	0
6323.5	0
6324.5	0
6325.5	0
6326.5	0
6327.5	0
6328.5	0
6329.5	0
6330.5	0
6331.5	0
6332.5	0
6333.5	0
6334.5	0
6335.5	0
6336.5	0
6337.5	0
6338.5	0
6339.5	0
6340.5	0
6341.5	0
6342.5	0
6343.5	0
6344.5	0
6345.5	0
6346.5	0
6347.5	0
6348.5	0
6349.5	0
6350.5	0
6351.5	0
6352.5	0
6353.5	0
6354.5	0
6355.5	0
6356.5	0
6357.5	0
6358.5	0
6359.5	0
6360.5	0
6361.5	0
6362.5	0
6363.5	0
6364.5	0
6365.5	0
6366.5	0
6367.5	0
6368.5	0
6369.5	0
6370.5	0
6371.5	0
6372.5	0
6373.5	0
6374.5	0
6375.5	0
6376.5	0
6377.5	0
6378.5	0
6379.5	0
6380.5	0
6381.5	0
6382.5	0
6383.5	0
6384.5	0
6385.5	0
6386.5	0
6387.5	0
6388.5	0
6389.5	0
6390.5	0
6391.5	0
6392.5	0
6393.5	0
6394.5	0
6395.5	0
6396.5	0
6397.5	0
6398.5	0
6399.5	0
6400.5	0
6401.5	0
6402.5	0
6403.5	0
6404.5	0
6405.5	0
6406.5	0
6407.5	0
6408.5	0
6409.5	0
6410.5	0
6411.5	0
6412.5	0
6413.5	0
6414.5	0
6415.5	0
6416.5	0
6417.5	0
6418.5	0
6419.5	0
6420.5	0
6421.5	0
6422.5	0
6423.5	0
6424.5	0
6425.5	0
6426.5	0
6427.5	0
6428.5	0
6429.5	0
6430.5	0
6431.5	0
6432.5	0
6433.5	0
6434.5	0
6435.5	0
6436.5	0
6437.5	0
6438.5	0
6439.5	0
6440.5	0
6441.5	0
6442.5	0
6443.5	0
6444.5	0
6445.5	0
6446.5	0
6447.5	0
6448.5	0
6449.5	0
6450.5	0
6451.5	0
6452.5	0
6453.5	0
6454.5	0
6455.5	0
6456.5	0
6457.5	0
6458.5	0
6459.5	0
6460.5	0
6461.5	0
6462.5	0
6463.5	0
6464.5	0
6465.5	0
6466.5	0
6467.5	0
6468.5	0
6469.5	0
6470.5	0
6471.5	0
6472.5	0
6473.5	0
6474.5	0
6475.5	0
6476.5	0
6477.5	0
6478.5	0
6479.5	0
6480.5	0
6481.5	0
6482.5	0
6483.5	0
6484.5	0
6485.5	0
6486.5	0
6487.5	0
6488.5	0
6489.5	0
6490.5	0
6491.5	0
6492.5	0
6493.5	0
6494.5	0
6495.5	0
6496.5	0
6497.5	0
6498.5	0
6499.5	0
6500.5	0
6501.5	0
6502.5	0
6503.5	0
6504.5	0
6505.5	0
6506.5	0
6507.5	0
6508.5	0
6509.5	0
6510.5	0
6511.5	0
6512.5	0
6513.5	0
6514.5	0
6515.5	0
6516.5	0
6517.5	0
6518.5	0
6519.5	0
6520.5	0
6521.5	0
6522.5	0
6523.5	0
6524.5	0
6525.5	0
6526.5	0
6527.5	0
6528.5	0
6529.5	0
6530.5	0
6531.5	0
6532.5	0
6533.5	0
6534.5	0
6535.5	0
6536.5	0
6537.5	0
6538.5	0
6539.5	0
6540.5	0
6541.5	0
6542.5	0
6543.5	0
6544.5	0
6545.5	0
6546.5	0
6547.5	0
6548.5	0
6549.5	0
6550.5	0
6551.5	0
6552.5	0
6553.5	0
6554.5	0
6555.5	0
6556.5	0
6557.5	0
6558.5	0
6559.5	0
6560.5	0
6561.5	0
6562.5	0
6563.5	0
6564.5	0
6565.5	0
6566.5	0
6567.5	0
6568.5	0
6569.5	0
6570.5	0
6571.5	0
6572.5	0
6573.5	0
6574.5	0
6575.5	0
6576.5	0
6577.5	0
6578.5	0
6579.5	0
6580.5	0
6581.5	0
6582.5	0
6583.5	0
6584.5	0
6585.5	0
6586.5	0
6587.5	0
6588.5	0
6589.5	0
6590.5	0
6591.5	0
6592.5	0
6593.5	0
6594.5	0
6595.5	0
6596.5	0
6597.5	0
6598.5	0
6599.5	0
6600.5	0
6601.5	0
6602.5	0
6603.5	0
6604.5	0
6605.5	0
6606.5	0
6607.5	0
6608.5	0
6609.5	0
6610.5	0
6611.5	0
6612.5	0
6613.5	0
6614.5	0
6615.5	0
6616.5	0
6617.5	0
6618.5	0
6619.5	0
6620.5	0
6621.5	0
6622.5	0
6623.5	0
6624.5	0
6625.5	0
6626.5	0
6627.5	0
6628.5	0
6629.5	0
6630.5	0
6631.5	0
6632.5	0
6633.5	0
6634.5	0
6635.5	0
6636.5	0
6637.5	0
6638.5	0
6639.5	0
6640.5	0
6641.5	0
6642.5	0
6643.5	0
6644.5	0
6645.5	0
6646.5	0
6647.5	0
6648.5	0
6649.5	0
6650.5	0
6651.5	0
6652.5	0
6653.5	0
6654.5	0
6655.5	0
6656.5	0
6657.5	0
6658.5	0
6659.5	0
6660.5	0
6661.5	0
6662.5	0
6663.5	0
6664.5	0
6665.5	0
6666.5	0
6667.5	0
6668.5	0
6669.5	0
6670.5	0
6671.5	0
6672.5	0
6673.5	0
6674.5	0
6675.5	0
6676.5	0
6677.5	0
6678.5	0
6679.5	0
6680.5	0
6681.5	0
6682.5	0
6683.5	0
6684.5	0
6685.5	0
6686.5	0
6687.5	0
6688.5	0
6689.5	0
6690.5	0
6691.5	0
6692.5	0
6693.5	0
6694.5	0
6695.5	0
6696.5	0
6697.5	0
6698.5	0
6699.5	0
6700.5	0
6701.5	0
6702.5	0
6703.5	0
6704.5	0
6705.5	0
6706.5	0
6707.5	0
6708.5	0
6709.5	0
6710.5	0
6711.5	0
6712.5	0
6713.5	0
6714.5	0
6715.5	0
6716.5	0
6717.5	0
6718.5	0
6719.5	0
6720.5	0
6721.5	0
6722.5	0
6723.5	0
6724.5	0
6725.5	0
6726.5	0
6727.5	0
6728.5	0
6729.5	0
6730.5	0
6731.5	0
6732.5	0
6733.5	0
6734.5	0
6735.5	0
6736.5	0
6737.5	0
6738.5	0
6739.5	0
6740.5	0
6741.5	0
6742.5	0
6743.5	0
6744.5	0
6745.5	0
6746.5	0
6747.5	0
6748.5	0
6749.5	0
6750.5	0
6751.5	0
6752.5	0
6753.5	0
6754.5	0
6755.5	0
6756.5	0
6757.5	0
6758.5	0
6759.5	0
6760.5	0
6761.5	0
6762.5	0
6763.5	0
6764.5	0
6765.5	0
6766.5	0
6767.5	0
6768.5	0
6769.5	0
6770.5	0
6771.5	0
6772.5	0
6773.5	0
6774.5	0
6775.5	0
6776.5	0
6777.5	0
6778.5	0
6779.5	0
6780.5	0
6781.5	0
6782.5	0
6783.5	0
6784.5	0
6785.5	0
6786.5	0
6787.5	0
6788.5	0
6789.5	0
6790.5	0
6791.5	0
6792.5	0
6793.5	0
6794.5	0
6795.5	0
6796.5	0
6797.5	0
6798.5	0
6799.5	0
6800.5	0
6801.5	0
6802.5	0
6803.5	0
6804.5	0
6805.5	0
6806.5	0
6807.5	0
6808.5	0
6809.5	0
6810.5	0
6811.5	0
6812.5	0
6813.5	0
6814.5	0
6815.5	0
6816.5	0
6817.5	0
6818.5	0
6819.5	0
6820.5	0
6821.5	0
6822.5	0
6823.5	0
6824.5	0
6825.5	0
6826.5	0
6827.5	0
6828.5	0
6829.5	0
6830.5	0
6831.5	0
6832.5	0
6833.5	0
6834.5	0
6835.5	0
6836.5	0
6837.5	0
6838.5	0
6839.5	0
6840.5	0
6841.5	0
6842.5	0
6843.5	0
6844.5	0
6845.5	0
6846.5	0
6847.5	0
6848.5	0
6849.5	0
6850.5	0
6851.5	0
6852.5	0
6853.5	0
6854.5	0
6855.5	0
6856.5	0
6857.5	0
6858.5	0
6859.5	0
6860.5	0
6861.5	0
6862.5	0
6863.5	0
6864.5	0
6865.5	0
6866.5	0
6867.5	0
6868.5	0
6869.5	0
6870.5	0
6871.5	0
6872.5	0
6873.5	0
6874.5	0
6875.5	0
6876.5	0
6877.5	0
6878.5	0
6879.5	0
6880.5	0
6881.5	0
6882.5	0
6883.5	0
6884.5	0
6885.5	0
6886.5	0
6887.5	0
6888.5	0
6889.5	0
6890.5	0
6891.5	0
6892.5	0
6893.5	0
6894.5	0
6895.5	0
6896.5	0
6897.5	0
6898.5	0
6899.5	0
6900.5	0
6901.5	0
6902.5	0
6903.5	0
6904.5	0
6905.5	0
6906.5	0
6907.5	0
6908.5	0
6909.5	0
6910.5	0
6911.5	0
6912.5	0
6913.5	0
6914.5	0
6915.5	0
6916.5	0
6917.5	0
6918.5	0
6919.5	0
6920.5	0
6921.5	0
6922.5	0
6923.5	0
6924.5	0
6925.5	0
6926.5	0
6927.5	0
6928.5	0
6929.5	0
6930.5	0
6931.5	0
6932.5	0
6933.5	0
6934.5	0
6935.5	0
6936.5	0
6937.5	0
6938.5	0
6939.5	0
6940.5	0
6941.5	0
6942.5	0
6943.5	0
6944.5	0
6945.5	0
6946.5	0
6947.5	0
6948.5	0
6949.5	0
6950.5	0
6951.5	0
6952.5	0
6953.5	0
6954.5	0
6955.5	0
6956.5	0
6957.5	0
6958.5	0
6959.5	0
6960.5	0
6961.5	0
6962.5	0
6963.5	0
6964.5	0
6965.5	0
6966.5	0
6967.5	0
6968.5	0
6969.5	0
6970.5	0
6971.5	0
6972.5	0
6973.5	0
6974.5	0
6975.5	0
6976.5	0
6977.5	0
6978.5	0
6979.5	0
6980.5	0
6981.5	0
6982.5	0
6983.5	0
6984.5	0
6985.5	0
6986.5	0
6987.5	0
6988.5	0
6989.5	0
6990.5	0
6991.5	0
6992.5	0
6993.5	0
6994.5	0
6995.5	0
6996.5	0
6997.5	0
6998.5	0
6999.5	0
7000.5	0
7001.5	0
7002.5	0
7003.5	0
7004.5	0
7005.5	0
7006.5	0
7007.5	0
7008.5	0
7009.5	0
7010.5	0
7011.5	0
7012.5	0
7013.5	0
7014.5	0
7015.5	0
7016.5	0
7017.5	0
7018.5	0
7019.5	0
7020.5	0
7021.5	0
7022.5	0
7023.5	0
7024.5	0
7025.5	0
7026.5	0
7027.5	0
7028.5	0
7029.5	0
7030.5	0
7031.5	0
7032.5	0
7033.5	0
7034.5	0
7035.5	0
7036.5	0
7037.5	0
7038.5	0
7039.5	0
7040.5	0
7041.5	0
7042.5	0
7043.5	0
7044.5	0
7045.5	0
7046.5	0
7047.5	0
7048.5	0
7049.5	0
7050.5	0
7051.5	0
7052.5	0
7053.5	0
7054.5	0
7055.5	0
7056.5	0
7057.5	0
7058.5	0
7059.5	0
7060.5	0
7061.5	0
7062.5	0
7063.5	0
7064.5	0
7065.5	0
7066.5	0
7067.5	0
7068.5	0
7069.5	0
7070.5	0
7071.5	0
7072.5	0
7073.5	0
7074.5	0
7075.5	0
7076.5	0
7077.5	0
7078.5	0
7079.5	0
7080.5	0
7081.5	0
7082.5	0
7083.5	0
7084.5	0
7085.5	0
7086.5	0
7087.5	0
7088.5	0
7089.5	0
7090.5	0
7091.5	0
7092.5	0
7093.5	0
7094.5	0
7095.5	0
7096.5	0
7097.5	0
7098.5	0
7099.5	0
7100.5	0
7101.5	0
7102.5	0
7103.5	0
7104.5	0
7105.5	0
7106.5	0
7107.5	0
7108.5	0
7109.5	0
7110.5	0
7111.5	0
7112.5	0
7113.5	0
7114.5	0
7115.5	0
7116.5	0
7117.5	0
7118.5	0
7119.5	0
7120.5	0
7121.5	0
7122.5	0
7123.5	0
7124.5	0
7125.5	0
7126.5	0
7127.5	0
7128.5	0
7129.5	0
7130.5	0
7131.5	0
7132.5	0
7133.5	0
7134.5	0
7135.5	0
7136.5	0
7137.5	0
7138.5	0
7139.5	0
7140.5	0
7141.5	0
7142.5	0
7143.5	0
7144.5	0
7145.5	0
7146.5	0
7147.5	0
7148.5	0
7149.5	0
7150.5	0
7151.5	0
7152.5	0
7153.5	0
7154.5	0
7155.5	0
7156.5	0
7157.5	0
7158.5	0
7159.5	0
7160.5	0
7161.5	0
7162.5	0
7163.5	0
7164.5	0
7165.5	0
7166.5	0
7167.5	0
7168.5	0
7169.5	0
7170.5	0
7171.5	0
7172.5	0
7173.5	0
7174.5	0
7175.5	0
7176.5	0
7177.5	0
7178.5	0
7179.5	0
7180.5	0
7181.5	0
7182.5	0
7183.5	0
7184.5	0
7185.5	0
7186.5	0
7187.5	0
7188.5	0
7189.5	0
7190.5	0
7191.5	0
7192.5	0
7193.5	0
7194.5	0
7195.5	0
7196.5	0
7197.5	0
7198.5	0
7199.5	0
7200.5	0
7201.5	0
7202.5	0
7203.5	0
7204.5	0
7205.5	0
7206.5	0
7207.5	0
7208.5	0
7209.5	0
7210.5	0
7211.5	0
7212.5	0
7213.5	0
7214.5	0
7215.5	0
7216.5	0
7217.5	0
7218.5	0
7219.5	0
7220.5	0
7221.5	0
7222.5	0
7223.5	0
7224.5	0
7225.5	0
7226.5	0
7227.5	0
7228.5	0
7229.5	0
7230.5	0
7231.5	0
7232.5	0
7233.5	0
7234.5	0
7235.5	0
7236.5	0
7237.5	0
7238.5	0
7239.5	0
7240.5	0
7241.5	0
7242.5	0
7243.5	0
7244.5	0
7245.5	0
7246.5	0
7247.5	0
7248.5	0
7249.5	0
7250.5	0
7251.5	0
7252.5	0
7253.5	0
7254.5	0
7255.5	0
7256.5	0
7257.5	0
7258.5	0
7259.5	0
7260.5	0
7261.5	0
7262.5	0
7263.5	0
7264.5	0
7265.5	0
7266.5	0
7267.5	0
7268.5	0
7269.5	0
7270.5	0
7271.5	0
7272.5	0
7273.5	0
7274.5	0
7275.5	0
7276.5	0
7277.5	0
7278.5	0
7279.5	0
7280.5	0
7281.5	0
7282.5	0
7283.5	0
7284.5	0
7285.5	0
7286.5	0
7287.5	0
7288.5	0
7289.5	0
7290.5	0
7291.5	0
7292.5	0
7293.5	0
7294.5	0
7295.5	0
7296.5	0
7297.5	0
7298.5	0
7299.5	0
7300.5	0
7301.5	0
7302.5	0
7303.5	0
7304.5	0
7305.5	0
7306.5	0
7307.5	0
7308.5	0
7309.5	0
7310.5	0
7311.5	0
7312.5	0
7313.5	0
7314.5	0
7315.5	0
7316.5	0
7317.5	0
7318.5	0
7319.5	0
7320.5	0
7321.5	0
7322.5	0
7323.5	0
7324.5	0
7325.5	0
7326.5	0
7327.5	0
7328.5	0
7329.5	0
7330.5	0
7331.5	0
7332.5	0
7333.5	0
7334.5	0
7335.5	0
7336.5	0
7337.5	0
7338.5	0
7339.5	0
7340.5	0
7341.5	0
7342.5	0
7343.5	0
7344.5	0
7345.5	0
7346.5	0
7347.5	0
7348.5	0
7349.5	0
7350.5	0
7351.5	0
7352.5	0
7353.5	0
7354.5	0
7355.5	0
7356.5	0
7357.5	0
7358.5	0
7359.5	0
7360.5	0
7361.5	0
7362.5	0
7363.5	0
7364.5	0
7365.5	0
7366.5	0
7367.5	0
7368.5	0
7369.5	0
7370.5	0
7371.5	0
7372.5	0
7373.5	0
7374.5	0
7375.5	0
7376.5	0
7377.5	0
7378.5	0
7379.5	0
7380.5	0
7381.5	0
7382.5	0
7383.5	0
7384.5	0
7385.5	0
7386.5	0
7387.5	0
7388.5	0
7389.5	0
7390.5	0
7391.5	0
7392.5	0
7393.5	0
7394.5	0
7395.5	0
7396.5	0
7397.5	0
7398.5	0
7399.5	0
7400.5	0
7401.5	0
7402.5	0
7403.5	0
7404.5	0
7405.5	0
7406.5	0
7407.5	0
7408.5	0
7409.5	0
7410.5	0
7411.5	0
7412.5	0
7413.5	0
7414.5	0
7415.5	0
7416.5	0
7417.5	0
7418.5	0
7419.5	0
7420.5	0
7421.5	0
7422.5	0
7423.5	0
7424.5	0
7425.5	0
7426.5	0
7427.5	0
7428.5	0
7429.5	0
7430.5	0
7431.5	0
7432.5	0
7433.5	0
7434.5	0
7435.5	0
7436.5	0
7437.5	0
7438.5	0
7439.5	0
7440.5	0
7441.5	0
7442.5	0
7443.5	0
7444.5	0
7445.5	0
7446.5	0
7447.5	0
7448.5	0
7449.5	0
7450.5	0
7451.5	0
7452.5	0
7453.5	0
7454.5	0
7455.5	0
7456.5	0
7457.5	0
7458.5	0
7459.5	0
7460.5	0
7461.5	0
7462.5	0
7463.5	0
7464.5	0
7465.5	0
7466.5	0
7467.5	0
7468.5	0
7469.5	0
7470.5	0
7471.5	0
7472.5	0
7473.5	0
7474.5	0
7475.5	0
7476.5	0
7477.5	0
7478.5	0
7479.5	0
7480.5	0
7481.5	0
7482.5	0
7483.5	0
7484.5	0
7485.5	0
7486.5	0
7487.5	0
7488.5	0
7489.5	0
7490.5	0
7491.5	0
7492.5	0
7493.5	0
7494.5	0
7495.5	0
7496.5	0
7497.5	0
7498.5	0
7499.5	0
7500.5	0
7501.5	0
7502.5	0
7503.5	0
7504.5	0
7505.5	0
7506.5	0
7507.5	0
7508.5	0
7509.5	0
7510.5	0
7511.5	0
7512.5	0
7513.5	0
7514.5	0
7515.5	0
7516.5	0
7517.5	0
7518.5	0
7519.5	0
7520.5	0
7521.5	0
7522.5	0
7523.5	0
7524.5	0
7525.5	0
7526.5	0
7527.5	0
7528.5	0
7529.5	0
7530.5	0
7531.5	0
7532.5	0
7533.5	0
7534.5	0
7535.5	0
7536.5	0
7537.5	0
7538.5	0
7539.5	0
7540.5	0
7541.5	0
7542.5	0
7543.5	0
7544.5	0
7545.5	0
7546.5	0
7547.5	0
7548.5	0
7549.5	0
7550.5	0
7551.5	0
7552.5	0
7553.5	0
7554.5	0
7555.5	0
7556.5	0
7557.5	0
7558.5	0
7559.5	0
7560.5	0
7561.5	0
7562.5	0
7563.5	0
7564.5	0
7565.5	0
7566.5	0
7567.5	0
7568.5	0
7569.5	0
7570.5	0
7571.5	0
7572.5	0
7573.5	0
7574.5	0
7575.5	0
7576.5	0
7577.5	0
7578.5	0
7579.5	0
7580.5	0
7581.5	0
7582.5	0
7583.5	0
7584.5	0
7585.5	0
7586.5	0
7587.5	0
7588.5	0
7589.5	0
7590.5	0
7591.5	0
7592.5	0
7593.5	0
7594.5	0
7595.5	0
7596.5	0
7597.5	0
7598.5	0
7599.5	0
7600.5	0
7601.5	0
7602.5	0
7603.5	0
7604.5	0
7605.5	0
7606.5	0
7607.5	0
7608.5	0
7609.5	0
7610.5	0
7611.5	0
7612.5	0
7613.5	0
7614.5	0
7615.5	0
7616.5	0
7617.5	0
7618.5	0
7619.5	0
7620.5	0
7621.5	0
7622.5	0
7623.5	0
7624.5	0
7625.5	0
7626.5	0
7627.5	0
7628.5	0
7629.5	0
7630.5	0
7631.5	0
7632.5	0
7633.5	0
7634.5	0
7635.5	0
7636.5	0
7637.5	0
7638.5	0
7639.5	0
7640.5	0
7641.5	0
7642.5	0
7643.5	0
7644.5	0
7645.5	0
7646.5	0
7647.5	0
7648.5	0
7649.5	0
7650.5	0
7651.5	0
7652.5	0
7653.5	0
7654.5	0
7655.5	0
7656.5	0
7657.5	0
7658.5	0
7659.5	0
7660.5	0
7661.5	0
7662.5	0
7663.5	0
7664.5	0
7665.5	0
7666.5	0
7667.5	0
7668.5	0
7669.5	0
7670.5	0
7671.5	0
7672.5	0
7673.5	0
7674.5	0
7675.5	0
7676.5	0
7677.5	0
7678.5	0
7679.5	0
7680.5	0
7681.5	0
7682.5	0
7683.5	0
7684.5	0
7685.5	0
7686.5	0
7687.5	0
7688.5	0
7689.5	0
7690.5	0
7691.5	0
7692.5	0
7693.5	0
7694.5	0
7695.5	0
7696.5	0
7697.5	0
7698.5	0
7699.5	0
7700.5	0
7701.5	0
7702.5	0
7703.5	0
7704.5	0
7705.5	0
7706.5	0
7707.5	0
7708.5	0
7709.5	0
7710.5	0
7711.5	0
7712.5	0
7713.5	0
7714.5	0
7715.5	0
7716.5	0
7717.5	0
7718.5	0
7719.5	0
7720.5	0
7721.5	0
7722.5	0
7723.5	0
7724.5	0
7725.5	0
7726.5	0
7727.5	0
7728.5	0
7729.5	0
7730.5	0
7731.5	0
7732.5	0
7733.5	0
7734.5	0
7735.5	0
7736.5	0
7737.5	0
7738.5	0
7739.5	0
7740.5	0
7741.5	0
7742.5	0
7743.5	0
7744.5	0
7745.5	0
7746.5	0
7747.5	0
7748.5	0
7749.5	0
7750.5	0
7751.5	0
7752.5	0
7753.5	0
7754.5	0
7755.5	0
7756.5	0
7757.5	0
7758.5	0
7759.5	0
7760.5	0
7761.5	0
7762.5	0
7763.5	0
7764.5	0
7765.5	0
7766.5	0
7767.5	0
7768.5	0
7769.5	0
7770.5	0
7771.5	0
7772.5	0
7773.5	0
7774.5	0
7775.5	0
7776.5	0
7777.5	0
7778.5	0
7779.5	0
7780.5	0
7781.5	0
7782.5	0
7783.5	0
7784.5	0
7785.5	0
7786.5	0
7787.5	0
7788.5	0
7789.5	0
7790.5	0
7791.5	0
7792.5	0
7793.5	0
7794.5	0
7795.5	0
7796.5	0
7797.5	0
7798.5	0
7799.5	0
7800.5	0
7801.5	0
7802.5	0
7803.5	0
7804.5	0
7805.5	0
7806.5	0
7807.5	0
7808.5	0
7809.5	0
7810.5	0
7811.5	0
7812.5	0
7813.5	0
7814.5	0
7815.5	0
7816.5	0
7817.5	0
7818.5	0
7819.5	0
7820.5	0
7821.5	0
7822.5	0
7823.5	0
7824.5	0
7825.5	0
7826.5	0
7827.5	0
7828.5	0
7829.5	0
7830.5	0
7831.5	0
7832.5	0
7833.5	0
7834.5	0
7835.5	0
7836.5	0
7837.5	0
7838.5	0
7839.5	0
7840.5	0
7841.5	0
7842.5	0
7843.5	0
7844.5	0
7845.5	0
7846.5	0
7847.5	0
7848.5	0
7849.5	0
7850.5	0
7851.5	0
7852.5	0
7853.5	0
7854.5	0
7855.5	0
7856.5	0
7857.5	0
7858.5	0
7859.5	0
7860.5	0
7861.5	0
7862.5	0
7863.5	0
7864.5	0
7865.5	0
7866.5	0
7867.5	0
7868.5	0
7869.5	0
7870.5	0
7871.5	0
7872.5	0
7873.5	0
7874.5	0
7875.5	0
7876.5	0
7877.5	0
7878.5	0
7879.5	0
7880.5	0
7881.5	0
7882.5	0
7883.5	0
7884.5	0
7885.5	0
7886.5	0
7887.5	0
7888.5	0
7889.5	0
7890.5	0
7891.5	0
7892.5	0
7893.5	0
7894.5	0
7895.5	0
7896.5	0
7897.5	0
7898.5	0
7899.5	0
7900.5	0
7901.5	0
7902.5	0
7903.5	0
7904.5	0
7905.5	0
7906.5	0
7907.5	0
7908.5	0
7909.5	0
7910.5	0
7911.5	0
7912.5	0
7913.5	0
7914.5	0
7915.5	0
7916.5	0
7917.5	0
7918.5	0
7919.5	0
7920.5	0
7921.5	0
7922.5	0
7923.5	0
7924.5	0
7925.5	0
7926.5	0
7927.5	0
7928.5	0
7929.5	0
7930.5	0
7931.5	0
7932.5	0
7933.5	0
7934.5	0
7935.5	0
7936.5	0
7937.5	0
7938.5	0
7939.5	0
7940.5	0
7941.5	0
7942.5	0
7943.5	0
7944.5	0
7945.5	0
7946.5	0
7947.5	0
7948.5	0
7949.5	0
7950.5	0
7951.5	0
7952.5	0
7953.5	0
7954.5	0
7955.5	0
7956.5	0
7957.5	0
7958.5	0
7959.5	0
7960.5	0
7961.5	0
7962.5	0
7963.5	0
7964.5	0
7965.5	0
7966.5	0
7967.5	0
7968.5	0
7969.5	0
7970.5	0
7971.5	0
7972.5	0
7973.5	0
7974.5	0
7975.5	0
7976.5	0
7977.5	0
7978.5	0
7979.5	0
7980.5	0
7981.5	0
7982.5	0
7983.5	0
7984.5	0
7985.5	0
7986.5	0
7987.5	0
7988.5	0
7989.5	0
7990.5	0
7991.5	0
7992.5	0
7993.5	0
7994.5	0
7995.5	0
7996.5	0
7997.5	0
7998.5	0
7999.5	0
8000.5	0
8001.5	0
8002.5	0
8003.5	0
8004.5	0
8005.5	0
8006.5	0
8007.5	0
8008.5	0
8009.5	0
8010.5	0
8011.5	0
8012.5	0
8013.5	0
8014.5	0
8015.5	0
8016.5	0
8017.5	0
8018.5	0
8019.5	0
8020.5	0
8021.5	0
8022.5	0
8023.5	0
8024.5	0
8025.5	0
8026.5	0
8027.5	0
8028.5	0
8029.5	0
8030.5	0
8031.5	0
8032.5	0
8033.5	0
8034.5	0
8035.5	0
8036.5	0
8037.5	0
8038.5	0
8039.5	0
8040.5	0
8041.5	0
8042.5	0
8043.5	0
8044.5	0
8045.5	0
8046.5	0
8047.5	0
8048.5	0
8049.5	0
8050.5	0
8051.5	0
8052.5	0
8053.5	0
8054.5	0
8055.5	0
8056.5	0
8057.5	0
8058.5	0
8059.5	0
8060.5	0
8061.5	0
8062.5	0
8063.5	0
8064.5	0
8065.5	0
8066.5	0
8067.5	0
8068.5	0
8069.5	0
8070.5	0
8071.5	0
8072.5	0
8073.5	0
8074.5	0
8075.5	0
8076.5	0
8077.5	0
8078.5	0
8079.5	0
8080.5	0
8081.5	0
8082.5	0
8083.5	0
8084.5	0
8085.5	0
8086.5	0
8087.5	0
8088.5	0
8089.5	0
8090.5	0
8091.5	0
8092.5	0
8093.5	0
8094.5	0
8095.5	0
8096.5	0
8097.5	0
8098.5	0
8099.5	0
8100.5	0
8101.5	0
8102.5	0
8103.5	0
8104.5	0
8105.5	0
8106.5	0
8107.5	0
8108.5	0
8109.5	0
8110.5	0
8111.5	0
8112.5	0
8113.5	0
8114.5	0
8115.5	0
8116.5	0
8117.5	0
8118.5	0
8119.5	0
8120.5	0
8121.5	0
8122.5	0
8123.5	0
8124.5	0
8125.5	0
8126.5	0
8127.5	0
8128.5	0
8129.5	0
8130.5	0
8131.5	0
8132.5	0
8133.5	0
8134.5	0
8135.5	0
8136.5	0
8137.5	0
8138.5	0
8139.5	0
8140.5	0
8141.5	0
8142.5	0
8143.5	0
8144.5	0
8145.5	0
8146.5	0
8147.5	0
8148.5	0
8149.5	0
8150.5	0
8151.5	0
8152.5	0
8153.5	0
8154.5	0
8155.5	0
8156.5	0
8157.5	0
8158.5	0
8159.5	0
8160.5	0
8161.5	0
8162.5	0
8163.5	0
8164.5	0
8165.5	0
8166.5	0
8167.5	0
8168.5	0
8169.5	0
8170.5	0
8171.5	0
8172.5	0
8173.5	0
8174.5	0
8175.5	0
8176.5	0
8177.5	0
8178.5	0
8179.5	0
8180.5	0
8181.5	0
8182.5	0
8183.5	0
8184.5	0
8185.5	0
8186.5	0
8187.5	0
8188.5	0
8189.5	0
8190.5	0
8191.5	0
