0.5	2285
1.5	1030
2.5	138
3.5	48
4.5	39
5.5	33
6.5	50
7.5	43
8.5	33
9.5	33
10.5	44
11.5	41
12.5	27
13.5	38
14.5	49
15.5	32
16.5	39
17.5	42
18.5	37
19.5	33
20.5	51
21.5	37
22.5	30
23.5	46
24.5	42
25.5	44
26.5	41
27.5	41
28.5	52
29.5	45
30.5	49
31.5	65
32.5	62
33.5	53
34.5	71
35.5	64
36.5	97
37.5	92
38.5	112
39.5	107
40.5	134
41.5	141
42.5	160
43.5	151
44.5	154
45.5	147
46.5	149
47.5	113
48.5	142
49.5	137
50.5	110
51.5	124
52.5	112
53.5	130
54.5	94
55.5	99
56.5	110
57.5	99
58.5	84
59.5	89
60.5	69
61.5	69
62.5	79
63.5	76
64.5	74
65.5	56
66.5	66
67.5	59
68.5	63
69.5	57
70.5	79
71.5	58
72.5	60
73.5	69
74.5	76
75.5	53
76.5	62
77.5	88
78.5	64
79.5	81
80.5	67
81.5	74
82.5	82
83.5	69
84.5	77
85.5	85
86.5	101
87.5	67
88.5	108
89.5	108
90.5	107
91.5	138
92.5	145
93.5	160
94.5	188
95.5	238
96.5	343
97.5	412
98.5	549
99.5	665
100.5	850
101.5	997
102.5	1250
103.5	1452
104.5	1689
105.5	1939
106.5	2281
107.5	2613
108.5	2909
109.5	3223
110.5	3474
111.5	3917
112.5	4245
113.5	4523
114.5	4816
115.5	5023
116.5	5374
117.5	5524
118.5	5943
119.5	5984
120.5	6355
121.5	6628
122.5	7014
123.5	7530
124.5	8466
125.5	9912
126.5	12564
127.5	16363
128.5	21882
129.5	29328
130.5	38269
131.5	48578
132.5	56805
133.5	63346
134.5	66726
135.5	65849
136.5	60884
137.5	52638
138.5	42624
139.5	32275
140.5	23199
141.5	15770
142.5	10588
143.5	6874
144.5	4910
145.5	3618
146.5	3036
147.5	2829
148.5	2823
149.5	2740
150.5	2722
151.5	2854
152.5	2833
153.5	3093
154.5	3307
155.5	3850
156.5	4300
157.5	4978
158.5	5876
159.5	6926
160.5	8091
161.5	9093
162.5	9704
163.5	10034
164.5	9956
165.5	9408
166.5	8491
167.5	7536
168.5	6154
169.5	5073
170.5	3985
171.5	3202
172.5	2762
173.5	2307
174.5	2060
175.5	1925
176.5	1745
177.5	1856
178.5	1866
179.5	1870
180.5	1883
181.5	1887
182.5	1899
183.5	1870
184.5	1873
185.5	1884
186.5	1966
187.5	2015
188.5	2039
189.5	2105
190.5	1949
191.5	1955
192.5	1875
193.5	1890
194.5	1757
195.5	1797
196.5	1688
197.5	1616
198.5	1540
199.5	1564
200.5	1497
201.5	1479
202.5	1435
203.5	1343
204.5	1213
205.5	1301
206.5	1276
207.5	1259
208.5	1240
209.5	1229
210.5	1243
211.5	1199
212.5	1255
213.5	1228
214.5	1205
215.5	1288
216.5	1261
217.5	1283
218.5	1272
219.5	1318
220.5	1291
221.5	1272
222.5	1355
223.5	1306
224.5	1357
225.5	1301
226.5	1262
227.5	1224
228.5	1224
229.5	1088
230.5	1107
231.5	1015
232.5	1058
233.5	935
234.5	954
235.5	943
236.5	932
237.5	989
238.5	878
239.5	884
240.5	928
241.5	925
242.5	860
243.5	887
244.5	822
245.5	855
246.5	843
247.5	843
248.5	783
249.5	834
250.5	866
251.5	845
252.5	838
253.5	842
254.5	755
255.5	779
256.5	795
257.5	831
258.5	744
259.5	757
260.5	777
261.5	862
262.5	802
263.5	801
264.5	835
265.5	790
266.5	806
267.5	818
268.5	810
269.5	724
270.5	809
271.5	782
272.5	737
273.5	766
274.5	743
275.5	774
276.5	751
277.5	797
278.5	759
279.5	708
280.5	697
281.5	716
282.5	706
283.5	740
284.5	742
285.5	742
286.5	792
287.5	926
288.5	994
289.5	1206
290.5	1378
291.5	1585
292.5	1888
293.5	2316
294.5	2610
295.5	2953
296.5	3239
297.5	3556
298.5	3778
299.5	3771
300.5	3772
301.5	3734
302.5	3458
303.5	3233
304.5	2867
305.5	2557
306.5	2152
307.5	1895
308.5	1518
309.5	1267
310.5	1007
311.5	845
312.5	717
313.5	644
314.5	568
315.5	518
316.5	489
317.5	435
318.5	431
319.5	446
320.5	452
321.5	422
322.5	428
323.5	403
324.5	372
325.5	367
326.5	414
327.5	409
328.5	409
329.5	408
330.5	423
331.5	387
332.5	405
333.5	369
334.5	391
335.5	361
336.5	417
337.5	391
338.5	383
339.5	418
340.5	396
341.5	360
342.5	367
343.5	376
344.5	352
345.5	387
346.5	364
347.5	367
348.5	369
349.5	368
350.5	357
351.5	416
352.5	386
353.5	399
354.5	344
355.5	315
356.5	366
357.5	364
358.5	344
359.5	329
360.5	369
361.5	309
362.5	331
363.5	330
364.5	337
365.5	336
366.5	418
367.5	393
368.5	423
369.5	413
370.5	406
371.5	396
372.5	437
373.5	492
374.5	482
375.5	475
376.5	492
377.5	471
378.5	488
379.5	490
380.5	449
381.5	415
382.5	405
383.5	388
384.5	366
385.5	322
386.5	312
387.5	286
388.5	280
389.5	247
390.5	230
391.5	259
392.5	285
393.5	242
394.5	234
395.5	259
396.5	255
397.5	264
398.5	256
399.5	219
400.5	236
401.5	241
402.5	234
403.5	252
404.5	264
405.5	279
406.5	268
407.5	268
408.5	256
409.5	238
410.5	253
411.5	232
412.5	224
413.5	237
414.5	226
415.5	206
416.5	257
417.5	254
418.5	220
419.5	224
420.5	212
421.5	240
422.5	209
423.5	233
424.5	200
425.5	207
426.5	214
427.5	191
428.5	200
429.5	215
430.5	191
431.5	213
432.5	206
433.5	215
434.5	237
435.5	252
436.5	242
437.5	216
438.5	220
439.5	208
440.5	183
441.5	196
442.5	207
443.5	219
444.5	210
445.5	198
446.5	175
447.5	195
448.5	195
449.5	215
450.5	178
451.5	190
452.5	186
453.5	216
454.5	188
455.5	200
456.5	208
457.5	202
458.5	181
459.5	165
460.5	172
461.5	200
462.5	172
463.5	194
464.5	194
465.5	190
466.5	215
467.5	182
468.5	212
469.5	200
470.5	178
471.5	202
472.5	202
473.5	225
474.5	224
475.5	207
476.5	204
477.5	226
478.5	218
479.5	180
480.5	188
481.5	195
482.5	205
483.5	193
484.5	201
485.5	183
486.5	195
487.5	207
488.5	193
489.5	186
490.5	208
491.5	233
492.5	242
493.5	233
494.5	280
495.5	316
496.5	306
497.5	306
498.5	377
499.5	394
500.5	481
501.5	495
502.5	523
503.5	600
504.5	616
505.5	637
506.5	700
507.5	645
508.5	764
509.5	731
510.5	747
511.5	744
512.5	690
513.5	599
514.5	596
515.5	576
516.5	531
517.5	517
518.5	420
519.5	376
520.5	341
521.5	288
522.5	281
523.5	285
524.5	229
525.5	211
526.5	201
527.5	208
528.5	177
529.5	168
530.5	165
531.5	164
532.5	136
533.5	151
534.5	166
535.5	192
536.5	186
537.5	135
538.5	177
539.5	154
540.5	145
541.5	142
542.5	133
543.5	160
544.5	149
545.5	160
546.5	166
547.5	132
548.5	159
549.5	143
550.5	166
551.5	183
552.5	168
553.5	135
554.5	156
555.5	149
556.5	139
557.5	153
558.5	164
559.5	153
560.5	140
561.5	142
562.5	160
563.5	161
564.5	158
565.5	187
566.5	174
567.5	138
568.5	182
569.5	141
570.5	182
571.5	141
572.5	146
573.5	164
574.5	141
575.5	147
576.5	166
577.5	143
578.5	159
579.5	136
580.5	158
581.5	168
582.5	159
583.5	149
584.5	148
585.5	141
586.5	152
587.5	140
588.5	164
589.5	159
590.5	146
591.5	154
592.5	161
593.5	141
594.5	173
595.5	151
596.5	159
597.5	153
598.5	149
599.5	150
600.5	144
601.5	141
602.5	133
603.5	152
604.5	137
605.5	142
606.5	143
607.5	137
608.5	149
609.5	165
610.5	159
611.5	163
612.5	121
613.5	130
614.5	141
615.5	156
616.5	138
617.5	136
618.5	152
619.5	132
620.5	150
621.5	135
622.5	161
623.5	126
624.5	110
625.5	134
626.5	141
627.5	141
628.5	140
629.5	143
630.5	132
631.5	146
632.5	118
633.5	139
634.5	154
635.5	121
636.5	136
637.5	150
638.5	145
639.5	117
640.5	145
641.5	139
642.5	128
643.5	145
644.5	110
645.5	111
646.5	109
647.5	129
648.5	123
649.5	147
650.5	120
651.5	124
652.5	108
653.5	126
654.5	112
655.5	134
656.5	101
657.5	113
658.5	109
659.5	116
660.5	132
661.5	121
662.5	121
663.5	122
664.5	131
665.5	120
666.5	106
667.5	90
668.5	126
669.5	110
670.5	106
671.5	114
672.5	112
673.5	91
674.5	108
675.5	115
676.5	131
677.5	105
678.5	101
679.5	112
680.5	88
681.5	100
682.5	87
683.5	109
684.5	77
685.5	91
686.5	94
687.5	91
688.5	105
689.5	89
690.5	94
691.5	91
692.5	99
693.5	85
694.5	95
695.5	87
696.5	93
697.5	83
698.5	87
699.5	90
700.5	103
701.5	116
702.5	81
703.5	93
704.5	82
705.5	63
706.5	75
707.5	106
708.5	92
709.5	93
710.5	90
711.5	82
712.5	80
713.5	85
714.5	89
715.5	80
716.5	87
717.5	98
718.5	75
719.5	97
720.5	72
721.5	67
722.5	85
723.5	89
724.5	79
725.5	91
726.5	75
727.5	82
728.5	95
729.5	70
730.5	83
731.5	89
732.5	90
733.5	82
734.5	70
735.5	94
736.5	82
737.5	77
738.5	87
739.5	88
740.5	95
741.5	94
742.5	81
743.5	96
744.5	81
745.5	90
746.5	79
747.5	90
748.5	77
749.5	91
750.5	85
751.5	84
752.5	75
753.5	71
754.5	84
755.5	89
756.5	86
757.5	72
758.5	76
759.5	88
760.5	85
761.5	86
762.5	89
763.5	94
764.5	77
765.5	103
766.5	83
767.5	90
768.5	74
769.5	94
770.5	72
771.5	92
772.5	96
773.5	89
774.5	96
775.5	86
776.5	84
777.5	97
778.5	80
779.5	94
780.5	76
781.5	111
782.5	87
783.5	81
784.5	91
785.5	87
786.5	93
787.5	85
788.5	91
789.5	95
790.5	82
791.5	77
792.5	77
793.5	80
794.5	80
795.5	78
796.5	52
797.5	76
798.5	74
799.5	67
800.5	78
801.5	94
802.5	77
803.5	98
804.5	76
805.5	75
806.5	64
807.5	87
808.5	71
809.5	71
810.5	91
811.5	66
812.5	96
813.5	87
814.5	89
815.5	77
816.5	92
817.5	95
818.5	100
819.5	114
820.5	105
821.5	121
822.5	128
823.5	142
824.5	159
825.5	181
826.5	203
827.5	239
828.5	251
829.5	287
830.5	348
831.5	386
832.5	408
833.5	394
834.5	473
835.5	499
836.5	552
837.5	566
838.5	638
839.5	692
840.5	712
841.5	688
842.5	702
843.5	739
844.5	725
845.5	731
846.5	719
847.5	694
848.5	648
849.5	629
850.5	577
851.5	562
852.5	491
853.5	459
854.5	380
855.5	388
856.5	347
857.5	304
858.5	279
859.5	236
860.5	236
861.5	160
862.5	154
863.5	128
864.5	137
865.5	116
866.5	112
867.5	89
868.5	77
869.5	97
870.5	95
871.5	90
872.5	80
873.5	82
874.5	87
875.5	102
876.5	74
877.5	91
878.5	90
879.5	83
880.5	94
881.5	91
882.5	96
883.5	103
884.5	102
885.5	107
886.5	109
887.5	88
888.5	116
889.5	91
890.5	88
891.5	119
892.5	99
893.5	78
894.5	100
895.5	101
896.5	89
897.5	102
898.5	84
899.5	85
900.5	85
901.5	69
902.5	85
903.5	88
904.5	53
905.5	72
906.5	78
907.5	78
908.5	69
909.5	76
910.5	68
911.5	73
912.5	89
913.5	78
914.5	75
915.5	72
916.5	69
917.5	84
918.5	93
919.5	93
920.5	80
921.5	70
922.5	108
923.5	92
924.5	84
925.5	78
926.5	85
927.5	89
928.5	86
929.5	70
930.5	73
931.5	85
932.5	75
933.5	77
934.5	76
935.5	60
936.5	52
937.5	67
938.5	64
939.5	57
940.5	62
941.5	57
942.5	46
943.5	48
944.5	58
945.5	45
946.5	48
947.5	52
948.5	69
949.5	49
950.5	41
951.5	74
952.5	53
953.5	57
954.5	55
955.5	64
956.5	53
957.5	74
958.5	68
959.5	74
960.5	86
961.5	85
962.5	100
963.5	114
964.5	127
965.5	125
966.5	149
967.5	162
968.5	172
969.5	174
970.5	196
971.5	199
972.5	182
973.5	233
974.5	234
975.5	254
976.5	244
977.5	229
978.5	248
979.5	247
980.5	263
981.5	265
982.5	230
983.5	247
984.5	244
985.5	235
986.5	210
987.5	202
988.5	185
989.5	169
990.5	163
991.5	148
992.5	174
993.5	130
994.5	109
995.5	125
996.5	93
997.5	120
998.5	87
999.5	95
1000.5	90
1001.5	88
1002.5	84
1003.5	80
1004.5	78
1005.5	74
1006.5	70
1007.5	55
1008.5	76
1009.5	90
1010.5	78
1011.5	80
1012.5	74
1013.5	80
1014.5	72
1015.5	73
1016.5	56
1017.5	72
1018.5	74
1019.5	69
1020.5	74
1021.5	54
1022.5	68
1023.5	47
1024.5	54
1025.5	54
1026.5	61
1027.5	53
1028.5	60
1029.5	55
1030.5	45
1031.5	60
1032.5	56
1033.5	45
1034.5	46
1035.5	51
1036.5	44
1037.5	33
1038.5	38
1039.5	35
1040.5	42
1041.5	39
1042.5	45
1043.5	46
1044.5	41
1045.5	37
1046.5	50
1047.5	37
1048.5	43
1049.5	40
1050.5	34
1051.5	33
1052.5	42
1053.5	41
1054.5	43
1055.5	42
1056.5	42
1057.5	36
1058.5	25
1059.5	31
1060.5	37
1061.5	39
1062.5	49
1063.5	27
1064.5	35
1065.5	37
1066.5	32
1067.5	32
1068.5	42
1069.5	39
1070.5	37
1071.5	31
1072.5	37
1073.5	36
1074.5	43
1075.5	41
1076.5	30
1077.5	38
1078.5	37
1079.5	32
1080.5	34
1081.5	30
1082.5	33
1083.5	32
1084.5	36
1085.5	31
1086.5	31
1087.5	25
1088.5	35
1089.5	33
1090.5	39
1091.5	41
1092.5	35
1093.5	39
1094.5	47
1095.5	29
1096.5	51
1097.5	36
1098.5	37
1099.5	32
1100.5	33
1101.5	38
1102.5	40
1103.5	34
1104.5	35
1105.5	32
1106.5	21
1107.5	34
1108.5	33
1109.5	36
1110.5	33
1111.5	37
1112.5	30
1113.5	30
1114.5	33
1115.5	38
1116.5	45
1117.5	31
1118.5	30
1119.5	43
1120.5	37
1121.5	36
1122.5	42
1123.5	28
1124.5	48
1125.5	31
1126.5	41
1127.5	35
1128.5	29
1129.5	44
1130.5	43
1131.5	36
1132.5	40
1133.5	43
1134.5	29
1135.5	38
1136.5	32
1137.5	43
1138.5	35
1139.5	49
1140.5	41
1141.5	41
1142.5	47
1143.5	33
1144.5	42
1145.5	40
1146.5	43
1147.5	40
1148.5	36
1149.5	28
1150.5	35
1151.5	45
1152.5	37
1153.5	42
1154.5	37
1155.5	39
1156.5	40
1157.5	33
1158.5	27
1159.5	41
1160.5	38
1161.5	26
1162.5	35
1163.5	49
1164.5	35
1165.5	35
1166.5	27
1167.5	32
1168.5	34
1169.5	23
1170.5	41
1171.5	24
1172.5	35
1173.5	20
1174.5	33
1175.5	29
1176.5	30
1177.5	37
1178.5	27
1179.5	22
1180.5	26
1181.5	31
1182.5	30
1183.5	28
1184.5	35
1185.5	20
1186.5	41
1187.5	21
1188.5	26
1189.5	26
1190.5	26
1191.5	30
1192.5	26
1193.5	25
1194.5	32
1195.5	17
1196.5	27
1197.5	27
1198.5	28
1199.5	26
1200.5	37
1201.5	27
1202.5	28
1203.5	35
1204.5	49
1205.5	26
1206.5	29
1207.5	23
1208.5	26
1209.5	40
1210.5	32
1211.5	21
1212.5	24
1213.5	34
1214.5	27
1215.5	29
1216.5	37
1217.5	36
1218.5	37
1219.5	27
1220.5	27
1221.5	41
1222.5	35
1223.5	33
1224.5	22
1225.5	28
1226.5	23
1227.5	23
1228.5	24
1229.5	22
1230.5	31
1231.5	28
1232.5	33
1233.5	28
1234.5	30
1235.5	23
1236.5	23
1237.5	25
1238.5	32
1239.5	31
1240.5	30
1241.5	30
1242.5	25
1243.5	29
1244.5	27
1245.5	26
1246.5	30
1247.5	26
1248.5	26
1249.5	29
1250.5	23
1251.5	37
1252.5	20
1253.5	25
1254.5	32
1255.5	22
1256.5	28
1257.5	21
1258.5	20
1259.5	29
1260.5	29
1261.5	30
1262.5	21
1263.5	17
1264.5	36
1265.5	31
1266.5	28
1267.5	22
1268.5	26
1269.5	24
1270.5	29
1271.5	37
1272.5	23
1273.5	29
1274.5	31
1275.5	28
1276.5	36
1277.5	34
1278.5	33
1279.5	24
1280.5	35
1281.5	29
1282.5	36
1283.5	21
1284.5	26
1285.5	31
1286.5	42
1287.5	29
1288.5	25
1289.5	28
1290.5	24
1291.5	30
1292.5	30
1293.5	34
1294.5	29
1295.5	22
1296.5	33
1297.5	28
1298.5	35
1299.5	25
1300.5	23
1301.5	40
1302.5	38
1303.5	33
1304.5	34
1305.5	40
1306.5	32
1307.5	31
1308.5	26
1309.5	27
1310.5	30
1311.5	32
1312.5	29
1313.5	30
1314.5	27
1315.5	25
1316.5	27
1317.5	15
1318.5	33
1319.5	18
1320.5	26
1321.5	28
1322.5	24
1323.5	27
1324.5	22
1325.5	28
1326.5	24
1327.5	25
1328.5	26
1329.5	30
1330.5	40
1331.5	26
1332.5	31
1333.5	17
1334.5	27
1335.5	30
1336.5	35
1337.5	23
1338.5	18
1339.5	27
1340.5	23
1341.5	28
1342.5	25
1343.5	40
1344.5	31
1345.5	29
1346.5	37
1347.5	24
1348.5	24
1349.5	34
1350.5	29
1351.5	25
1352.5	42
1353.5	37
1354.5	35
1355.5	34
1356.5	44
1357.5	30
1358.5	34
1359.5	43
1360.5	38
1361.5	46
1362.5	43
1363.5	38
1364.5	38
1365.5	48
1366.5	62
1367.5	38
1368.5	41
1369.5	34
1370.5	38
1371.5	37
1372.5	44
1373.5	47
1374.5	32
1375.5	37
1376.5	52
1377.5	33
1378.5	28
1379.5	35
1380.5	26
1381.5	23
1382.5	31
1383.5	26
1384.5	29
1385.5	27
1386.5	40
1387.5	24
1388.5	33
1389.5	16
1390.5	40
1391.5	26
1392.5	35
1393.5	30
1394.5	26
1395.5	42
1396.5	35
1397.5	32
1398.5	34
1399.5	35
1400.5	40
1401.5	37
1402.5	43
1403.5	29
1404.5	33
1405.5	37
1406.5	33
1407.5	44
1408.5	58
1409.5	52
1410.5	68
1411.5	32
1412.5	46
1413.5	53
1414.5	71
1415.5	41
1416.5	50
1417.5	56
1418.5	51
1419.5	63
1420.5	69
1421.5	72
1422.5	61
1423.5	66
1424.5	70
1425.5	65
1426.5	55
1427.5	58
1428.5	58
1429.5	66
1430.5	71
1431.5	71
1432.5	71
1433.5	65
1434.5	51
1435.5	47
1436.5	52
1437.5	60
1438.5	72
1439.5	48
1440.5	59
1441.5	62
1442.5	58
1443.5	70
1444.5	54
1445.5	52
1446.5	57
1447.5	48
1448.5	61
1449.5	49
1450.5	55
1451.5	64
1452.5	61
1453.5	45
1454.5	57
1455.5	43
1456.5	62
1457.5	63
1458.5	46
1459.5	32
1460.5	51
1461.5	48
1462.5	37
1463.5	53
1464.5	40
1465.5	46
1466.5	38
1467.5	45
1468.5	34
1469.5	35
1470.5	37
1471.5	32
1472.5	52
1473.5	29
1474.5	22
1475.5	23
1476.5	23
1477.5	30
1478.5	33
1479.5	16
1480.5	26
1481.5	32
1482.5	29
1483.5	22
1484.5	18
1485.5	23
1486.5	18
1487.5	25
1488.5	16
1489.5	19
1490.5	21
1491.5	26
1492.5	22
1493.5	22
1494.5	13
1495.5	20
1496.5	23
1497.5	23
1498.5	23
1499.5	17
1500.5	19
1501.5	22
1502.5	12
1503.5	18
1504.5	16
1505.5	15
1506.5	19
1507.5	14
1508.5	23
1509.5	15
1510.5	21
1511.5	20
1512.5	18
1513.5	18
1514.5	19
1515.5	16
1516.5	18
1517.5	16
1518.5	13
1519.5	24
1520.5	16
1521.5	20
1522.5	19
1523.5	16
1524.5	18
1525.5	11
1526.5	18
1527.5	21
1528.5	18
1529.5	15
1530.5	12
1531.5	18
1532.5	12
1533.5	20
1534.5	17
1535.5	20
1536.5	14
1537.5	22
1538.5	9
1539.5	22
1540.5	23
1541.5	23
1542.5	14
1543.5	11
1544.5	11
1545.5	19
1546.5	9
1547.5	20
1548.5	15
1549.5	24
1550.5	14
1551.5	20
1552.5	19
1553.5	22
1554.5	15
1555.5	16
1556.5	20
1557.5	17
1558.5	17
1559.5	16
1560.5	19
1561.5	10
1562.5	12
1563.5	11
1564.5	19
1565.5	17
1566.5	12
1567.5	12
1568.5	15
1569.5	10
1570.5	8
1571.5	9
1572.5	10
1573.5	14
1574.5	6
1575.5	14
1576.5	10
1577.5	15
1578.5	8
1579.5	19
1580.5	14
1581.5	19
1582.5	18
1583.5	13
1584.5	9
1585.5	12
1586.5	15
1587.5	23
1588.5	17
1589.5	14
1590.5	15
1591.5	15
1592.5	11
1593.5	16
1594.5	17
1595.5	11
1596.5	19
1597.5	22
1598.5	15
1599.5	19
1600.5	10
1601.5	14
1602.5	18
1603.5	20
1604.5	16
1605.5	20
1606.5	15
1607.5	23
1608.5	11
1609.5	16
1610.5	7
1611.5	19
1612.5	25
1613.5	16
1614.5	14
1615.5	13
1616.5	14
1617.5	19
1618.5	17
1619.5	17
1620.5	13
1621.5	15
1622.5	7
1623.5	13
1624.5	13
1625.5	11
1626.5	9
1627.5	20
1628.5	12
1629.5	15
1630.5	14
1631.5	17
1632.5	11
1633.5	14
1634.5	11
1635.5	19
1636.5	11
1637.5	12
1638.5	9
1639.5	14
1640.5	12
1641.5	8
1642.5	8
1643.5	15
1644.5	19
1645.5	10
1646.5	23
1647.5	13
1648.5	18
1649.5	13
1650.5	20
1651.5	12
1652.5	14
1653.5	11
1654.5	11
1655.5	14
1656.5	18
1657.5	13
1658.5	9
1659.5	11
1660.5	8
1661.5	8
1662.5	12
1663.5	9
1664.5	15
1665.5	9
1666.5	15
1667.5	11
1668.5	10
1669.5	10
1670.5	10
1671.5	8
1672.5	10
1673.5	12
1674.5	13
1675.5	14
1676.5	9
1677.5	10
1678.5	8
1679.5	8
1680.5	8
1681.5	11
1682.5	17
1683.5	18
1684.5	19
1685.5	17
1686.5	7
1687.5	15
1688.5	13
1689.5	11
1690.5	16
1691.5	10
1692.5	15
1693.5	11
1694.5	16
1695.5	9
1696.5	9
1697.5	16
1698.5	15
1699.5	14
1700.5	10
1701.5	10
1702.5	12
1703.5	16
1704.5	18
1705.5	8
1706.5	13
1707.5	17
1708.5	14
1709.5	12
1710.5	10
1711.5	4
1712.5	17
1713.5	11
1714.5	19
1715.5	13
1716.5	10
1717.5	9
1718.5	12
1719.5	11
1720.5	12
1721.5	10
1722.5	17
1723.5	17
1724.5	15
1725.5	19
1726.5	13
1727.5	23
1728.5	18
1729.5	22
1730.5	21
1731.5	19
1732.5	14
1733.5	12
1734.5	23
1735.5	13
1736.5	20
1737.5	18
1738.5	19
1739.5	20
1740.5	12
1741.5	17
1742.5	24
1743.5	19
1744.5	28
1745.5	32
1746.5	32
1747.5	23
1748.5	17
1749.5	21
1750.5	16
1751.5	25
1752.5	28
1753.5	30
1754.5	23
1755.5	26
1756.5	23
1757.5	29
1758.5	27
1759.5	24
1760.5	17
1761.5	27
1762.5	24
1763.5	14
1764.5	19
1765.5	26
1766.5	20
1767.5	19
1768.5	27
1769.5	24
1770.5	15
1771.5	19
1772.5	21
1773.5	12
1774.5	18
1775.5	29
1776.5	24
1777.5	22
1778.5	11
1779.5	17
1780.5	11
1781.5	20
1782.5	15
1783.5	17
1784.5	12
1785.5	14
1786.5	14
1787.5	11
1788.5	17
1789.5	13
1790.5	14
1791.5	12
1792.5	14
1793.5	17
1794.5	11
1795.5	10
1796.5	14
1797.5	9
1798.5	15
1799.5	19
1800.5	16
1801.5	10
1802.5	8
1803.5	14
1804.5	15
1805.5	11
1806.5	11
1807.5	11
1808.5	11
1809.5	19
1810.5	15
1811.5	19
1812.5	12
1813.5	12
1814.5	11
1815.5	10
1816.5	13
1817.5	13
1818.5	19
1819.5	12
1820.5	14
1821.5	9
1822.5	11
1823.5	7
1824.5	16
1825.5	9
1826.5	14
1827.5	11
1828.5	13
1829.5	16
1830.5	8
1831.5	13
1832.5	14
1833.5	13
1834.5	11
1835.5	9
1836.5	10
1837.5	7
1838.5	9
1839.5	17
1840.5	17
1841.5	12
1842.5	12
1843.5	12
1844.5	9
1845.5	4
1846.5	7
1847.5	10
1848.5	13
1849.5	11
1850.5	15
1851.5	12
1852.5	9
1853.5	11
1854.5	12
1855.5	7
1856.5	13
1857.5	7
1858.5	11
1859.5	13
1860.5	9
1861.5	14
1862.5	19
1863.5	9
1864.5	10
1865.5	22
1866.5	9
1867.5	13
1868.5	15
1869.5	14
1870.5	20
1871.5	8
1872.5	12
1873.5	14
1874.5	15
1875.5	18
1876.5	20
1877.5	9
1878.5	16
1879.5	16
1880.5	13
1881.5	20
1882.5	8
1883.5	13
1884.5	15
1885.5	14
1886.5	14
1887.5	10
1888.5	16
1889.5	15
1890.5	14
1891.5	14
1892.5	22
1893.5	14
1894.5	10
1895.5	15
1896.5	10
1897.5	11
1898.5	11
1899.5	13
1900.5	14
1901.5	13
1902.5	15
1903.5	17
1904.5	20
1905.5	10
1906.5	14
1907.5	14
1908.5	13
1909.5	19
1910.5	19
1911.5	13
1912.5	12
1913.5	22
1914.5	17
1915.5	13
1916.5	8
1917.5	15
1918.5	11
1919.5	13
1920.5	8
1921.5	18
1922.5	10
1923.5	18
1924.5	6
1925.5	24
1926.5	11
1927.5	10
1928.5	6
1929.5	11
1930.5	13
1931.5	10
1932.5	23
1933.5	7
1934.5	16
1935.5	10
1936.5	12
1937.5	17
1938.5	20
1939.5	17
1940.5	11
1941.5	12
1942.5	12
1943.5	10
1944.5	13
1945.5	12
1946.5	7
1947.5	11
1948.5	18
1949.5	9
1950.5	14
1951.5	14
1952.5	9
1953.5	15
1954.5	12
1955.5	13
1956.5	13
1957.5	13
1958.5	13
1959.5	7
1960.5	18
1961.5	18
1962.5	13
1963.5	14
1964.5	22
1965.5	16
1966.5	20
1967.5	14
1968.5	12
1969.5	18
1970.5	22
1971.5	10
1972.5	13
1973.5	7
1974.5	17
1975.5	18
1976.5	13
1977.5	18
1978.5	11
1979.5	16
1980.5	13
1981.5	22
1982.5	10
1983.5	13
1984.5	12
1985.5	12
1986.5	11
1987.5	8
1988.5	6
1989.5	15
1990.5	4
1991.5	11
1992.5	10
1993.5	13
1994.5	16
1995.5	13
1996.5	11
1997.5	11
1998.5	7
1999.5	13
2000.5	11
2001.5	14
2002.5	14
2003.5	15
2004.5	13
2005.5	8
2006.5	9
2007.5	10
2008.5	14
2009.5	13
2010.5	11
2011.5	12
2012.5	14
2013.5	17
2014.5	8
2015.5	15
2016.5	12
2017.5	18
2018.5	20
2019.5	16
2020.5	17
2021.5	12
2022.5	18
2023.5	18
2024.5	12
2025.5	12
2026.5	6
2027.5	24
2028.5	16
2029.5	11
2030.5	10
2031.5	12
2032.5	17
2033.5	17
2034.5	11
2035.5	7
2036.5	14
2037.5	12
2038.5	6
2039.5	12
2040.5	16
2041.5	9
2042.5	10
2043.5	12
2044.5	16
2045.5	8
2046.5	10
2047.5	12
2048.5	12
2049.5	10
2050.5	10
2051.5	13
2052.5	19
2053.5	8
2054.5	9
2055.5	7
2056.5	11
2057.5	13
2058.5	13
2059.5	10
2060.5	13
2061.5	9
2062.5	14
2063.5	14
2064.5	16
2065.5	14
2066.5	12
2067.5	12
2068.5	15
2069.5	13
2070.5	7
2071.5	16
2072.5	6
2073.5	9
2074.5	11
2075.5	11
2076.5	10
2077.5	14
2078.5	11
2079.5	13
2080.5	15
2081.5	6
2082.5	11
2083.5	10
2084.5	17
2085.5	13
2086.5	10
2087.5	14
2088.5	13
2089.5	14
2090.5	11
2091.5	16
2092.5	11
2093.5	12
2094.5	20
2095.5	10
2096.5	20
2097.5	8
2098.5	12
2099.5	8
2100.5	15
2101.5	13
2102.5	14
2103.5	14
2104.5	14
2105.5	7
2106.5	14
2107.5	11
2108.5	6
2109.5	10
2110.5	17
2111.5	11
2112.5	9
2113.5	9
2114.5	21
2115.5	11
2116.5	15
2117.5	10
2118.5	11
2119.5	17
2120.5	11
2121.5	13
2122.5	12
2123.5	12
2124.5	4
2125.5	11
2126.5	12
2127.5	10
2128.5	16
2129.5	10
2130.5	18
2131.5	10
2132.5	11
2133.5	11
2134.5	8
2135.5	11
2136.5	10
2137.5	9
2138.5	8
2139.5	16
2140.5	12
2141.5	13
2142.5	13
2143.5	14
2144.5	12
2145.5	5
2146.5	12
2147.5	8
2148.5	13
2149.5	9
2150.5	11
2151.5	18
2152.5	16
2153.5	14
2154.5	19
2155.5	15
2156.5	13
2157.5	10
2158.5	11
2159.5	17
2160.5	14
2161.5	14
2162.5	8
2163.5	12
2164.5	8
2165.5	12
2166.5	14
2167.5	19
2168.5	14
2169.5	12
2170.5	16
2171.5	15
2172.5	10
2173.5	7
2174.5	7
2175.5	16
2176.5	12
2177.5	17
2178.5	9
2179.5	7
2180.5	9
2181.5	14
2182.5	14
2183.5	14
2184.5	28
2185.5	18
2186.5	15
2187.5	12
2188.5	10
2189.5	10
2190.5	18
2191.5	11
2192.5	11
2193.5	12
2194.5	20
2195.5	19
2196.5	12
2197.5	17
2198.5	11
2199.5	11
2200.5	12
2201.5	15
2202.5	11
2203.5	14
2204.5	14
2205.5	12
2206.5	23
2207.5	15
2208.5	16
2209.5	13
2210.5	19
2211.5	13
2212.5	14
2213.5	12
2214.5	13
2215.5	11
2216.5	10
2217.5	6
2218.5	17
2219.5	15
2220.5	14
2221.5	9
2222.5	7
2223.5	12
2224.5	14
2225.5	20
2226.5	14
2227.5	11
2228.5	13
2229.5	17
2230.5	10
2231.5	21
2232.5	12
2233.5	11
2234.5	12
2235.5	11
2236.5	12
2237.5	16
2238.5	18
2239.5	21
2240.5	11
2241.5	12
2242.5	10
2243.5	21
2244.5	9
2245.5	12
2246.5	14
2247.5	14
2248.5	11
2249.5	12
2250.5	21
2251.5	19
2252.5	15
2253.5	14
2254.5	11
2255.5	10
2256.5	16
2257.5	15
2258.5	15
2259.5	15
2260.5	13
2261.5	12
2262.5	15
2263.5	14
2264.5	21
2265.5	15
2266.5	17
2267.5	17
2268.5	19
2269.5	17
2270.5	15
2271.5	12
2272.5	17
2273.5	16
2274.5	14
2275.5	16
2276.5	11
2277.5	7
2278.5	10
2279.5	15
2280.5	11
2281.5	12
2282.5	9
2283.5	18
2284.5	10
2285.5	11
2286.5	21
2287.5	13
2288.5	7
2289.5	13
2290.5	18
2291.5	11
2292.5	7
2293.5	16
2294.5	10
2295.5	17
2296.5	9
2297.5	11
2298.5	13
2299.5	14
2300.5	11
2301.5	9
2302.5	10
2303.5	9
2304.5	9
2305.5	10
2306.5	13
2307.5	8
2308.5	11
2309.5	11
2310.5	10
2311.5	4
2312.5	10
2313.5	3
2314.5	10
2315.5	16
2316.5	9
2317.5	8
2318.5	15
2319.5	10
2320.5	13
2321.5	7
2322.5	12
2323.5	11
2324.5	12
2325.5	16
2326.5	12
2327.5	12
2328.5	9
2329.5	13
2330.5	16
2331.5	9
2332.5	10
2333.5	12
2334.5	15
2335.5	11
2336.5	12
2337.5	9
2338.5	9
2339.5	4
2340.5	7
2341.5	10
2342.5	9
2343.5	10
2344.5	14
2345.5	7
2346.5	9
2347.5	8
2348.5	13
2349.5	5
2350.5	7
2351.5	9
2352.5	9
2353.5	6
2354.5	8
2355.5	11
2356.5	12
2357.5	13
2358.5	13
2359.5	6
2360.5	12
2361.5	13
2362.5	8
2363.5	8
2364.5	9
2365.5	11
2366.5	15
2367.5	11
2368.5	2
2369.5	18
2370.5	13
2371.5	5
2372.5	9
2373.5	7
2374.5	12
2375.5	7
2376.5	7
2377.5	14
2378.5	17
2379.5	9
2380.5	6
2381.5	10
2382.5	13
2383.5	16
2384.5	8
2385.5	11
2386.5	12
2387.5	13
2388.5	7
2389.5	13
2390.5	15
2391.5	13
2392.5	12
2393.5	15
2394.5	11
2395.5	5
2396.5	11
2397.5	16
2398.5	13
2399.5	8
2400.5	11
2401.5	12
2402.5	6
2403.5	7
2404.5	14
2405.5	10
2406.5	8
2407.5	21
2408.5	10
2409.5	17
2410.5	14
2411.5	10
2412.5	9
2413.5	11
2414.5	10
2415.5	10
2416.5	10
2417.5	15
2418.5	8
2419.5	7
2420.5	13
2421.5	6
2422.5	11
2423.5	5
2424.5	11
2425.5	11
2426.5	11
2427.5	11
2428.5	14
2429.5	8
2430.5	12
2431.5	10
2432.5	11
2433.5	10
2434.5	10
2435.5	12
2436.5	9
2437.5	12
2438.5	13
2439.5	15
2440.5	13
2441.5	1
2442.5	14
2443.5	10
2444.5	16
2445.5	8
2446.5	8
2447.5	12
2448.5	10
2449.5	13
2450.5	8
2451.5	13
2452.5	8
2453.5	15
2454.5	20
2455.5	9
2456.5	4
2457.5	5
2458.5	9
2459.5	9
2460.5	10
2461.5	9
2462.5	10
2463.5	8
2464.5	10
2465.5	12
2466.5	10
2467.5	8
2468.5	7
2469.5	12
2470.5	15
2471.5	10
2472.5	7
2473.5	11
2474.5	7
2475.5	15
2476.5	13
2477.5	10
2478.5	17
2479.5	14
2480.5	12
2481.5	10
2482.5	9
2483.5	14
2484.5	10
2485.5	10
2486.5	12
2487.5	10
2488.5	14
2489.5	10
2490.5	11
2491.5	11
2492.5	7
2493.5	11
2494.5	12
2495.5	5
2496.5	13
2497.5	9
2498.5	13
2499.5	13
2500.5	16
2501.5	13
2502.5	15
2503.5	5
2504.5	12
2505.5	12
2506.5	14
2507.5	14
2508.5	9
2509.5	16
2510.5	14
2511.5	7
2512.5	9
2513.5	12
2514.5	8
2515.5	7
2516.5	12
2517.5	10
2518.5	7
2519.5	16
2520.5	12
2521.5	17
2522.5	16
2523.5	15
2524.5	13
2525.5	10
2526.5	12
2527.5	12
2528.5	12
2529.5	9
2530.5	19
2531.5	12
2532.5	8
2533.5	11
2534.5	12
2535.5	13
2536.5	11
2537.5	10
2538.5	12
2539.5	15
2540.5	11
2541.5	21
2542.5	11
2543.5	10
2544.5	7
2545.5	10
2546.5	11
2547.5	11
2548.5	12
2549.5	15
2550.5	7
2551.5	13
2552.5	7
2553.5	12
2554.5	16
2555.5	14
2556.5	9
2557.5	8
2558.5	8
2559.5	7
2560.5	8
2561.5	9
2562.5	14
2563.5	12
2564.5	5
2565.5	12
2566.5	11
2567.5	11
2568.5	7
2569.5	10
2570.5	9
2571.5	8
2572.5	14
2573.5	9
2574.5	5
2575.5	10
2576.5	12
2577.5	7
2578.5	16
2579.5	7
2580.5	12
2581.5	7
2582.5	9
2583.5	11
2584.5	11
2585.5	8
2586.5	9
2587.5	4
2588.5	4
2589.5	9
2590.5	11
2591.5	14
2592.5	11
2593.5	10
2594.5	13
2595.5	8
2596.5	11
2597.5	12
2598.5	7
2599.5	2
2600.5	7
2601.5	8
2602.5	19
2603.5	8
2604.5	11
2605.5	12
2606.5	11
2607.5	10
2608.5	10
2609.5	11
2610.5	10
2611.5	11
2612.5	8
2613.5	14
2614.5	16
2615.5	10
2616.5	13
2617.5	8
2618.5	7
2619.5	7
2620.5	10
2621.5	9
2622.5	8
2623.5	10
2624.5	9
2625.5	7
2626.5	12
2627.5	10
2628.5	11
2629.5	16
2630.5	11
2631.5	4
2632.5	10
2633.5	11
2634.5	8
2635.5	5
2636.5	9
2637.5	14
2638.5	7
2639.5	8
2640.5	7
2641.5	11
2642.5	3
2643.5	9
2644.5	7
2645.5	13
2646.5	13
2647.5	10
2648.5	14
2649.5	19
2650.5	13
2651.5	8
2652.5	7
2653.5	5
2654.5	11
2655.5	9
2656.5	14
2657.5	14
2658.5	11
2659.5	8
2660.5	7
2661.5	10
2662.5	11
2663.5	9
2664.5	16
2665.5	12
2666.5	7
2667.5	9
2668.5	10
2669.5	8
2670.5	7
2671.5	13
2672.5	9
2673.5	8
2674.5	11
2675.5	12
2676.5	8
2677.5	12
2678.5	10
2679.5	8
2680.5	7
2681.5	14
2682.5	12
2683.5	11
2684.5	11
2685.5	10
2686.5	12
2687.5	10
2688.5	9
2689.5	14
2690.5	6
2691.5	20
2692.5	7
2693.5	12
2694.5	10
2695.5	9
2696.5	8
2697.5	5
2698.5	10
2699.5	9
2700.5	11
2701.5	10
2702.5	13
2703.5	15
2704.5	8
2705.5	13
2706.5	11
2707.5	9
2708.5	14
2709.5	6
2710.5	11
2711.5	11
2712.5	15
2713.5	14
2714.5	7
2715.5	13
2716.5	5
2717.5	8
2718.5	14
2719.5	12
2720.5	5
2721.5	13
2722.5	10
2723.5	14
2724.5	8
2725.5	12
2726.5	14
2727.5	11
2728.5	5
2729.5	12
2730.5	13
2731.5	10
2732.5	10
2733.5	4
2734.5	4
2735.5	12
2736.5	9
2737.5	10
2738.5	6
2739.5	12
2740.5	12
2741.5	8
2742.5	7
2743.5	11
2744.5	14
2745.5	16
2746.5	10
2747.5	5
2748.5	9
2749.5	9
2750.5	9
2751.5	6
2752.5	7
2753.5	17
2754.5	6
2755.5	9
2756.5	12
2757.5	3
2758.5	8
2759.5	7
2760.5	8
2761.5	8
2762.5	6
2763.5	6
2764.5	11
2765.5	9
2766.5	15
2767.5	11
2768.5	9
2769.5	13
2770.5	7
2771.5	9
2772.5	7
2773.5	9
2774.5	17
2775.5	10
2776.5	11
2777.5	13
2778.5	11
2779.5	12
2780.5	11
2781.5	12
2782.5	3
2783.5	14
2784.5	10
2785.5	7
2786.5	10
2787.5	12
2788.5	12
2789.5	9
2790.5	12
2791.5	13
2792.5	13
2793.5	10
2794.5	11
2795.5	8
2796.5	6
2797.5	11
2798.5	12
2799.5	9
2800.5	14
2801.5	13
2802.5	9
2803.5	14
2804.5	3
2805.5	14
2806.5	11
2807.5	7
2808.5	14
2809.5	12
2810.5	15
2811.5	6
2812.5	15
2813.5	13
2814.5	8
2815.5	9
2816.5	10
2817.5	12
2818.5	4
2819.5	10
2820.5	11
2821.5	8
2822.5	10
2823.5	8
2824.5	6
2825.5	9
2826.5	9
2827.5	10
2828.5	6
2829.5	12
2830.5	12
2831.5	12
2832.5	6
2833.5	12
2834.5	9
2835.5	14
2836.5	10
2837.5	10
2838.5	14
2839.5	10
2840.5	12
2841.5	16
2842.5	13
2843.5	12
2844.5	5
2845.5	14
2846.5	9
2847.5	7
2848.5	12
2849.5	10
2850.5	14
2851.5	17
2852.5	12
2853.5	7
2854.5	7
2855.5	13
2856.5	13
2857.5	10
2858.5	8
2859.5	8
2860.5	10
2861.5	6
2862.5	14
2863.5	10
2864.5	7
2865.5	9
2866.5	11
2867.5	10
2868.5	8
2869.5	7
2870.5	11
2871.5	5
2872.5	9
2873.5	9
2874.5	13
2875.5	13
2876.5	16
2877.5	13
2878.5	12
2879.5	9
2880.5	8
2881.5	11
2882.5	5
2883.5	11
2884.5	10
2885.5	11
2886.5	9
2887.5	14
2888.5	16
2889.5	16
2890.5	10
2891.5	9
2892.5	11
2893.5	12
2894.5	11
2895.5	5
2896.5	9
2897.5	13
2898.5	7
2899.5	10
2900.5	9
2901.5	4
2902.5	18
2903.5	13
2904.5	16
2905.5	10
2906.5	11
2907.5	7
2908.5	8
2909.5	17
2910.5	5
2911.5	10
2912.5	5
2913.5	12
2914.5	13
2915.5	13
2916.5	11
2917.5	8
2918.5	10
2919.5	12
2920.5	12
2921.5	6
2922.5	5
2923.5	8
2924.5	6
2925.5	9
2926.5	7
2927.5	8
2928.5	10
2929.5	19
2930.5	17
2931.5	14
2932.5	14
2933.5	13
2934.5	12
2935.5	13
2936.5	14
2937.5	12
2938.5	12
2939.5	9
2940.5	12
2941.5	18
2942.5	13
2943.5	12
2944.5	9
2945.5	10
2946.5	11
2947.5	9
2948.5	12
2949.5	8
2950.5	7
2951.5	19
2952.5	9
2953.5	9
2954.5	12
2955.5	14
2956.5	13
2957.5	15
2958.5	5
2959.5	12
2960.5	9
2961.5	12
2962.5	12
2963.5	8
2964.5	16
2965.5	16
2966.5	13
2967.5	8
2968.5	3
2969.5	11
2970.5	15
2971.5	17
2972.5	20
2973.5	10
2974.5	8
2975.5	13
2976.5	9
2977.5	15
2978.5	9
2979.5	8
2980.5	13
2981.5	9
2982.5	8
2983.5	5
2984.5	9
2985.5	16
2986.5	10
2987.5	14
2988.5	6
2989.5	9
2990.5	12
2991.5	11
2992.5	12
2993.5	15
2994.5	13
2995.5	18
2996.5	13
2997.5	14
2998.5	17
2999.5	14
3000.5	17
3001.5	16
3002.5	21
3003.5	21
3004.5	15
3005.5	16
3006.5	16
3007.5	10
3008.5	8
3009.5	7
3010.5	16
3011.5	7
3012.5	19
3013.5	9
3014.5	13
3015.5	15
3016.5	11
3017.5	15
3018.5	20
3019.5	16
3020.5	17
3021.5	16
3022.5	17
3023.5	10
3024.5	11
3025.5	14
3026.5	17
3027.5	17
3028.5	12
3029.5	17
3030.5	11
3031.5	8
3032.5	10
3033.5	13
3034.5	13
3035.5	13
3036.5	13
3037.5	6
3038.5	12
3039.5	12
3040.5	11
3041.5	8
3042.5	12
3043.5	14
3044.5	8
3045.5	10
3046.5	15
3047.5	10
3048.5	12
3049.5	13
3050.5	9
3051.5	12
3052.5	13
3053.5	8
3054.5	15
3055.5	13
3056.5	14
3057.5	13
3058.5	10
3059.5	16
3060.5	18
3061.5	17
3062.5	11
3063.5	12
3064.5	11
3065.5	13
3066.5	7
3067.5	14
3068.5	18
3069.5	9
3070.5	14
3071.5	12
3072.5	6
3073.5	6
3074.5	14
3075.5	13
3076.5	8
3077.5	14
3078.5	16
3079.5	6
3080.5	11
3081.5	12
3082.5	13
3083.5	11
3084.5	13
3085.5	16
3086.5	9
3087.5	8
3088.5	14
3089.5	8
3090.5	8
3091.5	6
3092.5	11
3093.5	13
3094.5	13
3095.5	8
3096.5	5
3097.5	8
3098.5	24
3099.5	11
3100.5	25
3101.5	11
3102.5	14
3103.5	11
3104.5	16
3105.5	16
3106.5	16
3107.5	13
3108.5	11
3109.5	15
3110.5	10
3111.5	9
3112.5	15
3113.5	17
3114.5	14
3115.5	13
3116.5	11
3117.5	9
3118.5	14
3119.5	9
3120.5	8
3121.5	11
3122.5	9
3123.5	11
3124.5	13
3125.5	10
3126.5	17
3127.5	13
3128.5	14
3129.5	14
3130.5	12
3131.5	13
3132.5	19
3133.5	11
3134.5	15
3135.5	22
3136.5	16
3137.5	16
3138.5	17
3139.5	11
3140.5	11
3141.5	15
3142.5	10
3143.5	11
3144.5	10
3145.5	9
3146.5	22
3147.5	13
3148.5	11
3149.5	13
3150.5	13
3151.5	12
3152.5	18
3153.5	13
3154.5	9
3155.5	12
3156.5	15
3157.5	17
3158.5	12
3159.5	9
3160.5	15
3161.5	10
3162.5	15
3163.5	13
3164.5	12
3165.5	14
3166.5	9
3167.5	22
3168.5	21
3169.5	19
3170.5	11
3171.5	5
3172.5	13
3173.5	17
3174.5	7
3175.5	15
3176.5	11
3177.5	18
3178.5	16
3179.5	15
3180.5	19
3181.5	11
3182.5	14
3183.5	12
3184.5	10
3185.5	12
3186.5	13
3187.5	15
3188.5	12
3189.5	13
3190.5	14
3191.5	9
3192.5	13
3193.5	21
3194.5	15
3195.5	18
3196.5	15
3197.5	21
3198.5	19
3199.5	15
3200.5	7
3201.5	25
3202.5	15
3203.5	16
3204.5	14
3205.5	26
3206.5	15
3207.5	17
3208.5	26
3209.5	20
3210.5	21
3211.5	19
3212.5	17
3213.5	21
3214.5	22
3215.5	14
3216.5	25
3217.5	32
3218.5	27
3219.5	26
3220.5	24
3221.5	24
3222.5	29
3223.5	29
3224.5	22
3225.5	25
3226.5	23
3227.5	18
3228.5	35
3229.5	26
3230.5	33
3231.5	33
3232.5	26
3233.5	33
3234.5	42
3235.5	24
3236.5	34
3237.5	28
3238.5	21
3239.5	31
3240.5	31
3241.5	22
3242.5	38
3243.5	30
3244.5	28
3245.5	35
3246.5	28
3247.5	26
3248.5	32
3249.5	27
3250.5	43
3251.5	31
3252.5	28
3253.5	33
3254.5	30
3255.5	36
3256.5	36
3257.5	27
3258.5	32
3259.5	36
3260.5	29
3261.5	34
3262.5	30
3263.5	46
3264.5	34
3265.5	38
3266.5	32
3267.5	38
3268.5	38
3269.5	34
3270.5	44
3271.5	34
3272.5	28
3273.5	45
3274.5	38
3275.5	30
3276.5	46
3277.5	33
3278.5	36
3279.5	40
3280.5	30
3281.5	28
3282.5	42
3283.5	46
3284.5	27
3285.5	34
3286.5	28
3287.5	40
3288.5	31
3289.5	35
3290.5	33
3291.5	29
3292.5	36
3293.5	30
3294.5	29
3295.5	37
3296.5	39
3297.5	32
3298.5	27
3299.5	30
3300.5	34
3301.5	29
3302.5	34
3303.5	26
3304.5	23
3305.5	29
3306.5	24
3307.5	30
3308.5	31
3309.5	28
3310.5	33
3311.5	26
3312.5	26
3313.5	26
3314.5	30
3315.5	19
3316.5	25
3317.5	25
3318.5	28
3319.5	30
3320.5	27
3321.5	27
3322.5	26
3323.5	39
3324.5	26
3325.5	24
3326.5	22
3327.5	26
3328.5	30
3329.5	25
3330.5	26
3331.5	19
3332.5	29
3333.5	25
3334.5	18
3335.5	27
3336.5	19
3337.5	26
3338.5	22
3339.5	30
3340.5	24
3341.5	16
3342.5	29
3343.5	22
3344.5	22
3345.5	26
3346.5	19
3347.5	21
3348.5	19
3349.5	24
3350.5	16
3351.5	18
3352.5	21
3353.5	16
3354.5	26
3355.5	22
3356.5	24
3357.5	18
3358.5	20
3359.5	21
3360.5	31
3361.5	19
3362.5	21
3363.5	32
3364.5	19
3365.5	18
3366.5	33
3367.5	18
3368.5	20
3369.5	11
3370.5	19
3371.5	23
3372.5	18
3373.5	24
3374.5	11
3375.5	16
3376.5	24
3377.5	18
3378.5	31
3379.5	27
3380.5	23
3381.5	23
3382.5	25
3383.5	25
3384.5	22
3385.5	29
3386.5	28
3387.5	10
3388.5	36
3389.5	31
3390.5	18
3391.5	22
3392.5	33
3393.5	23
3394.5	26
3395.5	24
3396.5	24
3397.5	23
3398.5	21
3399.5	21
3400.5	20
3401.5	19
3402.5	21
3403.5	18
3404.5	38
3405.5	23
3406.5	20
3407.5	32
3408.5	30
3409.5	22
3410.5	21
3411.5	19
3412.5	19
3413.5	29
3414.5	17
3415.5	20
3416.5	26
3417.5	30
3418.5	23
3419.5	20
3420.5	21
3421.5	28
3422.5	31
3423.5	30
3424.5	22
3425.5	16
3426.5	31
3427.5	26
3428.5	25
3429.5	16
3430.5	29
3431.5	19
3432.5	22
3433.5	23
3434.5	21
3435.5	25
3436.5	24
3437.5	23
3438.5	15
3439.5	21
3440.5	27
3441.5	12
3442.5	28
3443.5	30
3444.5	16
3445.5	25
3446.5	22
3447.5	25
3448.5	19
3449.5	18
3450.5	29
3451.5	22
3452.5	19
3453.5	23
3454.5	21
3455.5	25
3456.5	28
3457.5	29
3458.5	26
3459.5	23
3460.5	28
3461.5	22
3462.5	20
3463.5	19
3464.5	23
3465.5	31
3466.5	21
3467.5	25
3468.5	24
3469.5	22
3470.5	22
3471.5	24
3472.5	19
3473.5	25
3474.5	19
3475.5	22
3476.5	27
3477.5	14
3478.5	28
3479.5	27
3480.5	23
3481.5	21
3482.5	26
3483.5	19
3484.5	20
3485.5	23
3486.5	17
3487.5	25
3488.5	17
3489.5	26
3490.5	23
3491.5	18
3492.5	15
3493.5	19
3494.5	27
3495.5	15
3496.5	22
3497.5	17
3498.5	24
3499.5	22
3500.5	19
3501.5	22
3502.5	20
3503.5	22
3504.5	20
3505.5	13
3506.5	23
3507.5	22
3508.5	23
3509.5	13
3510.5	28
3511.5	26
3512.5	18
3513.5	26
3514.5	24
3515.5	25
3516.5	22
3517.5	16
3518.5	21
3519.5	20
3520.5	22
3521.5	25
3522.5	20
3523.5	15
3524.5	18
3525.5	23
3526.5	23
3527.5	24
3528.5	20
3529.5	21
3530.5	21
3531.5	23
3532.5	14
3533.5	13
3534.5	21
3535.5	25
3536.5	15
3537.5	18
3538.5	16
3539.5	19
3540.5	25
3541.5	20
3542.5	25
3543.5	30
3544.5	23
3545.5	10
3546.5	21
3547.5	20
3548.5	25
3549.5	27
3550.5	23
3551.5	16
3552.5	21
3553.5	19
3554.5	24
3555.5	15
3556.5	22
3557.5	13
3558.5	16
3559.5	19
3560.5	21
3561.5	17
3562.5	23
3563.5	15
3564.5	20
3565.5	16
3566.5	26
3567.5	18
3568.5	19
3569.5	19
3570.5	14
3571.5	22
3572.5	20
3573.5	25
3574.5	25
3575.5	22
3576.5	21
3577.5	12
3578.5	18
3579.5	18
3580.5	21
3581.5	20
3582.5	20
3583.5	14
3584.5	13
3585.5	18
3586.5	13
3587.5	26
3588.5	21
3589.5	16
3590.5	17
3591.5	18
3592.5	19
3593.5	19
3594.5	23
3595.5	15
3596.5	16
3597.5	13
3598.5	24
3599.5	16
3600.5	15
3601.5	14
3602.5	29
3603.5	15
3604.5	21
3605.5	15
3606.5	14
3607.5	13
3608.5	21
3609.5	18
3610.5	10
3611.5	17
3612.5	18
3613.5	27
3614.5	30
3615.5	24
3616.5	18
3617.5	15
3618.5	15
3619.5	19
3620.5	24
3621.5	19
3622.5	19
3623.5	13
3624.5	18
3625.5	16
3626.5	23
3627.5	17
3628.5	21
3629.5	21
3630.5	22
3631.5	18
3632.5	21
3633.5	27
3634.5	26
3635.5	25
3636.5	28
3637.5	26
3638.5	21
3639.5	20
3640.5	32
3641.5	24
3642.5	17
3643.5	27
3644.5	31
3645.5	31
3646.5	19
3647.5	28
3648.5	19
3649.5	25
3650.5	18
3651.5	20
3652.5	37
3653.5	20
3654.5	22
3655.5	39
3656.5	32
3657.5	20
3658.5	34
3659.5	24
3660.5	31
3661.5	34
3662.5	32
3663.5	37
3664.5	40
3665.5	41
3666.5	41
3667.5	45
3668.5	31
3669.5	38
3670.5	49
3671.5	46
3672.5	50
3673.5	36
3674.5	38
3675.5	43
3676.5	40
3677.5	40
3678.5	55
3679.5	32
3680.5	54
3681.5	51
3682.5	58
3683.5	55
3684.5	47
3685.5	55
3686.5	60
3687.5	48
3688.5	44
3689.5	48
3690.5	72
3691.5	51
3692.5	50
3693.5	58
3694.5	61
3695.5	67
3696.5	63
3697.5	72
3698.5	49
3699.5	40
3700.5	60
3701.5	43
3702.5	51
3703.5	57
3704.5	45
3705.5	41
3706.5	68
3707.5	55
3708.5	42
3709.5	62
3710.5	51
3711.5	50
3712.5	47
3713.5	57
3714.5	49
3715.5	43
3716.5	52
3717.5	54
3718.5	55
3719.5	47
3720.5	48
3721.5	41
3722.5	50
3723.5	60
3724.5	61
3725.5	45
3726.5	43
3727.5	54
3728.5	44
3729.5	53
3730.5	65
3731.5	58
3732.5	47
3733.5	51
3734.5	51
3735.5	48
3736.5	57
3737.5	54
3738.5	42
3739.5	48
3740.5	47
3741.5	44
3742.5	38
3743.5	48
3744.5	30
3745.5	50
3746.5	51
3747.5	38
3748.5	47
3749.5	25
3750.5	37
3751.5	28
3752.5	43
3753.5	35
3754.5	35
3755.5	39
3756.5	31
3757.5	42
3758.5	28
3759.5	25
3760.5	30
3761.5	25
3762.5	39
3763.5	26
3764.5	33
3765.5	31
3766.5	34
3767.5	39
3768.5	39
3769.5	21
3770.5	35
3771.5	19
3772.5	30
3773.5	26
3774.5	36
3775.5	20
3776.5	21
3777.5	26
3778.5	22
3779.5	34
3780.5	35
3781.5	24
3782.5	19
3783.5	21
3784.5	32
3785.5	28
3786.5	24
3787.5	29
3788.5	26
3789.5	24
3790.5	35
3791.5	27
3792.5	22
3793.5	33
3794.5	31
3795.5	23
3796.5	26
3797.5	24
3798.5	22
3799.5	21
3800.5	14
3801.5	26
3802.5	24
3803.5	21
3804.5	30
3805.5	27
3806.5	24
3807.5	27
3808.5	22
3809.5	24
3810.5	22
3811.5	28
3812.5	25
3813.5	28
3814.5	20
3815.5	27
3816.5	27
3817.5	22
3818.5	25
3819.5	24
3820.5	21
3821.5	26
3822.5	17
3823.5	27
3824.5	18
3825.5	23
3826.5	25
3827.5	26
3828.5	15
3829.5	21
3830.5	32
3831.5	28
3832.5	30
3833.5	21
3834.5	31
3835.5	19
3836.5	22
3837.5	26
3838.5	26
3839.5	35
3840.5	24
3841.5	30
3842.5	20
3843.5	29
3844.5	30
3845.5	21
3846.5	28
3847.5	28
3848.5	25
3849.5	25
3850.5	22
3851.5	25
3852.5	31
3853.5	20
3854.5	17
3855.5	27
3856.5	24
3857.5	25
3858.5	15
3859.5	35
3860.5	16
3861.5	21
3862.5	28
3863.5	19
3864.5	30
3865.5	34
3866.5	22
3867.5	29
3868.5	19
3869.5	16
3870.5	31
3871.5	32
3872.5	11
3873.5	22
3874.5	16
3875.5	25
3876.5	27
3877.5	25
3878.5	20
3879.5	22
3880.5	27
3881.5	25
3882.5	24
3883.5	18
3884.5	26
3885.5	36
3886.5	27
3887.5	26
3888.5	21
3889.5	18
3890.5	18
3891.5	20
3892.5	26
3893.5	22
3894.5	35
3895.5	25
3896.5	22
3897.5	22
3898.5	20
3899.5	21
3900.5	28
3901.5	28
3902.5	28
3903.5	27
3904.5	19
3905.5	32
3906.5	19
3907.5	19
3908.5	17
3909.5	21
3910.5	17
3911.5	26
3912.5	19
3913.5	15
3914.5	31
3915.5	28
3916.5	21
3917.5	18
3918.5	15
3919.5	20
3920.5	23
3921.5	15
3922.5	25
3923.5	14
3924.5	23
3925.5	18
3926.5	14
3927.5	23
3928.5	27
3929.5	24
3930.5	21
3931.5	24
3932.5	13
3933.5	17
3934.5	10
3935.5	22
3936.5	22
3937.5	11
3938.5	16
3939.5	12
3940.5	18
3941.5	23
3942.5	16
3943.5	23
3944.5	15
3945.5	11
3946.5	16
3947.5	14
3948.5	19
3949.5	14
3950.5	16
3951.5	12
3952.5	15
3953.5	14
3954.5	19
3955.5	14
3956.5	19
3957.5	24
3958.5	14
3959.5	11
3960.5	10
3961.5	12
3962.5	15
3963.5	16
3964.5	15
3965.5	8
3966.5	8
3967.5	14
3968.5	16
3969.5	18
3970.5	14
3971.5	8
3972.5	12
3973.5	9
3974.5	8
3975.5	15
3976.5	10
3977.5	12
3978.5	18
3979.5	6
3980.5	10
3981.5	13
3982.5	6
3983.5	11
3984.5	5
3985.5	9
3986.5	15
3987.5	13
3988.5	9
3989.5	11
3990.5	11
3991.5	9
3992.5	12
3993.5	4
3994.5	9
3995.5	4
3996.5	9
3997.5	10
3998.5	11
3999.5	6
4000.5	8
4001.5	4
4002.5	7
4003.5	10
4004.5	6
4005.5	4
4006.5	10
4007.5	9
4008.5	7
4009.5	7
4010.5	7
4011.5	8
4012.5	4
4013.5	5
4014.5	8
4015.5	8
4016.5	10
4017.5	6
4018.5	8
4019.5	7
4020.5	9
4021.5	10
4022.5	5
4023.5	10
4024.5	4
4025.5	8
4026.5	6
4027.5	5
4028.5	5
4029.5	2
4030.5	7
4031.5	2
4032.5	5
4033.5	7
4034.5	6
4035.5	10
4036.5	9
4037.5	2
4038.5	2
4039.5	3
4040.5	7
4041.5	8
4042.5	11
4043.5	9
4044.5	5
4045.5	6
4046.5	5
4047.5	15
4048.5	5
4049.5	8
4050.5	14
4051.5	10
4052.5	8
4053.5	8
4054.5	8
4055.5	6
4056.5	8
4057.5	7
4058.5	14
4059.5	7
4060.5	21
4061.5	15
4062.5	19
4063.5	11
4064.5	22
4065.5	19
4066.5	14
4067.5	12
4068.5	14
4069.5	16
4070.5	17
4071.5	10
4072.5	31
4073.5	21
4074.5	32
4075.5	19
4076.5	33
4077.5	30
4078.5	21
4079.5	21
4080.5	29
4081.5	24
4082.5	28
4083.5	35
4084.5	25
4085.5	37
4086.5	32
4087.5	34
4088.5	25
4089.5	53
4090.5	26
4091.5	36
4092.5	38
4093.5	41
4094.5	52
4095.5	37
4096.5	36
4097.5	45
4098.5	30
4099.5	38
4100.5	40
4101.5	46
4102.5	50
4103.5	54
4104.5	45
4105.5	50
4106.5	42
4107.5	48
4108.5	51
4109.5	51
4110.5	72
4111.5	51
4112.5	53
4113.5	61
4114.5	51
4115.5	45
4116.5	65
4117.5	41
4118.5	41
4119.5	64
4120.5	51
4121.5	64
4122.5	45
4123.5	54
4124.5	53
4125.5	63
4126.5	47
4127.5	47
4128.5	52
4129.5	45
4130.5	46
4131.5	49
4132.5	68
4133.5	51
4134.5	60
4135.5	51
4136.5	33
4137.5	53
4138.5	46
4139.5	45
4140.5	53
4141.5	50
4142.5	35
4143.5	41
4144.5	43
4145.5	50
4146.5	34
4147.5	50
4148.5	40
4149.5	38
4150.5	45
4151.5	46
4152.5	48
4153.5	39
4154.5	33
4155.5	46
4156.5	30
4157.5	31
4158.5	42
4159.5	34
4160.5	32
4161.5	37
4162.5	26
4163.5	33
4164.5	32
4165.5	26
4166.5	34
4167.5	26
4168.5	25
4169.5	24
4170.5	17
4171.5	21
4172.5	29
4173.5	15
4174.5	19
4175.5	25
4176.5	21
4177.5	16
4178.5	26
4179.5	13
4180.5	16
4181.5	15
4182.5	19
4183.5	13
4184.5	15
4185.5	12
4186.5	15
4187.5	10
4188.5	11
4189.5	13
4190.5	11
4191.5	10
4192.5	7
4193.5	10
4194.5	9
4195.5	10
4196.5	7
4197.5	6
4198.5	11
4199.5	7
4200.5	5
4201.5	3
4202.5	8
4203.5	6
4204.5	6
4205.5	5
4206.5	0
4207.5	4
4208.5	2
4209.5	6
4210.5	4
4211.5	4
4212.5	5
4213.5	6
4214.5	3
4215.5	4
4216.5	6
4217.5	6
4218.5	3
4219.5	0
4220.5	4
4221.5	3
4222.5	3
4223.5	2
4224.5	1
4225.5	3
4226.5	4
4227.5	3
4228.5	1
4229.5	3
4230.5	4
4231.5	3
4232.5	3
4233.5	0
4234.5	1
4235.5	1
4236.5	2
4237.5	3
4238.5	1
4239.5	3
4240.5	3
4241.5	3
4242.5	4
4243.5	1
4244.5	3
4245.5	2
4246.5	1
4247.5	2
4248.5	1
4249.5	1
4250.5	1
4251.5	2
4252.5	1
4253.5	1
4254.5	0
4255.5	2
4256.5	2
4257.5	1
4258.5	3
4259.5	0
4260.5	2
4261.5	1
4262.5	1
4263.5	4
4264.5	1
4265.5	2
4266.5	4
4267.5	1
4268.5	2
4269.5	2
4270.5	1
4271.5	3
4272.5	5
4273.5	0
4274.5	2
4275.5	2
4276.5	1
4277.5	2
4278.5	5
4279.5	1
4280.5	3
4281.5	0
4282.5	3
4283.5	3
4284.5	0
4285.5	2
4286.5	0
4287.5	3
4288.5	1
4289.5	1
4290.5	0
4291.5	2
4292.5	0
4293.5	1
4294.5	0
4295.5	4
4296.5	3
4297.5	3
4298.5	1
4299.5	2
4300.5	3
4301.5	5
4302.5	0
4303.5	1
4304.5	2
4305.5	0
4306.5	2
4307.5	0
4308.5	2
4309.5	4
4310.5	1
4311.5	3
4312.5	1
4313.5	2
4314.5	1
4315.5	0
4316.5	0
4317.5	4
4318.5	0
4319.5	1
4320.5	3
4321.5	1
4322.5	0
4323.5	1
4324.5	3
4325.5	1
4326.5	4
4327.5	2
4328.5	0
4329.5	2
4330.5	2
4331.5	3
4332.5	0
4333.5	1
4334.5	1
4335.5	0
4336.5	3
4337.5	0
4338.5	1
4339.5	4
4340.5	0
4341.5	0
4342.5	2
4343.5	3
4344.5	0
4345.5	0
4346.5	2
4347.5	3
4348.5	2
4349.5	1
4350.5	2
4351.5	3
4352.5	0
4353.5	1
4354.5	2
4355.5	0
4356.5	0
4357.5	3
4358.5	1
4359.5	1
4360.5	1
4361.5	1
4362.5	2
4363.5	1
4364.5	1
4365.5	1
4366.5	1
4367.5	1
4368.5	4
4369.5	1
4370.5	1
4371.5	0
4372.5	3
4373.5	4
4374.5	1
4375.5	1
4376.5	2
4377.5	1
4378.5	1
4379.5	3
4380.5	1
4381.5	1
4382.5	1
4383.5	1
4384.5	1
4385.5	1
4386.5	3
4387.5	5
4388.5	3
4389.5	0
4390.5	1
4391.5	2
4392.5	2
4393.5	1
4394.5	3
4395.5	3
4396.5	2
4397.5	2
4398.5	1
4399.5	1
4400.5	1
4401.5	2
4402.5	3
4403.5	2
4404.5	4
4405.5	2
4406.5	1
4407.5	3
4408.5	0
4409.5	0
4410.5	3
4411.5	0
4412.5	4
4413.5	0
4414.5	0
4415.5	0
4416.5	0
4417.5	3
4418.5	1
4419.5	0
4420.5	0
4421.5	0
4422.5	1
4423.5	0
4424.5	1
4425.5	0
4426.5	1
4427.5	2
4428.5	2
4429.5	0
4430.5	4
4431.5	1
4432.5	3
4433.5	2
4434.5	4
4435.5	1
4436.5	1
4437.5	2
4438.5	3
4439.5	0
4440.5	2
4441.5	2
4442.5	3
4443.5	1
4444.5	2
4445.5	2
4446.5	0
4447.5	1
4448.5	0
4449.5	4
4450.5	0
4451.5	1
4452.5	2
4453.5	4
4454.5	1
4455.5	0
4456.5	4
4457.5	1
4458.5	3
4459.5	5
4460.5	3
4461.5	2
4462.5	1
4463.5	2
4464.5	4
4465.5	2
4466.5	2
4467.5	0
4468.5	0
4469.5	2
4470.5	1
4471.5	0
4472.5	2
4473.5	1
4474.5	2
4475.5	0
4476.5	1
4477.5	1
4478.5	4
4479.5	2
4480.5	1
4481.5	2
4482.5	2
4483.5	3
4484.5	3
4485.5	2
4486.5	1
4487.5	2
4488.5	2
4489.5	1
4490.5	4
4491.5	2
4492.5	0
4493.5	1
4494.5	1
4495.5	0
4496.5	2
4497.5	4
4498.5	1
4499.5	4
4500.5	1
4501.5	3
4502.5	2
4503.5	0
4504.5	1
4505.5	0
4506.5	3
4507.5	2
4508.5	1
4509.5	1
4510.5	2
4511.5	1
4512.5	2
4513.5	0
4514.5	1
4515.5	2
4516.5	0
4517.5	1
4518.5	5
4519.5	1
4520.5	0
4521.5	2
4522.5	0
4523.5	0
4524.5	1
4525.5	1
4526.5	3
4527.5	0
4528.5	2
4529.5	4
4530.5	1
4531.5	2
4532.5	2
4533.5	0
4534.5	3
4535.5	2
4536.5	3
4537.5	2
4538.5	1
4539.5	3
4540.5	1
4541.5	4
4542.5	1
4543.5	1
4544.5	0
4545.5	1
4546.5	5
4547.5	1
4548.5	0
4549.5	2
4550.5	2
4551.5	3
4552.5	3
4553.5	0
4554.5	0
4555.5	3
4556.5	1
4557.5	1
4558.5	2
4559.5	1
4560.5	0
4561.5	1
4562.5	2
4563.5	1
4564.5	0
4565.5	0
4566.5	1
4567.5	1
4568.5	3
4569.5	2
4570.5	0
4571.5	0
4572.5	1
4573.5	1
4574.5	2
4575.5	2
4576.5	0
4577.5	2
4578.5	3
4579.5	2
4580.5	1
4581.5	1
4582.5	3
4583.5	2
4584.5	3
4585.5	1
4586.5	1
4587.5	4
4588.5	1
4589.5	2
4590.5	2
4591.5	0
4592.5	1
4593.5	2
4594.5	2
4595.5	3
4596.5	1
4597.5	3
4598.5	3
4599.5	3
4600.5	1
4601.5	0
4602.5	1
4603.5	0
4604.5	0
4605.5	1
4606.5	2
4607.5	0
4608.5	0
4609.5	0
4610.5	3
4611.5	1
4612.5	5
4613.5	1
4614.5	0
4615.5	0
4616.5	4
4617.5	5
4618.5	2
4619.5	2
4620.5	1
4621.5	2
4622.5	0
4623.5	3
4624.5	1
4625.5	0
4626.5	3
4627.5	1
4628.5	1
4629.5	2
4630.5	3
4631.5	2
4632.5	0
4633.5	5
4634.5	1
4635.5	1
4636.5	3
4637.5	3
4638.5	2
4639.5	3
4640.5	1
4641.5	1
4642.5	1
4643.5	1
4644.5	3
4645.5	0
4646.5	2
4647.5	2
4648.5	3
4649.5	4
4650.5	4
4651.5	2
4652.5	1
4653.5	4
4654.5	3
4655.5	2
4656.5	1
4657.5	4
4658.5	1
4659.5	2
4660.5	1
4661.5	4
4662.5	4
4663.5	1
4664.5	1
4665.5	5
4666.5	3
4667.5	1
4668.5	1
4669.5	4
4670.5	5
4671.5	2
4672.5	1
4673.5	1
4674.5	3
4675.5	2
4676.5	3
4677.5	4
4678.5	3
4679.5	2
4680.5	2
4681.5	3
4682.5	4
4683.5	1
4684.5	6
4685.5	1
4686.5	2
4687.5	1
4688.5	5
4689.5	1
4690.5	1
4691.5	1
4692.5	3
4693.5	3
4694.5	1
4695.5	3
4696.5	0
4697.5	4
4698.5	6
4699.5	0
4700.5	2
4701.5	0
4702.5	0
4703.5	1
4704.5	0
4705.5	0
4706.5	4
4707.5	2
4708.5	2
4709.5	3
4710.5	1
4711.5	3
4712.5	1
4713.5	1
4714.5	1
4715.5	1
4716.5	2
4717.5	1
4718.5	1
4719.5	0
4720.5	2
4721.5	0
4722.5	1
4723.5	2
4724.5	0
4725.5	1
4726.5	3
4727.5	2
4728.5	3
4729.5	1
4730.5	1
4731.5	3
4732.5	1
4733.5	2
4734.5	1
4735.5	3
4736.5	1
4737.5	0
4738.5	2
4739.5	1
4740.5	0
4741.5	1
4742.5	0
4743.5	1
4744.5	2
4745.5	4
4746.5	2
4747.5	2
4748.5	2
4749.5	1
4750.5	0
4751.5	1
4752.5	1
4753.5	1
4754.5	0
4755.5	1
4756.5	1
4757.5	0
4758.5	1
4759.5	2
4760.5	2
4761.5	1
4762.5	1
4763.5	2
4764.5	1
4765.5	0
4766.5	1
4767.5	4
4768.5	5
4769.5	0
4770.5	1
4771.5	1
4772.5	2
4773.5	1
4774.5	2
4775.5	3
4776.5	2
4777.5	3
4778.5	2
4779.5	1
4780.5	0
4781.5	1
4782.5	2
4783.5	1
4784.5	5
4785.5	1
4786.5	0
4787.5	2
4788.5	1
4789.5	2
4790.5	2
4791.5	1
4792.5	3
4793.5	0
4794.5	2
4795.5	3
4796.5	0
4797.5	1
4798.5	3
4799.5	1
4800.5	0
4801.5	3
4802.5	0
4803.5	0
4804.5	3
4805.5	1
4806.5	1
4807.5	3
4808.5	3
4809.5	3
4810.5	1
4811.5	3
4812.5	2
4813.5	1
4814.5	1
4815.5	0
4816.5	1
4817.5	1
4818.5	2
4819.5	1
4820.5	1
4821.5	0
4822.5	1
4823.5	1
4824.5	0
4825.5	1
4826.5	1
4827.5	0
4828.5	1
4829.5	2
4830.5	1
4831.5	2
4832.5	1
4833.5	1
4834.5	3
4835.5	1
4836.5	4
4837.5	1
4838.5	0
4839.5	2
4840.5	0
4841.5	5
4842.5	2
4843.5	1
4844.5	1
4845.5	2
4846.5	0
4847.5	1
4848.5	2
4849.5	3
4850.5	2
4851.5	1
4852.5	5
4853.5	0
4854.5	2
4855.5	2
4856.5	1
4857.5	0
4858.5	3
4859.5	4
4860.5	1
4861.5	4
4862.5	4
4863.5	0
4864.5	2
4865.5	1
4866.5	4
4867.5	0
4868.5	1
4869.5	1
4870.5	3
4871.5	2
4872.5	1
4873.5	1
4874.5	1
4875.5	0
4876.5	3
4877.5	1
4878.5	1
4879.5	0
4880.5	1
4881.5	1
4882.5	0
4883.5	1
4884.5	2
4885.5	3
4886.5	0
4887.5	1
4888.5	2
4889.5	0
4890.5	3
4891.5	3
4892.5	2
4893.5	2
4894.5	3
4895.5	2
4896.5	0
4897.5	5
4898.5	0
4899.5	1
4900.5	0
4901.5	1
4902.5	0
4903.5	2
4904.5	3
4905.5	0
4906.5	0
4907.5	3
4908.5	2
4909.5	1
4910.5	1
4911.5	1
4912.5	2
4913.5	2
4914.5	2
4915.5	1
4916.5	1
4917.5	2
4918.5	1
4919.5	0
4920.5	0
4921.5	1
4922.5	0
4923.5	2
4924.5	2
4925.5	1
4926.5	1
4927.5	1
4928.5	3
4929.5	3
4930.5	2
4931.5	1
4932.5	1
4933.5	2
4934.5	4
4935.5	2
4936.5	1
4937.5	1
4938.5	0
4939.5	4
4940.5	0
4941.5	5
4942.5	1
4943.5	4
4944.5	0
4945.5	1
4946.5	2
4947.5	0
4948.5	2
4949.5	2
4950.5	3
4951.5	2
4952.5	2
4953.5	0
4954.5	0
4955.5	0
4956.5	3
4957.5	3
4958.5	1
4959.5	3
4960.5	1
4961.5	2
4962.5	0
4963.5	2
4964.5	4
4965.5	1
4966.5	2
4967.5	3
4968.5	1
4969.5	1
4970.5	2
4971.5	3
4972.5	2
4973.5	1
4974.5	2
4975.5	1
4976.5	3
4977.5	0
4978.5	1
4979.5	0
4980.5	1
4981.5	2
4982.5	1
4983.5	2
4984.5	3
4985.5	0
4986.5	1
4987.5	1
4988.5	1
4989.5	0
4990.5	3
4991.5	0
4992.5	1
4993.5	2
4994.5	2
4995.5	3
4996.5	2
4997.5	3
4998.5	3
4999.5	0
5000.5	2
5001.5	1
5002.5	1
5003.5	1
5004.5	1
5005.5	3
5006.5	1
5007.5	4
5008.5	2
5009.5	2
5010.5	3
5011.5	3
5012.5	0
5013.5	1
5014.5	2
5015.5	0
5016.5	3
5017.5	2
5018.5	3
5019.5	6
5020.5	2
5021.5	3
5022.5	2
5023.5	2
5024.5	2
5025.5	3
5026.5	5
5027.5	0
5028.5	1
5029.5	2
5030.5	3
5031.5	5
5032.5	1
5033.5	1
5034.5	3
5035.5	1
5036.5	2
5037.5	3
5038.5	2
5039.5	2
5040.5	3
5041.5	3
5042.5	4
5043.5	2
5044.5	0
5045.5	4
5046.5	2
5047.5	4
5048.5	3
5049.5	5
5050.5	1
5051.5	3
5052.5	2
5053.5	2
5054.5	0
5055.5	4
5056.5	2
5057.5	2
5058.5	1
5059.5	5
5060.5	1
5061.5	1
5062.5	1
5063.5	1
5064.5	4
5065.5	2
5066.5	3
5067.5	2
5068.5	4
5069.5	1
5070.5	5
5071.5	0
5072.5	3
5073.5	1
5074.5	1
5075.5	0
5076.5	2
5077.5	1
5078.5	0
5079.5	2
5080.5	1
5081.5	1
5082.5	2
5083.5	0
5084.5	2
5085.5	5
5086.5	3
5087.5	1
5088.5	1
5089.5	2
5090.5	2
5091.5	3
5092.5	0
5093.5	2
5094.5	0
5095.5	1
5096.5	0
5097.5	3
5098.5	1
5099.5	1
5100.5	2
5101.5	0
5102.5	2
5103.5	0
5104.5	4
5105.5	2
5106.5	1
5107.5	0
5108.5	2
5109.5	1
5110.5	1
5111.5	1
5112.5	1
5113.5	1
5114.5	3
5115.5	2
5116.5	4
5117.5	3
5118.5	3
5119.5	2
5120.5	1
5121.5	4
5122.5	1
5123.5	2
5124.5	3
5125.5	3
5126.5	1
5127.5	0
5128.5	0
5129.5	0
5130.5	2
5131.5	1
5132.5	0
5133.5	1
5134.5	2
5135.5	3
5136.5	3
5137.5	0
5138.5	1
5139.5	2
5140.5	2
5141.5	2
5142.5	2
5143.5	1
5144.5	3
5145.5	2
5146.5	3
5147.5	5
5148.5	1
5149.5	2
5150.5	5
5151.5	2
5152.5	1
5153.5	5
5154.5	2
5155.5	0
5156.5	1
5157.5	2
5158.5	1
5159.5	2
5160.5	2
5161.5	1
5162.5	1
5163.5	1
5164.5	1
5165.5	1
5166.5	0
5167.5	1
5168.5	1
5169.5	2
5170.5	1
5171.5	1
5172.5	2
5173.5	0
5174.5	3
5175.5	1
5176.5	4
5177.5	0
5178.5	1
5179.5	3
5180.5	1
5181.5	3
5182.5	3
5183.5	2
5184.5	3
5185.5	1
5186.5	2
5187.5	0
5188.5	1
5189.5	3
5190.5	1
5191.5	3
5192.5	0
5193.5	2
5194.5	2
5195.5	0
5196.5	0
5197.5	2
5198.5	0
5199.5	2
5200.5	3
5201.5	2
5202.5	1
5203.5	2
5204.5	0
5205.5	4
5206.5	2
5207.5	2
5208.5	1
5209.5	4
5210.5	1
5211.5	0
5212.5	1
5213.5	4
5214.5	1
5215.5	1
5216.5	4
5217.5	3
5218.5	4
5219.5	0
5220.5	5
5221.5	3
5222.5	2
5223.5	2
5224.5	4
5225.5	2
5226.5	4
5227.5	4
5228.5	2
5229.5	2
5230.5	4
5231.5	2
5232.5	1
5233.5	4
5234.5	3
5235.5	1
5236.5	1
5237.5	2
5238.5	1
5239.5	2
5240.5	1
5241.5	0
5242.5	1
5243.5	2
5244.5	0
5245.5	2
5246.5	1
5247.5	2
5248.5	0
5249.5	1
5250.5	3
5251.5	0
5252.5	1
5253.5	3
5254.5	3
5255.5	1
5256.5	1
5257.5	1
5258.5	3
5259.5	3
5260.5	1
5261.5	2
5262.5	1
5263.5	0
5264.5	4
5265.5	3
5266.5	2
5267.5	1
5268.5	1
5269.5	4
5270.5	1
5271.5	1
5272.5	1
5273.5	4
5274.5	5
5275.5	3
5276.5	0
5277.5	5
5278.5	1
5279.5	0
5280.5	1
5281.5	2
5282.5	2
5283.5	4
5284.5	1
5285.5	2
5286.5	1
5287.5	0
5288.5	2
5289.5	4
5290.5	4
5291.5	2
5292.5	1
5293.5	0
5294.5	1
5295.5	1
5296.5	2
5297.5	1
5298.5	2
5299.5	0
5300.5	3
5301.5	2
5302.5	2
5303.5	0
5304.5	0
5305.5	0
5306.5	2
5307.5	1
5308.5	0
5309.5	2
5310.5	0
5311.5	0
5312.5	1
5313.5	2
5314.5	2
5315.5	1
5316.5	4
5317.5	0
5318.5	1
5319.5	2
5320.5	1
5321.5	1
5322.5	2
5323.5	3
5324.5	1
5325.5	6
5326.5	3
5327.5	1
5328.5	1
5329.5	4
5330.5	1
5331.5	1
5332.5	3
5333.5	1
5334.5	0
5335.5	2
5336.5	3
5337.5	0
5338.5	2
5339.5	0
5340.5	2
5341.5	2
5342.5	2
5343.5	5
5344.5	0
5345.5	2
5346.5	3
5347.5	4
5348.5	2
5349.5	4
5350.5	3
5351.5	1
5352.5	3
5353.5	4
5354.5	2
5355.5	3
5356.5	2
5357.5	3
5358.5	5
5359.5	3
5360.5	2
5361.5	4
5362.5	1
5363.5	1
5364.5	1
5365.5	2
5366.5	3
5367.5	4
5368.5	2
5369.5	2
5370.5	3
5371.5	2
5372.5	1
5373.5	0
5374.5	0
5375.5	1
5376.5	1
5377.5	0
5378.5	4
5379.5	1
5380.5	5
5381.5	1
5382.5	3
5383.5	1
5384.5	2
5385.5	2
5386.5	3
5387.5	4
5388.5	1
5389.5	3
5390.5	6
5391.5	2
5392.5	1
5393.5	2
5394.5	3
5395.5	3
5396.5	0
5397.5	8
5398.5	1
5399.5	2
5400.5	3
5401.5	3
5402.5	2
5403.5	2
5404.5	2
5405.5	3
5406.5	1
5407.5	3
5408.5	2
5409.5	3
5410.5	0
5411.5	2
5412.5	2
5413.5	4
5414.5	4
5415.5	1
5416.5	2
5417.5	4
5418.5	2
5419.5	1
5420.5	2
5421.5	2
5422.5	1
5423.5	2
5424.5	3
5425.5	3
5426.5	1
5427.5	0
5428.5	2
5429.5	1
5430.5	0
5431.5	2
5432.5	2
5433.5	2
5434.5	3
5435.5	4
5436.5	0
5437.5	2
5438.5	2
5439.5	1
5440.5	2
5441.5	6
5442.5	0
5443.5	2
5444.5	5
5445.5	0
5446.5	2
5447.5	1
5448.5	2
5449.5	2
5450.5	1
5451.5	0
5452.5	1
5453.5	0
5454.5	1
5455.5	1
5456.5	1
5457.5	1
5458.5	1
5459.5	2
5460.5	0
5461.5	0
5462.5	1
5463.5	3
5464.5	3
5465.5	1
5466.5	3
5467.5	3
5468.5	3
5469.5	1
5470.5	1
5471.5	2
5472.5	1
5473.5	1
5474.5	1
5475.5	1
5476.5	0
5477.5	3
5478.5	0
5479.5	4
5480.5	3
5481.5	1
5482.5	3
5483.5	1
5484.5	1
5485.5	3
5486.5	2
5487.5	0
5488.5	2
5489.5	1
5490.5	1
5491.5	0
5492.5	1
5493.5	2
5494.5	3
5495.5	2
5496.5	2
5497.5	1
5498.5	1
5499.5	2
5500.5	1
5501.5	0
5502.5	1
5503.5	0
5504.5	3
5505.5	0
5506.5	0
5507.5	1
5508.5	0
5509.5	1
5510.5	3
5511.5	3
5512.5	1
5513.5	1
5514.5	1
5515.5	2
5516.5	3
5517.5	1
5518.5	3
5519.5	1
5520.5	3
5521.5	3
5522.5	4
5523.5	4
5524.5	1
5525.5	4
5526.5	0
5527.5	0
5528.5	3
5529.5	1
5530.5	1
5531.5	5
5532.5	4
5533.5	2
5534.5	3
5535.5	3
5536.5	1
5537.5	3
5538.5	1
5539.5	0
5540.5	2
5541.5	1
5542.5	0
5543.5	2
5544.5	1
5545.5	1
5546.5	0
5547.5	2
5548.5	4
5549.5	1
5550.5	1
5551.5	3
5552.5	0
5553.5	1
5554.5	1
5555.5	1
5556.5	1
5557.5	2
5558.5	3
5559.5	1
5560.5	3
5561.5	1
5562.5	0
5563.5	3
5564.5	1
5565.5	0
5566.5	2
5567.5	2
5568.5	3
5569.5	4
5570.5	3
5571.5	1
5572.5	2
5573.5	3
5574.5	1
5575.5	0
5576.5	2
5577.5	1
5578.5	2
5579.5	1
5580.5	1
5581.5	1
5582.5	0
5583.5	3
5584.5	0
5585.5	1
5586.5	2
5587.5	1
5588.5	2
5589.5	0
5590.5	2
5591.5	3
5592.5	2
5593.5	3
5594.5	3
5595.5	0
5596.5	0
5597.5	2
5598.5	3
5599.5	2
5600.5	1
5601.5	3
5602.5	1
5603.5	1
5604.5	1
5605.5	0
5606.5	1
5607.5	3
5608.5	3
5609.5	1
5610.5	1
5611.5	1
5612.5	4
5613.5	1
5614.5	1
5615.5	2
5616.5	1
5617.5	3
5618.5	1
5619.5	0
5620.5	4
5621.5	0
5622.5	2
5623.5	0
5624.5	0
5625.5	0
5626.5	1
5627.5	1
5628.5	0
5629.5	1
5630.5	1
5631.5	1
5632.5	4
5633.5	1
5634.5	1
5635.5	3
5636.5	1
5637.5	1
5638.5	4
5639.5	2
5640.5	2
5641.5	1
5642.5	2
5643.5	2
5644.5	1
5645.5	3
5646.5	2
5647.5	1
5648.5	1
5649.5	2
5650.5	1
5651.5	5
5652.5	2
5653.5	2
5654.5	0
5655.5	1
5656.5	3
5657.5	2
5658.5	0
5659.5	2
5660.5	1
5661.5	2
5662.5	2
5663.5	2
5664.5	0
5665.5	0
5666.5	1
5667.5	3
5668.5	1
5669.5	2
5670.5	2
5671.5	1
5672.5	0
5673.5	3
5674.5	5
5675.5	0
5676.5	0
5677.5	1
5678.5	0
5679.5	2
5680.5	1
5681.5	1
5682.5	2
5683.5	2
5684.5	2
5685.5	4
5686.5	2
5687.5	1
5688.5	3
5689.5	0
5690.5	2
5691.5	2
5692.5	2
5693.5	0
5694.5	3
5695.5	3
5696.5	1
5697.5	1
5698.5	0
5699.5	1
5700.5	0
5701.5	1
5702.5	1
5703.5	1
5704.5	1
5705.5	3
5706.5	3
5707.5	0
5708.5	2
5709.5	2
5710.5	0
5711.5	1
5712.5	2
5713.5	3
5714.5	1
5715.5	2
5716.5	1
5717.5	3
5718.5	3
5719.5	0
5720.5	2
5721.5	0
5722.5	3
5723.5	2
5724.5	4
5725.5	0
5726.5	3
5727.5	4
5728.5	2
5729.5	3
5730.5	0
5731.5	4
5732.5	1
5733.5	0
5734.5	1
5735.5	0
5736.5	0
5737.5	1
5738.5	1
5739.5	2
5740.5	2
5741.5	2
5742.5	1
5743.5	1
5744.5	1
5745.5	1
5746.5	0
5747.5	2
5748.5	3
5749.5	4
5750.5	1
5751.5	0
5752.5	1
5753.5	1
5754.5	1
5755.5	2
5756.5	2
5757.5	0
5758.5	1
5759.5	2
5760.5	0
5761.5	3
5762.5	1
5763.5	1
5764.5	2
5765.5	1
5766.5	2
5767.5	0
5768.5	1
5769.5	0
5770.5	2
5771.5	0
5772.5	3
5773.5	1
5774.5	0
5775.5	1
5776.5	1
5777.5	1
5778.5	2
5779.5	1
5780.5	1
5781.5	1
5782.5	1
5783.5	1
5784.5	4
5785.5	3
5786.5	0
5787.5	1
5788.5	0
5789.5	1
5790.5	1
5791.5	2
5792.5	1
5793.5	2
5794.5	2
5795.5	3
5796.5	1
5797.5	0
5798.5	0
5799.5	5
5800.5	2
5801.5	0
5802.5	1
5803.5	1
5804.5	0
5805.5	1
5806.5	1
5807.5	1
5808.5	0
5809.5	1
5810.5	0
5811.5	3
5812.5	0
5813.5	1
5814.5	0
5815.5	1
5816.5	2
5817.5	2
5818.5	0
5819.5	1
5820.5	0
5821.5	0
5822.5	2
5823.5	2
5824.5	0
5825.5	1
5826.5	1
5827.5	0
5828.5	0
5829.5	3
5830.5	0
5831.5	1
5832.5	0
5833.5	1
5834.5	0
5835.5	0
5836.5	0
5837.5	0
5838.5	1
5839.5	0
5840.5	1
5841.5	1
5842.5	0
5843.5	0
5844.5	1
5845.5	1
5846.5	0
5847.5	0
5848.5	0
5849.5	1
5850.5	0
5851.5	0
5852.5	1
5853.5	0
5854.5	1
5855.5	1
5856.5	0
5857.5	0
5858.5	1
5859.5	0
5860.5	0
5861.5	0
5862.5	0
5863.5	0
5864.5	0
5865.5	0
5866.5	0
5867.5	0
5868.5	0
5869.5	1
5870.5	0
5871.5	0
5872.5	0
5873.5	0
5874.5	0
5875.5	0
5876.5	1
5877.5	0
5878.5	0
5879.5	0
5880.5	0
5881.5	0
5882.5	0
5883.5	0
5884.5	0
5885.5	1
5886.5	0
5887.5	0
5888.5	0
5889.5	0
5890.5	0
5891.5	0
5892.5	0
5893.5	0
5894.5	0
5895.5	0
5896.5	0
5897.5	0
5898.5	0
5899.5	0
5900.5	0
5901.5	0
5902.5	0
5903.5	0
5904.5	0
5905.5	0
5906.5	0
5907.5	0
5908.5	0
5909.5	0
5910.5	0
5911.5	0
5912.5	0
5913.5	0
5914.5	0
5915.5	0
5916.5	0
5917.5	0
5918.5	0
5919.5	0
5920.5	0
5921.5	0
5922.5	0
5923.5	0
5924.5	0
5925.5	0
5926.5	0
5927.5	0
5928.5	0
5929.5	0
5930.5	0
5931.5	0
5932.5	0
5933.5	0
5934.5	0
5935.5	0
5936.5	0
5937.5	0
5938.5	0
5939.5	0
5940.5	0
5941.5	0
5942.5	0
5943.5	0
5944.5	0
5945.5	0
5946.5	0
5947.5	0
5948.5	0
5949.5	0
5950.5	0
5951.5	0
5952.5	0
5953.5	0
5954.5	0
5955.5	0
5956.5	0
5957.5	0
5958.5	0
5959.5	0
5960.5	0
5961.5	0
5962.5	1
5963.5	0
5964.5	0
5965.5	0
5966.5	0
5967.5	0
5968.5	0
5969.5	0
5970.5	0
5971.5	0
5972.5	0
5973.5	0
5974.5	0
5975.5	0
5976.5	0
5977.5	0
5978.5	0
5979.5	0
5980.5	0
5981.5	0
5982.5	0
5983.5	0
5984.5	0
5985.5	0
5986.5	0
5987.5	0
5988.5	0
5989.5	0
5990.5	0
5991.5	0
5992.5	0
5993.5	0
5994.5	0
5995.5	0
5996.5	0
5997.5	0
5998.5	0
5999.5	0
6000.5	0
6001.5	0
6002.5	0
6003.5	0
6004.5	0
6005.5	0
6006.5	0
6007.5	0
6008.5	0
6009.5	0
6010.5	0
6011.5	0
6012.5	0
6013.5	0
6014.5	0
6015.5	0
6016.5	0
6017.5	0
6018.5	0
6019.5	0
6020.5	0
6021.5	0
6022.5	0
6023.5	0
6024.5	0
6025.5	0
6026.5	0
6027.5	0
6028.5	0
6029.5	0
6030.5	0
6031.5	0
6032.5	0
6033.5	0
6034.5	0
6035.5	0
6036.5	0
6037.5	0
6038.5	0
6039.5	0
6040.5	0
6041.5	0
6042.5	0
6043.5	0
6044.5	0
6045.5	0
6046.5	0
6047.5	0
6048.5	0
6049.5	0
6050.5	0
6051.5	0
6052.5	0
6053.5	0
6054.5	0
6055.5	0
6056.5	0
6057.5	0
6058.5	0
6059.5	0
6060.5	0
6061.5	0
6062.5	0
6063.5	0
6064.5	0
6065.5	0
6066.5	0
6067.5	0
6068.5	0
6069.5	0
6070.5	0
6071.5	0
6072.5	0
6073.5	0
6074.5	0
6075.5	0
6076.5	0
6077.5	0
6078.5	0
6079.5	0
6080.5	0
6081.5	0
6082.5	0
6083.5	0
6084.5	0
6085.5	0
6086.5	0
6087.5	0
6088.5	0
6089.5	0
6090.5	0
6091.5	0
6092.5	0
6093.5	0
6094.5	0
6095.5	0
6096.5	0
6097.5	0
6098.5	0
6099.5	0
6100.5	0
6101.5	0
6102.5	0
6103.5	0
6104.5	0
6105.5	0
6106.5	0
6107.5	0
6108.5	0
6109.5	0
6110.5	0
6111.5	0
6112.5	0
6113.5	0
6114.5	0
6115.5	0
6116.5	0
6117.5	0
6118.5	0
6119.5	0
6120.5	0
6121.5	0
6122.5	0
6123.5	0
6124.5	0
6125.5	0
6126.5	0
6127.5	0
6128.5	0
6129.5	0
6130.5	0
6131.5	0
6132.5	0
6133.5	0
6134.5	0
6135.5	0
6136.5	0
6137.5	0
6138.5	0
6139.5	0
6140.5	0
6141.5	0
6142.5	0
6143.5	0
6144.5	0
6145.5	0
6146.5	0
6147.5	0
6148.5	0
6149.5	0
6150.5	0
6151.5	0
6152.5	0
6153.5	0
6154.5	0
6155.5	0
6156.5	0
6157.5	0
6158.5	0
6159.5	0
6160.5	0
6161.5	0
6162.5	0
6163.5	0
6164.5	0
6165.5	0
6166.5	0
6167.5	0
6168.5	0
6169.5	0
6170.5	0
6171.5	0
6172.5	0
6173.5	0
6174.5	0
6175.5	0
6176.5	0
6177.5	0
6178.5	0
6179.5	0
6180.5	0
6181.5	0
6182.5	0
6183.5	0
6184.5	0
6185.5	0
6186.5	0
6187.5	0
6188.5	0
6189.5	0
6190.5	0
6191.5	0
6192.5	0
6193.5	0
6194.5	0
6195.5	0
6196.5	0
6197.5	0
6198.5	0
6199.5	0
6200.5	0
6201.5	0
6202.5	0
6203.5	0
6204.5	0
6205.5	0
6206.5	0
6207.5	0
6208.5	0
6209.5	0
6210.5	0
6211.5	0
6212.5	0
6213.5	0
6214.5	0
6215.5	0
6216.5	0
6217.5	0
6218.5	0
6219.5	0
6220.5	0
6221.5	0
6222.5	0
6223.5	0
6224.5	0
6225.5	0
6226.5	0
6227.5	0
6228.5	0
6229.5	0
6230.5	0
6231.5	0
6232.5	0
6233.5	0
6234.5	0
6235.5	0
6236.5	0
6237.5	0
6238.5	0
6239.5	0
6240.5	0
6241.5	0
6242.5	0
6243.5	0
6244.5	0
6245.5	0
6246.5	0
6247.5	0
6248.5	0
6249.5	0
6250.5	0
6251.5	0
6252.5	0
6253.5	0
6254.5	0
6255.5	0
6256.5	0
6257.5	0
6258.5	0
6259.5	0
6260.5	0
6261.5	0
6262.5	0
6263.5	0
6264.5	0
6265.5	0
6266.5	0
6267.5	0
6268.5	0
6269.5	0
6270.5	0
6271.5	0
6272.5	0
6273.5	0
6274.5	0
6275.5	0
6276.5	0
6277.5	0
6278.5	0
6279.5	0
6280.5	0
6281.5	0
6282.5	0
6283.5	0
6284.5	0
6285.5	0
6286.5	0
6287.5	0
6288.5	0
6289.5	0
6290.5	0
6291.5	0
6292.5	0
6293.5	0
6294.5	0
6295.5	0
6296.5	0
6297.5	0
6298.5	0
6299.5	0
6300.5	0
6301.5	0
6302.5	0
6303.5	0
6304.5	0
6305.5	0
6306.5	0
6307.5	0
6308.5	0
6309.5	0
6310.5	0
6311.5	0
6312.5	0
6313.5	0
6314.5	0
6315.5	0
6316.5	0
6317.5	0
6318.5	0
6319.5	0
6320.5	0
6321.5	0
6322.5	0
6323.5	0
6324.5	0
6325.5	0
6326.5	0
6327.5	0
6328.5	0
6329.5	0
6330.5	0
6331.5	0
6332.5	0
6333.5	0
6334.5	0
6335.5	0
6336.5	0
6337.5	0
6338.5	0
6339.5	0
6340.5	0
6341.5	0
6342.5	0
6343.5	0
6344.5	0
6345.5	0
6346.5	0
6347.5	0
6348.5	0
6349.5	0
6350.5	0
6351.5	0
6352.5	0
6353.5	0
6354.5	0
6355.5	0
6356.5	0
6357.5	0
6358.5	0
6359.5	0
6360.5	0
6361.5	0
6362.5	0
6363.5	0
6364.5	0
6365.5	0
6366.5	0
6367.5	0
6368.5	0
6369.5	0
6370.5	0
6371.5	0
6372.5	0
6373.5	0
6374.5	0
6375.5	0
6376.5	0
6377.5	0
6378.5	0
6379.5	0
6380.5	0
6381.5	0
6382.5	0
6383.5	0
6384.5	0
6385.5	0
6386.5	0
6387.5	0
6388.5	0
6389.5	0
6390.5	0
6391.5	0
6392.5	0
6393.5	0
6394.5	0
6395.5	0
6396.5	0
6397.5	0
6398.5	0
6399.5	0
6400.5	0
6401.5	0
6402.5	0
6403.5	0
6404.5	0
6405.5	0
6406.5	0
6407.5	0
6408.5	0
6409.5	0
6410.5	0
6411.5	0
6412.5	0
6413.5	0
6414.5	0
6415.5	0
6416.5	0
6417.5	0
6418.5	0
6419.5	0
6420.5	0
6421.5	0
6422.5	0
6423.5	0
6424.5	0
6425.5	0
6426.5	0
6427.5	0
6428.5	0
6429.5	0
6430.5	0
6431.5	0
6432.5	0
6433.5	0
6434.5	0
6435.5	0
6436.5	0
6437.5	0
6438.5	0
6439.5	0
6440.5	0
6441.5	0
6442.5	0
6443.5	0
6444.5	0
6445.5	0
6446.5	0
6447.5	0
6448.5	0
6449.5	0
6450.5	0
6451.5	0
6452.5	0
6453.5	0
6454.5	0
6455.5	0
6456.5	0
6457.5	0
6458.5	0
6459.5	0
6460.5	0
6461.5	0
6462.5	0
6463.5	0
6464.5	0
6465.5	0
6466.5	0
6467.5	0
6468.5	0
6469.5	0
6470.5	0
6471.5	0
6472.5	0
6473.5	0
6474.5	0
6475.5	0
6476.5	0
6477.5	0
6478.5	0
6479.5	0
6480.5	0
6481.5	0
6482.5	0
6483.5	0
6484.5	0
6485.5	0
6486.5	0
6487.5	0
6488.5	0
6489.5	0
6490.5	0
6491.5	0
6492.5	0
6493.5	0
6494.5	0
6495.5	0
6496.5	0
6497.5	0
6498.5	0
6499.5	0
6500.5	0
6501.5	0
6502.5	0
6503.5	0
6504.5	0
6505.5	0
6506.5	0
6507.5	0
6508.5	0
6509.5	0
6510.5	0
6511.5	0
6512.5	0
6513.5	0
6514.5	0
6515.5	0
6516.5	0
6517.5	0
6518.5	0
6519.5	0
6520.5	0
6521.5	0
6522.5	0
6523.5	0
6524.5	0
6525.5	0
6526.5	0
6527.5	0
6528.5	0
6529.5	0
6530.5	0
6531.5	0
6532.5	0
6533.5	0
6534.5	0
6535.5	0
6536.5	0
6537.5	0
6538.5	0
6539.5	0
6540.5	0
6541.5	0
6542.5	0
6543.5	0
6544.5	0
6545.5	0
6546.5	0
6547.5	0
6548.5	0
6549.5	0
6550.5	0
6551.5	0
6552.5	0
6553.5	0
6554.5	0
6555.5	0
6556.5	0
6557.5	0
6558.5	0
6559.5	0
6560.5	0
6561.5	0
6562.5	0
6563.5	0
6564.5	0
6565.5	0
6566.5	0
6567.5	0
6568.5	0
6569.5	0
6570.5	0
6571.5	0
6572.5	0
6573.5	0
6574.5	0
6575.5	0
6576.5	0
6577.5	0
6578.5	0
6579.5	0
6580.5	0
6581.5	0
6582.5	0
6583.5	0
6584.5	0
6585.5	0
6586.5	0
6587.5	0
6588.5	0
6589.5	0
6590.5	0
6591.5	0
6592.5	0
6593.5	0
6594.5	0
6595.5	0
6596.5	0
6597.5	0
6598.5	0
6599.5	0
6600.5	0
6601.5	0
6602.5	0
6603.5	0
6604.5	0
6605.5	0
6606.5	0
6607.5	0
6608.5	0
6609.5	0
6610.5	0
6611.5	0
6612.5	0
6613.5	0
6614.5	0
6615.5	0
6616.5	0
6617.5	0
6618.5	0
6619.5	0
6620.5	0
6621.5	0
6622.5	0
6623.5	0
6624.5	0
6625.5	0
6626.5	0
6627.5	0
6628.5	0
6629.5	0
6630.5	0
6631.5	0
6632.5	0
6633.5	0
6634.5	0
6635.5	0
6636.5	0
6637.5	0
6638.5	0
6639.5	0
6640.5	0
6641.5	0
6642.5	0
6643.5	0
6644.5	0
6645.5	0
6646.5	0
6647.5	0
6648.5	0
6649.5	0
6650.5	0
6651.5	0
6652.5	0
6653.5	0
6654.5	0
6655.5	0
6656.5	0
6657.5	0
6658.5	0
6659.5	0
6660.5	0
6661.5	0
6662.5	0
6663.5	0
6664.5	0
6665.5	0
6666.5	0
6667.5	0
6668.5	0
6669.5	0
6670.5	0
6671.5	0
6672.5	0
6673.5	0
6674.5	0
6675.5	0
6676.5	0
6677.5	0
6678.5	0
6679.5	0
6680.5	0
6681.5	0
6682.5	0
6683.5	0
6684.5	0
6685.5	0
6686.5	0
6687.5	0
6688.5	0
6689.5	0
6690.5	0
6691.5	0
6692.5	0
6693.5	0
6694.5	0
6695.5	0
6696.5	0
6697.5	0
6698.5	0
6699.5	0
6700.5	0
6701.5	0
6702.5	0
6703.5	0
6704.5	0
6705.5	0
6706.5	0
6707.5	0
6708.5	0
6709.5	0
6710.5	0
6711.5	0
6712.5	0
6713.5	0
6714.5	0
6715.5	0
6716.5	0
6717.5	0
6718.5	0
6719.5	0
6720.5	0
6721.5	0
6722.5	0
6723.5	0
6724.5	0
6725.5	0
6726.5	0
6727.5	0
6728.5	0
6729.5	0
6730.5	0
6731.5	0
6732.5	0
6733.5	0
6734.5	0
6735.5	0
6736.5	0
6737.5	0
6738.5	0
6739.5	0
6740.5	0
6741.5	0
6742.5	0
6743.5	0
6744.5	0
6745.5	0
6746.5	0
6747.5	0
6748.5	0
6749.5	0
6750.5	0
6751.5	0
6752.5	0
6753.5	0
6754.5	0
6755.5	0
6756.5	0
6757.5	0
6758.5	0
6759.5	0
6760.5	0
6761.5	0
6762.5	0
6763.5	0
6764.5	0
6765.5	0
6766.5	0
6767.5	0
6768.5	0
6769.5	0
6770.5	0
6771.5	0
6772.5	0
6773.5	0
6774.5	0
6775.5	0
6776.5	0
6777.5	0
6778.5	0
6779.5	0
6780.5	0
6781.5	0
6782.5	0
6783.5	0
6784.5	0
6785.5	0
6786.5	0
6787.5	0
6788.5	0
6789.5	0
6790.5	0
6791.5	0
6792.5	0
6793.5	0
6794.5	0
6795.5	0
6796.5	0
6797.5	0
6798.5	0
6799.5	0
6800.5	0
6801.5	0
6802.5	0
6803.5	0
6804.5	0
6805.5	0
6806.5	0
6807.5	0
6808.5	0
6809.5	0
6810.5	0
6811.5	0
6812.5	0
6813.5	0
6814.5	0
6815.5	0
6816.5	0
6817.5	0
6818.5	0
6819.5	0
6820.5	0
6821.5	0
6822.5	0
6823.5	0
6824.5	0
6825.5	0
6826.5	0
6827.5	0
6828.5	0
6829.5	0
6830.5	0
6831.5	0
6832.5	0
6833.5	0
6834.5	0
6835.5	0
6836.5	0
6837.5	0
6838.5	0
6839.5	0
6840.5	0
6841.5	0
6842.5	0
6843.5	0
6844.5	0
6845.5	0
6846.5	0
6847.5	0
6848.5	0
6849.5	0
6850.5	0
6851.5	0
6852.5	0
6853.5	0
6854.5	0
6855.5	0
6856.5	0
6857.5	0
6858.5	0
6859.5	0
6860.5	0
6861.5	0
6862.5	0
6863.5	0
6864.5	0
6865.5	0
6866.5	0
6867.5	0
6868.5	0
6869.5	0
6870.5	0
6871.5	0
6872.5	0
6873.5	0
6874.5	0
6875.5	0
6876.5	0
6877.5	0
6878.5	0
6879.5	0
6880.5	0
6881.5	0
6882.5	0
6883.5	0
6884.5	0
6885.5	0
6886.5	0
6887.5	0
6888.5	0
6889.5	0
6890.5	0
6891.5	0
6892.5	0
6893.5	0
6894.5	0
6895.5	0
6896.5	0
6897.5	0
6898.5	0
6899.5	0
6900.5	0
6901.5	0
6902.5	0
6903.5	0
6904.5	0
6905.5	0
6906.5	0
6907.5	0
6908.5	0
6909.5	0
6910.5	0
6911.5	0
6912.5	0
6913.5	0
6914.5	0
6915.5	0
6916.5	0
6917.5	0
6918.5	0
6919.5	0
6920.5	0
6921.5	0
6922.5	0
6923.5	0
6924.5	0
6925.5	0
6926.5	0
6927.5	0
6928.5	0
6929.5	0
6930.5	0
6931.5	0
6932.5	0
6933.5	0
6934.5	0
6935.5	0
6936.5	0
6937.5	0
6938.5	0
6939.5	0
6940.5	0
6941.5	0
6942.5	0
6943.5	0
6944.5	0
6945.5	0
6946.5	0
6947.5	0
6948.5	0
6949.5	0
6950.5	0
6951.5	0
6952.5	0
6953.5	0
6954.5	0
6955.5	0
6956.5	0
6957.5	0
6958.5	0
6959.5	0
6960.5	0
6961.5	0
6962.5	0
6963.5	0
6964.5	0
6965.5	0
6966.5	0
6967.5	0
6968.5	0
6969.5	0
6970.5	0
6971.5	0
6972.5	0
6973.5	0
6974.5	0
6975.5	0
6976.5	0
6977.5	0
6978.5	0
6979.5	0
6980.5	0
6981.5	0
6982.5	0
6983.5	0
6984.5	0
6985.5	0
6986.5	0
6987.5	0
6988.5	0
6989.5	0
6990.5	0
6991.5	0
6992.5	0
6993.5	0
6994.5	0
6995.5	0
6996.5	0
6997.5	0
6998.5	0
6999.5	0
7000.5	0
7001.5	0
7002.5	0
7003.5	0
7004.5	0
7005.5	0
7006.5	0
7007.5	0
7008.5	0
7009.5	0
7010.5	0
7011.5	0
7012.5	0
7013.5	0
7014.5	0
7015.5	0
7016.5	0
7017.5	0
7018.5	0
7019.5	0
7020.5	0
7021.5	0
7022.5	0
7023.5	0
7024.5	0
7025.5	0
7026.5	0
7027.5	0
7028.5	0
7029.5	0
7030.5	0
7031.5	0
7032.5	0
7033.5	0
7034.5	0
7035.5	0
7036.5	0
7037.5	0
7038.5	0
7039.5	0
7040.5	0
7041.5	0
7042.5	0
7043.5	0
7044.5	0
7045.5	0
7046.5	0
7047.5	0
7048.5	0
7049.5	0
7050.5	0
7051.5	0
7052.5	0
7053.5	0
7054.5	0
7055.5	0
7056.5	0
7057.5	0
7058.5	0
7059.5	0
7060.5	0
7061.5	0
7062.5	0
7063.5	0
7064.5	0
7065.5	0
7066.5	0
7067.5	0
7068.5	0
7069.5	0
7070.5	0
7071.5	0
7072.5	0
7073.5	0
7074.5	0
7075.5	0
7076.5	0
7077.5	0
7078.5	0
7079.5	0
7080.5	0
7081.5	0
7082.5	0
7083.5	0
7084.5	0
7085.5	0
7086.5	0
7087.5	0
7088.5	0
7089.5	0
7090.5	0
7091.5	0
7092.5	0
7093.5	0
7094.5	0
7095.5	0
7096.5	0
7097.5	0
7098.5	0
7099.5	0
7100.5	0
7101.5	0
7102.5	0
7103.5	0
7104.5	0
7105.5	0
7106.5	0
7107.5	0
7108.5	0
7109.5	0
7110.5	0
7111.5	0
7112.5	0
7113.5	0
7114.5	0
7115.5	0
7116.5	0
7117.5	0
7118.5	0
7119.5	0
7120.5	0
7121.5	0
7122.5	0
7123.5	0
7124.5	0
7125.5	0
7126.5	0
7127.5	0
7128.5	0
7129.5	0
7130.5	0
7131.5	0
7132.5	0
7133.5	0
7134.5	0
7135.5	0
7136.5	0
7137.5	0
7138.5	0
7139.5	0
7140.5	0
7141.5	0
7142.5	0
7143.5	0
7144.5	0
7145.5	0
7146.5	0
7147.5	0
7148.5	0
7149.5	0
7150.5	0
7151.5	0
7152.5	0
7153.5	0
7154.5	0
7155.5	0
7156.5	0
7157.5	0
7158.5	0
7159.5	0
7160.5	0
7161.5	0
7162.5	0
7163.5	0
7164.5	0
7165.5	0
7166.5	0
7167.5	0
7168.5	0
7169.5	0
7170.5	0
7171.5	0
7172.5	0
7173.5	0
7174.5	0
7175.5	0
7176.5	0
7177.5	0
7178.5	0
7179.5	0
7180.5	0
7181.5	0
7182.5	0
7183.5	0
7184.5	0
7185.5	0
7186.5	0
7187.5	0
7188.5	0
7189.5	0
7190.5	0
7191.5	0
7192.5	0
7193.5	0
7194.5	0
7195.5	0
7196.5	0
7197.5	0
7198.5	0
7199.5	0
7200.5	0
7201.5	0
7202.5	0
7203.5	0
7204.5	0
7205.5	0
7206.5	0
7207.5	0
7208.5	0
7209.5	0
7210.5	0
7211.5	0
7212.5	0
7213.5	0
7214.5	0
7215.5	0
7216.5	0
7217.5	0
7218.5	0
7219.5	0
7220.5	0
7221.5	0
7222.5	0
7223.5	0
7224.5	0
7225.5	0
7226.5	0
7227.5	0
7228.5	0
7229.5	0
7230.5	0
7231.5	0
7232.5	0
7233.5	0
7234.5	0
7235.5	0
7236.5	0
7237.5	0
7238.5	0
7239.5	0
7240.5	0
7241.5	0
7242.5	0
7243.5	0
7244.5	0
7245.5	0
7246.5	0
7247.5	0
7248.5	0
7249.5	0
7250.5	0
7251.5	0
7252.5	0
7253.5	0
7254.5	0
7255.5	0
7256.5	0
7257.5	0
7258.5	0
7259.5	0
7260.5	0
7261.5	0
7262.5	0
7263.5	0
7264.5	0
7265.5	0
7266.5	0
7267.5	0
7268.5	0
7269.5	0
7270.5	0
7271.5	0
7272.5	0
7273.5	0
7274.5	0
7275.5	0
7276.5	0
7277.5	0
7278.5	0
7279.5	0
7280.5	0
7281.5	0
7282.5	0
7283.5	0
7284.5	0
7285.5	0
7286.5	0
7287.5	0
7288.5	0
7289.5	0
7290.5	0
7291.5	0
7292.5	0
7293.5	0
7294.5	0
7295.5	0
7296.5	0
7297.5	0
7298.5	0
7299.5	0
7300.5	0
7301.5	0
7302.5	0
7303.5	0
7304.5	0
7305.5	0
7306.5	0
7307.5	0
7308.5	0
7309.5	0
7310.5	0
7311.5	0
7312.5	0
7313.5	0
7314.5	0
7315.5	0
7316.5	0
7317.5	0
7318.5	0
7319.5	0
7320.5	0
7321.5	0
7322.5	0
7323.5	0
7324.5	0
7325.5	0
7326.5	0
7327.5	0
7328.5	0
7329.5	0
7330.5	0
7331.5	0
7332.5	0
7333.5	0
7334.5	0
7335.5	0
7336.5	0
7337.5	0
7338.5	0
7339.5	0
7340.5	0
7341.5	0
7342.5	0
7343.5	0
7344.5	0
7345.5	0
7346.5	0
7347.5	0
7348.5	0
7349.5	0
7350.5	0
7351.5	0
7352.5	0
7353.5	0
7354.5	0
7355.5	0
7356.5	0
7357.5	0
7358.5	0
7359.5	0
7360.5	0
7361.5	0
7362.5	0
7363.5	0
7364.5	0
7365.5	0
7366.5	0
7367.5	0
7368.5	0
7369.5	0
7370.5	0
7371.5	0
7372.5	0
7373.5	0
7374.5	0
7375.5	0
7376.5	0
7377.5	0
7378.5	0
7379.5	0
7380.5	0
7381.5	0
7382.5	0
7383.5	0
7384.5	0
7385.5	0
7386.5	0
7387.5	0
7388.5	0
7389.5	0
7390.5	0
7391.5	0
7392.5	0
7393.5	0
7394.5	0
7395.5	0
7396.5	0
7397.5	0
7398.5	0
7399.5	0
7400.5	0
7401.5	0
7402.5	0
7403.5	0
7404.5	0
7405.5	0
7406.5	0
7407.5	0
7408.5	0
7409.5	0
7410.5	0
7411.5	0
7412.5	0
7413.5	0
7414.5	0
7415.5	0
7416.5	0
7417.5	0
7418.5	0
7419.5	0
7420.5	0
7421.5	0
7422.5	0
7423.5	0
7424.5	0
7425.5	0
7426.5	0
7427.5	0
7428.5	0
7429.5	0
7430.5	0
7431.5	0
7432.5	0
7433.5	0
7434.5	0
7435.5	0
7436.5	0
7437.5	0
7438.5	0
7439.5	0
7440.5	0
7441.5	0
7442.5	0
7443.5	0
7444.5	0
7445.5	0
7446.5	0
7447.5	0
7448.5	0
7449.5	0
7450.5	0
7451.5	0
7452.5	0
7453.5	0
7454.5	0
7455.5	0
7456.5	0
7457.5	0
7458.5	0
7459.5	0
7460.5	0
7461.5	0
7462.5	0
7463.5	0
7464.5	0
7465.5	0
7466.5	0
7467.5	0
7468.5	0
7469.5	0
7470.5	0
7471.5	0
7472.5	0
7473.5	0
7474.5	0
7475.5	0
7476.5	0
7477.5	0
7478.5	0
7479.5	0
7480.5	0
7481.5	0
7482.5	0
7483.5	0
7484.5	0
7485.5	0
7486.5	0
7487.5	0
7488.5	0
7489.5	0
7490.5	0
7491.5	0
7492.5	0
7493.5	0
7494.5	0
7495.5	0
7496.5	0
7497.5	0
7498.5	0
7499.5	0
7500.5	0
7501.5	0
7502.5	0
7503.5	0
7504.5	0
7505.5	0
7506.5	0
7507.5	0
7508.5	0
7509.5	0
7510.5	0
7511.5	0
7512.5	0
7513.5	0
7514.5	0
7515.5	0
7516.5	0
7517.5	0
7518.5	0
7519.5	0
7520.5	0
7521.5	0
7522.5	0
7523.5	0
7524.5	0
7525.5	0
7526.5	0
7527.5	0
7528.5	0
7529.5	0
7530.5	0
7531.5	0
7532.5	0
7533.5	0
7534.5	0
7535.5	0
7536.5	0
7537.5	0
7538.5	0
7539.5	0
7540.5	0
7541.5	0
7542.5	0
7543.5	0
7544.5	0
7545.5	0
7546.5	0
7547.5	0
7548.5	0
7549.5	0
7550.5	0
7551.5	0
7552.5	0
7553.5	0
7554.5	0
7555.5	0
7556.5	0
7557.5	0
7558.5	0
7559.5	0
7560.5	0
7561.5	0
7562.5	0
7563.5	0
7564.5	0
7565.5	0
7566.5	0
7567.5	0
7568.5	0
7569.5	0
7570.5	0
7571.5	0
7572.5	0
7573.5	0
7574.5	0
7575.5	0
7576.5	0
7577.5	0
7578.5	0
7579.5	0
7580.5	0
7581.5	0
7582.5	0
7583.5	0
7584.5	0
7585.5	0
7586.5	0
7587.5	0
7588.5	0
7589.5	0
7590.5	0
7591.5	0
7592.5	0
7593.5	0
7594.5	0
7595.5	0
7596.5	0
7597.5	0
7598.5	0
7599.5	0
7600.5	0
7601.5	0
7602.5	0
7603.5	0
7604.5	0
7605.5	0
7606.5	0
7607.5	0
7608.5	0
7609.5	0
7610.5	0
7611.5	0
7612.5	0
7613.5	0
7614.5	0
7615.5	0
7616.5	0
7617.5	0
7618.5	0
7619.5	0
7620.5	0
7621.5	0
7622.5	0
7623.5	0
7624.5	0
7625.5	0
7626.5	0
7627.5	0
7628.5	0
7629.5	0
7630.5	0
7631.5	0
7632.5	0
7633.5	0
7634.5	0
7635.5	0
7636.5	0
7637.5	0
7638.5	0
7639.5	0
7640.5	0
7641.5	0
7642.5	0
7643.5	0
7644.5	0
7645.5	0
7646.5	0
7647.5	0
7648.5	0
7649.5	0
7650.5	0
7651.5	0
7652.5	0
7653.5	0
7654.5	0
7655.5	0
7656.5	0
7657.5	0
7658.5	0
7659.5	0
7660.5	0
7661.5	0
7662.5	0
7663.5	0
7664.5	0
7665.5	0
7666.5	0
7667.5	0
7668.5	0
7669.5	0
7670.5	0
7671.5	0
7672.5	0
7673.5	0
7674.5	0
7675.5	0
7676.5	0
7677.5	0
7678.5	0
7679.5	0
7680.5	0
7681.5	0
7682.5	0
7683.5	0
7684.5	0
7685.5	0
7686.5	0
7687.5	0
7688.5	0
7689.5	0
7690.5	0
7691.5	0
7692.5	0
7693.5	0
7694.5	0
7695.5	0
7696.5	0
7697.5	0
7698.5	0
7699.5	0
7700.5	0
7701.5	0
7702.5	0
7703.5	0
7704.5	0
7705.5	0
7706.5	0
7707.5	0
7708.5	0
7709.5	0
7710.5	0
7711.5	0
7712.5	0
7713.5	0
7714.5	0
7715.5	0
7716.5	0
7717.5	0
7718.5	0
7719.5	0
7720.5	0
7721.5	0
7722.5	0
7723.5	0
7724.5	0
7725.5	0
7726.5	0
7727.5	0
7728.5	0
7729.5	0
7730.5	0
7731.5	0
7732.5	0
7733.5	0
7734.5	0
7735.5	0
7736.5	0
7737.5	0
7738.5	0
7739.5	0
7740.5	0
7741.5	0
7742.5	0
7743.5	0
7744.5	0
7745.5	0
7746.5	0
7747.5	0
7748.5	0
7749.5	0
7750.5	0
7751.5	0
7752.5	0
7753.5	0
7754.5	0
7755.5	0
7756.5	0
7757.5	0
7758.5	0
7759.5	0
7760.5	0
7761.5	0
7762.5	0
7763.5	0
7764.5	0
7765.5	0
7766.5	0
7767.5	0
7768.5	0
7769.5	0
7770.5	0
7771.5	0
7772.5	0
7773.5	0
7774.5	0
7775.5	0
7776.5	0
7777.5	0
7778.5	0
7779.5	0
7780.5	0
7781.5	0
7782.5	0
7783.5	0
7784.5	0
7785.5	0
7786.5	0
7787.5	0
7788.5	0
7789.5	0
7790.5	0
7791.5	0
7792.5	0
7793.5	0
7794.5	0
7795.5	0
7796.5	0
7797.5	0
7798.5	0
7799.5	0
7800.5	0
7801.5	0
7802.5	0
7803.5	0
7804.5	0
7805.5	0
7806.5	0
7807.5	0
7808.5	0
7809.5	0
7810.5	0
7811.5	0
7812.5	0
7813.5	0
7814.5	0
7815.5	0
7816.5	0
7817.5	0
7818.5	0
7819.5	0
7820.5	0
7821.5	0
7822.5	0
7823.5	0
7824.5	0
7825.5	0
7826.5	0
7827.5	0
7828.5	0
7829.5	0
7830.5	0
7831.5	0
7832.5	0
7833.5	0
7834.5	0
7835.5	0
7836.5	0
7837.5	0
7838.5	0
7839.5	0
7840.5	0
7841.5	0
7842.5	0
7843.5	0
7844.5	0
7845.5	0
7846.5	0
7847.5	0
7848.5	0
7849.5	0
7850.5	0
7851.5	0
7852.5	0
7853.5	0
7854.5	0
7855.5	0
7856.5	0
7857.5	0
7858.5	0
7859.5	0
7860.5	0
7861.5	0
7862.5	0
7863.5	0
7864.5	0
7865.5	0
7866.5	0
7867.5	0
7868.5	0
7869.5	0
7870.5	0
7871.5	0
7872.5	0
7873.5	0
7874.5	0
7875.5	0
7876.5	0
7877.5	0
7878.5	0
7879.5	0
7880.5	0
7881.5	0
7882.5	0
7883.5	0
7884.5	0
7885.5	0
7886.5	0
7887.5	0
7888.5	0
7889.5	0
7890.5	0
7891.5	0
7892.5	0
7893.5	0
7894.5	0
7895.5	0
7896.5	0
7897.5	0
7898.5	0
7899.5	0
7900.5	0
7901.5	0
7902.5	0
7903.5	0
7904.5	0
7905.5	0
7906.5	0
7907.5	0
7908.5	0
7909.5	0
7910.5	0
7911.5	0
7912.5	0
7913.5	0
7914.5	0
7915.5	0
7916.5	0
7917.5	0
7918.5	0
7919.5	0
7920.5	0
7921.5	0
7922.5	0
7923.5	0
7924.5	0
7925.5	0
7926.5	0
7927.5	0
7928.5	0
7929.5	0
7930.5	0
7931.5	0
7932.5	0
7933.5	0
7934.5	0
7935.5	0
7936.5	0
7937.5	0
7938.5	0
7939.5	0
7940.5	0
7941.5	0
7942.5	0
7943.5	0
7944.5	0
7945.5	0
7946.5	0
7947.5	0
7948.5	0
7949.5	0
7950.5	0
7951.5	0
7952.5	0
7953.5	0
7954.5	0
7955.5	0
7956.5	0
7957.5	0
7958.5	0
7959.5	0
7960.5	0
7961.5	0
7962.5	0
7963.5	0
7964.5	0
7965.5	0
7966.5	0
7967.5	0
7968.5	0
7969.5	0
7970.5	0
7971.5	0
7972.5	0
7973.5	0
7974.5	0
7975.5	0
7976.5	0
7977.5	0
7978.5	0
7979.5	0
7980.5	0
7981.5	0
7982.5	0
7983.5	0
7984.5	0
7985.5	0
7986.5	0
7987.5	0
7988.5	0
7989.5	0
7990.5	0
7991.5	0
7992.5	0
7993.5	0
7994.5	0
7995.5	0
7996.5	0
7997.5	0
7998.5	0
7999.5	0
8000.5	0
8001.5	0
8002.5	0
8003.5	0
8004.5	0
8005.5	0
8006.5	0
8007.5	0
8008.5	0
8009.5	0
8010.5	0
8011.5	0
8012.5	0
8013.5	0
8014.5	0
8015.5	0
8016.5	0
8017.5	0
8018.5	0
8019.5	0
8020.5	0
8021.5	0
8022.5	0
8023.5	0
8024.5	0
8025.5	0
8026.5	0
8027.5	0
8028.5	0
8029.5	0
8030.5	0
8031.5	0
8032.5	0
8033.5	0
8034.5	0
8035.5	0
8036.5	0
8037.5	0
8038.5	0
8039.5	0
8040.5	0
8041.5	0
8042.5	0
8043.5	0
8044.5	0
8045.5	0
8046.5	0
8047.5	0
8048.5	0
8049.5	0
8050.5	0
8051.5	0
8052.5	0
8053.5	0
8054.5	0
8055.5	0
8056.5	0
8057.5	0
8058.5	0
8059.5	0
8060.5	0
8061.5	0
8062.5	0
8063.5	0
8064.5	0
8065.5	0
8066.5	0
8067.5	0
8068.5	0
8069.5	0
8070.5	0
8071.5	0
8072.5	0
8073.5	0
8074.5	0
8075.5	0
8076.5	0
8077.5	0
8078.5	0
8079.5	0
8080.5	0
8081.5	0
8082.5	0
8083.5	0
8084.5	0
8085.5	0
8086.5	0
8087.5	0
8088.5	0
8089.5	0
8090.5	0
8091.5	0
8092.5	0
8093.5	0
8094.5	0
8095.5	0
8096.5	0
8097.5	0
8098.5	0
8099.5	0
8100.5	0
8101.5	0
8102.5	0
8103.5	0
8104.5	0
8105.5	0
8106.5	0
8107.5	0
8108.5	0
8109.5	0
8110.5	0
8111.5	0
8112.5	0
8113.5	0
8114.5	0
8115.5	0
8116.5	0
8117.5	0
8118.5	0
8119.5	0
8120.5	0
8121.5	0
8122.5	0
8123.5	0
8124.5	0
8125.5	0
8126.5	0
8127.5	0
8128.5	0
8129.5	0
8130.5	0
8131.5	0
8132.5	0
8133.5	0
8134.5	0
8135.5	0
8136.5	0
8137.5	0
8138.5	0
8139.5	0
8140.5	0
8141.5	0
8142.5	0
8143.5	0
8144.5	0
8145.5	0
8146.5	0
8147.5	0
8148.5	0
8149.5	0
8150.5	0
8151.5	0
8152.5	0
8153.5	0
8154.5	0
8155.5	0
8156.5	0
8157.5	0
8158.5	0
8159.5	0
8160.5	0
8161.5	0
8162.5	0
8163.5	0
8164.5	0
8165.5	0
8166.5	0
8167.5	0
8168.5	0
8169.5	0
8170.5	0
8171.5	0
8172.5	0
8173.5	0
8174.5	0
8175.5	0
8176.5	0
8177.5	0
8178.5	0
8179.5	0
8180.5	0
8181.5	0
8182.5	0
8183.5	0
8184.5	0
8185.5	0
8186.5	0
8187.5	0
8188.5	0
8189.5	0
8190.5	0
8191.5	0
