0.5	215
1.5	88
2.5	14
3.5	2
4.5	2
5.5	1
6.5	1
7.5	1
8.5	1
9.5	3
10.5	1
11.5	2
12.5	3
13.5	1
14.5	2
15.5	4
16.5	3
17.5	2
18.5	2
19.5	2
20.5	4
21.5	2
22.5	6
23.5	2
24.5	6
25.5	4
26.5	3
27.5	2
28.5	1
29.5	1
30.5	3
31.5	3
32.5	2
33.5	3
34.5	5
35.5	2
36.5	2
37.5	3
38.5	3
39.5	4
40.5	7
41.5	1
42.5	11
43.5	6
44.5	3
45.5	5
46.5	4
47.5	6
48.5	13
49.5	6
50.5	7
51.5	7
52.5	9
53.5	9
54.5	2
55.5	4
56.5	4
57.5	4
58.5	6
59.5	3
60.5	10
61.5	4
62.5	7
63.5	4
64.5	4
65.5	5
66.5	6
67.5	3
68.5	3
69.5	4
70.5	8
71.5	2
72.5	2
73.5	6
74.5	3
75.5	5
76.5	5
77.5	8
78.5	5
79.5	5
80.5	7
81.5	4
82.5	3
83.5	6
84.5	7
85.5	7
86.5	8
87.5	3
88.5	3
89.5	5
90.5	2
91.5	8
92.5	5
93.5	5
94.5	10
95.5	16
96.5	8
97.5	7
98.5	9
99.5	11
100.5	13
101.5	18
102.5	26
103.5	35
104.5	44
105.5	49
106.5	56
107.5	76
108.5	84
109.5	127
110.5	148
111.5	206
112.5	222
113.5	321
114.5	352
115.5	458
116.5	556
117.5	631
118.5	687
119.5	878
120.5	981
121.5	1106
122.5	1298
123.5	1531
124.5	1715
125.5	2000
126.5	2403
127.5	2976
128.5	3854
129.5	5044
130.5	6805
131.5	8999
132.5	11562
133.5	14283
134.5	17342
135.5	19436
136.5	20688
137.5	20678
138.5	19505
139.5	17155
140.5	14517
141.5	11470
142.5	8699
143.5	6460
144.5	4696
145.5	3679
146.5	2866
147.5	2488
148.5	2269
149.5	2112
150.5	2105
151.5	2078
152.5	2116
153.5	2171
154.5	2164
155.5	2327
156.5	2500
157.5	2578
158.5	2963
159.5	3373
160.5	3734
161.5	4374
162.5	4865
163.5	5469
164.5	5862
165.5	6076
166.5	6158
167.5	5984
168.5	5558
169.5	5033
170.5	4480
171.5	3661
172.5	3035
173.5	2580
174.5	2171
175.5	1946
176.5	1772
177.5	1586
178.5	1555
179.5	1496
180.5	1437
181.5	1406
182.5	1385
183.5	1468
184.5	1450
185.5	1439
186.5	1381
187.5	1449
188.5	1358
189.5	1396
190.5	1354
191.5	1423
192.5	1408
193.5	1357
194.5	1442
195.5	1432
196.5	1454
197.5	1419
198.5	1416
199.5	1361
200.5	1391
201.5	1369
202.5	1314
203.5	1314
204.5	1321
205.5	1319
206.5	1303
207.5	1207
208.5	1263
209.5	1203
210.5	1238
211.5	1187
212.5	1187
213.5	1246
214.5	1178
215.5	1197
216.5	1139
217.5	1210
218.5	1157
219.5	1199
220.5	1184
221.5	1255
222.5	1267
223.5	1259
224.5	1293
225.5	1247
226.5	1242
227.5	1240
228.5	1196
229.5	1156
230.5	1153
231.5	1106
232.5	1090
233.5	1082
234.5	1126
235.5	1004
236.5	977
237.5	997
238.5	972
239.5	924
240.5	932
241.5	972
242.5	938
243.5	907
244.5	912
245.5	936
246.5	887
247.5	835
248.5	931
249.5	905
250.5	855
251.5	904
252.5	860
253.5	921
254.5	890
255.5	862
256.5	839
257.5	833
258.5	859
259.5	884
260.5	839
261.5	828
262.5	853
263.5	828
264.5	857
265.5	852
266.5	853
267.5	853
268.5	867
269.5	820
270.5	820
271.5	815
272.5	866
273.5	789
274.5	824
275.5	816
276.5	817
277.5	796
278.5	815
279.5	795
280.5	860
281.5	880
282.5	804
283.5	779
284.5	717
285.5	798
286.5	779
287.5	812
288.5	819
289.5	877
290.5	945
291.5	952
292.5	1093
293.5	1221
294.5	1353
295.5	1599
296.5	1814
297.5	2173
298.5	2404
299.5	2683
300.5	3101
301.5	3385
302.5	3635
303.5	3737
304.5	3961
305.5	3834
306.5	3617
307.5	3372
308.5	3212
309.5	2778
310.5	2483
311.5	2157
312.5	1782
313.5	1444
314.5	1211
315.5	1051
316.5	913
317.5	790
318.5	643
319.5	590
320.5	587
321.5	475
322.5	480
323.5	525
324.5	427
325.5	439
326.5	433
327.5	426
328.5	446
329.5	449
330.5	469
331.5	465
332.5	459
333.5	412
334.5	449
335.5	406
336.5	359
337.5	453
338.5	430
339.5	400
340.5	464
341.5	421
342.5	433
343.5	366
344.5	420
345.5	391
346.5	383
347.5	419
348.5	409
349.5	434
350.5	375
351.5	357
352.5	410
353.5	382
354.5	405
355.5	354
356.5	383
357.5	400
358.5	381
359.5	354
360.5	385
361.5	355
362.5	345
363.5	352
364.5	344
365.5	381
366.5	350
367.5	360
368.5	376
369.5	398
370.5	397
371.5	434
372.5	415
373.5	400
374.5	408
375.5	412
376.5	446
377.5	447
378.5	486
379.5	483
380.5	521
381.5	513
382.5	484
383.5	491
384.5	478
385.5	472
386.5	480
387.5	437
388.5	425
389.5	431
390.5	402
391.5	371
392.5	325
393.5	328
394.5	317
395.5	308
396.5	319
397.5	290
398.5	325
399.5	296
400.5	243
401.5	285
402.5	296
403.5	297
404.5	278
405.5	272
406.5	289
407.5	320
408.5	314
409.5	331
410.5	303
411.5	307
412.5	303
413.5	284
414.5	290
415.5	307
416.5	310
417.5	278
418.5	319
419.5	301
420.5	274
421.5	268
422.5	276
423.5	285
424.5	268
425.5	265
426.5	243
427.5	275
428.5	250
429.5	279
430.5	262
431.5	234
432.5	250
433.5	256
434.5	258
435.5	267
436.5	259
437.5	246
438.5	236
439.5	242
440.5	249
441.5	263
442.5	240
443.5	237
444.5	250
445.5	239
446.5	252
447.5	224
448.5	221
449.5	239
450.5	224
451.5	263
452.5	213
453.5	229
454.5	256
455.5	257
456.5	211
457.5	221
458.5	230
459.5	197
460.5	242
461.5	229
462.5	229
463.5	207
464.5	227
465.5	236
466.5	224
467.5	232
468.5	212
469.5	226
470.5	253
471.5	236
472.5	251
473.5	237
474.5	245
475.5	224
476.5	253
477.5	253
478.5	246
479.5	261
480.5	247
481.5	238
482.5	288
483.5	267
484.5	242
485.5	250
486.5	247
487.5	246
488.5	253
489.5	237
490.5	265
491.5	225
492.5	246
493.5	247
494.5	243
495.5	246
496.5	228
497.5	255
498.5	269
499.5	276
500.5	271
501.5	285
502.5	330
503.5	336
504.5	398
505.5	378
506.5	449
507.5	466
508.5	501
509.5	569
510.5	639
511.5	647
512.5	637
513.5	687
514.5	694
515.5	702
516.5	721
517.5	732
518.5	760
519.5	655
520.5	664
521.5	617
522.5	598
523.5	548
524.5	510
525.5	513
526.5	467
527.5	421
528.5	347
529.5	353
530.5	322
531.5	299
532.5	262
533.5	243
534.5	249
535.5	234
536.5	217
537.5	202
538.5	176
539.5	194
540.5	192
541.5	195
542.5	172
543.5	206
544.5	211
545.5	187
546.5	186
547.5	204
548.5	202
549.5	173
550.5	163
551.5	177
552.5	198
553.5	185
554.5	201
555.5	178
556.5	183
557.5	181
558.5	210
559.5	195
560.5	205
561.5	177
562.5	191
563.5	208
564.5	203
565.5	184
566.5	197
567.5	211
568.5	198
569.5	190
570.5	195
571.5	198
572.5	222
573.5	201
574.5	228
575.5	220
576.5	208
577.5	194
578.5	182
579.5	183
580.5	201
581.5	207
582.5	219
583.5	215
584.5	180
585.5	203
586.5	202
587.5	162
588.5	188
589.5	196
590.5	166
591.5	181
592.5	200
593.5	181
594.5	216
595.5	182
596.5	199
597.5	189
598.5	200
599.5	166
600.5	190
601.5	205
602.5	188
603.5	189
604.5	199
605.5	182
606.5	191
607.5	181
608.5	192
609.5	186
610.5	195
611.5	159
612.5	186
613.5	176
614.5	192
615.5	195
616.5	172
617.5	183
618.5	201
619.5	190
620.5	190
621.5	179
622.5	179
623.5	188
624.5	179
625.5	183
626.5	179
627.5	184
628.5	165
629.5	177
630.5	160
631.5	166
632.5	173
633.5	194
634.5	170
635.5	185
636.5	167
637.5	192
638.5	185
639.5	194
640.5	187
641.5	185
642.5	202
643.5	181
644.5	190
645.5	184
646.5	171
647.5	170
648.5	171
649.5	162
650.5	170
651.5	179
652.5	144
653.5	166
654.5	171
655.5	163
656.5	151
657.5	161
658.5	163
659.5	170
660.5	151
661.5	173
662.5	140
663.5	151
664.5	150
665.5	166
666.5	140
667.5	153
668.5	150
669.5	126
670.5	142
671.5	150
672.5	140
673.5	130
674.5	149
675.5	129
676.5	148
677.5	132
678.5	139
679.5	123
680.5	126
681.5	138
682.5	135
683.5	133
684.5	138
685.5	112
686.5	100
687.5	154
688.5	115
689.5	138
690.5	124
691.5	146
692.5	107
693.5	98
694.5	134
695.5	126
696.5	104
697.5	113
698.5	107
699.5	114
700.5	122
701.5	102
702.5	119
703.5	126
704.5	118
705.5	107
706.5	111
707.5	122
708.5	105
709.5	101
710.5	112
711.5	114
712.5	109
713.5	101
714.5	103
715.5	106
716.5	119
717.5	115
718.5	79
719.5	105
720.5	108
721.5	86
722.5	116
723.5	103
724.5	82
725.5	104
726.5	83
727.5	97
728.5	98
729.5	117
730.5	132
731.5	88
732.5	97
733.5	109
734.5	96
735.5	90
736.5	105
737.5	90
738.5	112
739.5	101
740.5	109
741.5	106
742.5	120
743.5	88
744.5	86
745.5	94
746.5	111
747.5	86
748.5	81
749.5	89
750.5	115
751.5	99
752.5	88
753.5	91
754.5	102
755.5	113
756.5	87
757.5	100
758.5	94
759.5	104
760.5	101
761.5	100
762.5	76
763.5	111
764.5	121
765.5	88
766.5	106
767.5	92
768.5	105
769.5	130
770.5	101
771.5	94
772.5	93
773.5	100
774.5	108
775.5	96
776.5	119
777.5	104
778.5	113
779.5	86
780.5	107
781.5	117
782.5	103
783.5	111
784.5	117
785.5	115
786.5	118
787.5	120
788.5	114
789.5	111
790.5	132
791.5	102
792.5	117
793.5	109
794.5	130
795.5	126
796.5	105
797.5	112
798.5	133
799.5	100
800.5	101
801.5	122
802.5	111
803.5	89
804.5	117
805.5	96
806.5	105
807.5	93
808.5	85
809.5	97
810.5	90
811.5	96
812.5	90
813.5	111
814.5	95
815.5	93
816.5	107
817.5	121
818.5	103
819.5	91
820.5	92
821.5	98
822.5	103
823.5	109
824.5	106
825.5	98
826.5	104
827.5	110
828.5	131
829.5	121
830.5	141
831.5	139
832.5	150
833.5	191
834.5	188
835.5	182
836.5	232
837.5	272
838.5	294
839.5	357
840.5	384
841.5	433
842.5	447
843.5	498
844.5	529
845.5	572
846.5	669
847.5	686
848.5	738
849.5	798
850.5	850
851.5	857
852.5	895
853.5	950
854.5	1048
855.5	974
856.5	984
857.5	984
858.5	991
859.5	1004
860.5	913
861.5	889
862.5	851
863.5	801
864.5	755
865.5	710
866.5	627
867.5	565
868.5	550
869.5	436
870.5	432
871.5	390
872.5	326
873.5	303
874.5	253
875.5	229
876.5	191
877.5	187
878.5	159
879.5	131
880.5	139
881.5	122
882.5	115
883.5	104
884.5	98
885.5	89
886.5	97
887.5	105
888.5	91
889.5	74
890.5	111
891.5	113
892.5	109
893.5	107
894.5	145
895.5	98
896.5	117
897.5	111
898.5	117
899.5	127
900.5	95
901.5	111
902.5	125
903.5	120
904.5	101
905.5	109
906.5	107
907.5	117
908.5	103
909.5	111
910.5	92
911.5	108
912.5	103
913.5	87
914.5	96
915.5	91
916.5	75
917.5	88
918.5	68
919.5	86
920.5	93
921.5	87
922.5	71
923.5	60
924.5	82
925.5	80
926.5	88
927.5	82
928.5	77
929.5	87
930.5	76
931.5	86
932.5	84
933.5	84
934.5	89
935.5	77
936.5	99
937.5	93
938.5	81
939.5	87
940.5	93
941.5	97
942.5	83
943.5	100
944.5	82
945.5	75
946.5	80
947.5	72
948.5	78
949.5	70
950.5	88
951.5	71
952.5	68
953.5	80
954.5	70
955.5	58
956.5	67
957.5	65
958.5	67
959.5	64
960.5	64
961.5	60
962.5	66
963.5	59
964.5	70
965.5	59
966.5	59
967.5	71
968.5	82
969.5	77
970.5	106
971.5	107
972.5	107
973.5	100
974.5	124
975.5	114
976.5	151
977.5	143
978.5	160
979.5	167
980.5	173
981.5	199
982.5	202
983.5	219
984.5	242
985.5	250
986.5	260
987.5	259
988.5	304
989.5	313
990.5	308
991.5	315
992.5	340
993.5	292
994.5	342
995.5	308
996.5	310
997.5	317
998.5	306
999.5	295
1000.5	244
1001.5	247
1002.5	255
1003.5	249
1004.5	207
1005.5	211
1006.5	201
1007.5	176
1008.5	175
1009.5	176
1010.5	172
1011.5	147
1012.5	133
1013.5	125
1014.5	110
1015.5	111
1016.5	96
1017.5	90
1018.5	94
1019.5	74
1020.5	89
1021.5	59
1022.5	94
1023.5	91
1024.5	71
1025.5	49
1026.5	87
1027.5	78
1028.5	71
1029.5	80
1030.5	70
1031.5	98
1032.5	88
1033.5	79
1034.5	73
1035.5	49
1036.5	71
1037.5	63
1038.5	59
1039.5	64
1040.5	49
1041.5	57
1042.5	52
1043.5	59
1044.5	52
1045.5	57
1046.5	41
1047.5	67
1048.5	50
1049.5	49
1050.5	45
1051.5	44
1052.5	47
1053.5	36
1054.5	48
1055.5	46
1056.5	44
1057.5	59
1058.5	31
1059.5	38
1060.5	48
1061.5	42
1062.5	48
1063.5	52
1064.5	40
1065.5	48
1066.5	45
1067.5	45
1068.5	45
1069.5	39
1070.5	44
1071.5	41
1072.5	39
1073.5	42
1074.5	40
1075.5	43
1076.5	33
1077.5	36
1078.5	46
1079.5	31
1080.5	46
1081.5	42
1082.5	46
1083.5	38
1084.5	32
1085.5	35
1086.5	45
1087.5	40
1088.5	41
1089.5	49
1090.5	36
1091.5	36
1092.5	36
1093.5	43
1094.5	35
1095.5	41
1096.5	37
1097.5	35
1098.5	41
1099.5	37
1100.5	40
1101.5	48
1102.5	32
1103.5	44
1104.5	34
1105.5	34
1106.5	50
1107.5	43
1108.5	39
1109.5	39
1110.5	47
1111.5	41
1112.5	29
1113.5	39
1114.5	48
1115.5	33
1116.5	38
1117.5	37
1118.5	36
1119.5	34
1120.5	34
1121.5	30
1122.5	41
1123.5	40
1124.5	35
1125.5	29
1126.5	42
1127.5	43
1128.5	41
1129.5	30
1130.5	44
1131.5	34
1132.5	49
1133.5	31
1134.5	26
1135.5	48
1136.5	35
1137.5	31
1138.5	41
1139.5	45
1140.5	35
1141.5	34
1142.5	43
1143.5	47
1144.5	48
1145.5	41
1146.5	42
1147.5	37
1148.5	46
1149.5	43
1150.5	38
1151.5	47
1152.5	38
1153.5	50
1154.5	35
1155.5	46
1156.5	51
1157.5	52
1158.5	48
1159.5	36
1160.5	32
1161.5	34
1162.5	41
1163.5	50
1164.5	44
1165.5	35
1166.5	52
1167.5	49
1168.5	48
1169.5	48
1170.5	35
1171.5	33
1172.5	50
1173.5	40
1174.5	44
1175.5	45
1176.5	38
1177.5	35
1178.5	46
1179.5	39
1180.5	48
1181.5	37
1182.5	50
1183.5	36
1184.5	47
1185.5	37
1186.5	48
1187.5	37
1188.5	32
1189.5	31
1190.5	24
1191.5	31
1192.5	40
1193.5	36
1194.5	35
1195.5	30
1196.5	33
1197.5	35
1198.5	34
1199.5	27
1200.5	33
1201.5	34
1202.5	35
1203.5	40
1204.5	31
1205.5	39
1206.5	35
1207.5	28
1208.5	29
1209.5	29
1210.5	41
1211.5	35
1212.5	31
1213.5	41
1214.5	27
1215.5	40
1216.5	41
1217.5	32
1218.5	28
1219.5	27
1220.5	31
1221.5	34
1222.5	40
1223.5	44
1224.5	39
1225.5	32
1226.5	34
1227.5	34
1228.5	25
1229.5	37
1230.5	43
1231.5	22
1232.5	36
1233.5	37
1234.5	39
1235.5	31
1236.5	26
1237.5	41
1238.5	47
1239.5	37
1240.5	43
1241.5	43
1242.5	42
1243.5	34
1244.5	42
1245.5	38
1246.5	38
1247.5	29
1248.5	29
1249.5	35
1250.5	33
1251.5	32
1252.5	34
1253.5	39
1254.5	35
1255.5	19
1256.5	39
1257.5	38
1258.5	25
1259.5	33
1260.5	31
1261.5	25
1262.5	31
1263.5	24
1264.5	38
1265.5	33
1266.5	26
1267.5	25
1268.5	30
1269.5	34
1270.5	30
1271.5	30
1272.5	36
1273.5	33
1274.5	28
1275.5	33
1276.5	40
1277.5	26
1278.5	37
1279.5	32
1280.5	22
1281.5	37
1282.5	32
1283.5	41
1284.5	40
1285.5	33
1286.5	31
1287.5	32
1288.5	30
1289.5	42
1290.5	39
1291.5	33
1292.5	41
1293.5	36
1294.5	31
1295.5	30
1296.5	29
1297.5	36
1298.5	32
1299.5	48
1300.5	38
1301.5	40
1302.5	39
1303.5	39
1304.5	37
1305.5	39
1306.5	34
1307.5	38
1308.5	35
1309.5	38
1310.5	24
1311.5	27
1312.5	34
1313.5	40
1314.5	34
1315.5	33
1316.5	37
1317.5	31
1318.5	41
1319.5	29
1320.5	28
1321.5	21
1322.5	41
1323.5	42
1324.5	20
1325.5	27
1326.5	18
1327.5	36
1328.5	43
1329.5	41
1330.5	41
1331.5	27
1332.5	33
1333.5	34
1334.5	34
1335.5	33
1336.5	29
1337.5	29
1338.5	39
1339.5	35
1340.5	32
1341.5	43
1342.5	26
1343.5	29
1344.5	24
1345.5	35
1346.5	35
1347.5	21
1348.5	32
1349.5	36
1350.5	27
1351.5	32
1352.5	35
1353.5	39
1354.5	24
1355.5	27
1356.5	26
1357.5	26
1358.5	29
1359.5	42
1360.5	23
1361.5	31
1362.5	29
1363.5	24
1364.5	24
1365.5	33
1366.5	35
1367.5	29
1368.5	43
1369.5	33
1370.5	35
1371.5	44
1372.5	48
1373.5	37
1374.5	37
1375.5	39
1376.5	50
1377.5	44
1378.5	46
1379.5	38
1380.5	41
1381.5	41
1382.5	39
1383.5	49
1384.5	48
1385.5	52
1386.5	39
1387.5	44
1388.5	44
1389.5	55
1390.5	35
1391.5	44
1392.5	38
1393.5	40
1394.5	57
1395.5	42
1396.5	42
1397.5	35
1398.5	43
1399.5	35
1400.5	35
1401.5	40
1402.5	33
1403.5	26
1404.5	34
1405.5	29
1406.5	30
1407.5	39
1408.5	35
1409.5	36
1410.5	30
1411.5	39
1412.5	34
1413.5	34
1414.5	35
1415.5	34
1416.5	43
1417.5	43
1418.5	48
1419.5	53
1420.5	50
1421.5	47
1422.5	37
1423.5	57
1424.5	67
1425.5	57
1426.5	51
1427.5	71
1428.5	73
1429.5	67
1430.5	77
1431.5	63
1432.5	76
1433.5	83
1434.5	69
1435.5	84
1436.5	91
1437.5	75
1438.5	89
1439.5	77
1440.5	79
1441.5	107
1442.5	74
1443.5	70
1444.5	70
1445.5	82
1446.5	84
1447.5	79
1448.5	80
1449.5	95
1450.5	77
1451.5	73
1452.5	79
1453.5	71
1454.5	84
1455.5	73
1456.5	67
1457.5	92
1458.5	86
1459.5	76
1460.5	52
1461.5	71
1462.5	71
1463.5	61
1464.5	60
1465.5	52
1466.5	62
1467.5	45
1468.5	54
1469.5	64
1470.5	77
1471.5	66
1472.5	60
1473.5	52
1474.5	57
1475.5	66
1476.5	60
1477.5	44
1478.5	63
1479.5	51
1480.5	54
1481.5	57
1482.5	58
1483.5	50
1484.5	52
1485.5	44
1486.5	50
1487.5	41
1488.5	49
1489.5	41
1490.5	30
1491.5	21
1492.5	35
1493.5	42
1494.5	33
1495.5	32
1496.5	33
1497.5	31
1498.5	29
1499.5	23
1500.5	33
1501.5	31
1502.5	29
1503.5	25
1504.5	26
1505.5	26
1506.5	23
1507.5	24
1508.5	22
1509.5	25
1510.5	20
1511.5	28
1512.5	30
1513.5	19
1514.5	18
1515.5	22
1516.5	21
1517.5	14
1518.5	23
1519.5	27
1520.5	15
1521.5	26
1522.5	24
1523.5	18
1524.5	14
1525.5	19
1526.5	20
1527.5	25
1528.5	29
1529.5	22
1530.5	19
1531.5	18
1532.5	20
1533.5	19
1534.5	27
1535.5	9
1536.5	22
1537.5	15
1538.5	13
1539.5	19
1540.5	18
1541.5	17
1542.5	19
1543.5	15
1544.5	20
1545.5	12
1546.5	20
1547.5	22
1548.5	19
1549.5	20
1550.5	23
1551.5	14
1552.5	21
1553.5	16
1554.5	15
1555.5	13
1556.5	14
1557.5	20
1558.5	18
1559.5	23
1560.5	20
1561.5	15
1562.5	14
1563.5	12
1564.5	18
1565.5	10
1566.5	16
1567.5	21
1568.5	11
1569.5	20
1570.5	16
1571.5	13
1572.5	16
1573.5	15
1574.5	18
1575.5	13
1576.5	16
1577.5	22
1578.5	18
1579.5	12
1580.5	18
1581.5	10
1582.5	17
1583.5	13
1584.5	15
1585.5	26
1586.5	17
1587.5	17
1588.5	19
1589.5	13
1590.5	18
1591.5	18
1592.5	15
1593.5	17
1594.5	17
1595.5	17
1596.5	11
1597.5	18
1598.5	19
1599.5	19
1600.5	25
1601.5	11
1602.5	15
1603.5	19
1604.5	8
1605.5	9
1606.5	13
1607.5	15
1608.5	15
1609.5	15
1610.5	11
1611.5	12
1612.5	23
1613.5	13
1614.5	21
1615.5	17
1616.5	13
1617.5	18
1618.5	19
1619.5	15
1620.5	17
1621.5	17
1622.5	12
1623.5	23
1624.5	18
1625.5	31
1626.5	20
1627.5	19
1628.5	19
1629.5	23
1630.5	19
1631.5	17
1632.5	17
1633.5	22
1634.5	23
1635.5	21
1636.5	19
1637.5	19
1638.5	19
1639.5	15
1640.5	12
1641.5	11
1642.5	21
1643.5	9
1644.5	24
1645.5	16
1646.5	15
1647.5	20
1648.5	15
1649.5	14
1650.5	18
1651.5	15
1652.5	23
1653.5	14
1654.5	17
1655.5	13
1656.5	14
1657.5	15
1658.5	13
1659.5	12
1660.5	13
1661.5	12
1662.5	13
1663.5	15
1664.5	16
1665.5	14
1666.5	9
1667.5	9
1668.5	12
1669.5	14
1670.5	18
1671.5	7
1672.5	10
1673.5	14
1674.5	13
1675.5	12
1676.5	15
1677.5	8
1678.5	10
1679.5	14
1680.5	7
1681.5	23
1682.5	10
1683.5	11
1684.5	8
1685.5	12
1686.5	10
1687.5	14
1688.5	11
1689.5	9
1690.5	17
1691.5	20
1692.5	15
1693.5	15
1694.5	12
1695.5	12
1696.5	11
1697.5	17
1698.5	9
1699.5	14
1700.5	13
1701.5	6
1702.5	12
1703.5	22
1704.5	16
1705.5	10
1706.5	18
1707.5	7
1708.5	16
1709.5	12
1710.5	10
1711.5	13
1712.5	14
1713.5	8
1714.5	12
1715.5	16
1716.5	13
1717.5	15
1718.5	10
1719.5	15
1720.5	10
1721.5	12
1722.5	14
1723.5	9
1724.5	15
1725.5	17
1726.5	13
1727.5	16
1728.5	17
1729.5	14
1730.5	10
1731.5	17
1732.5	11
1733.5	19
1734.5	18
1735.5	18
1736.5	11
1737.5	26
1738.5	13
1739.5	17
1740.5	9
1741.5	14
1742.5	10
1743.5	11
1744.5	18
1745.5	18
1746.5	21
1747.5	24
1748.5	12
1749.5	14
1750.5	14
1751.5	20
1752.5	28
1753.5	27
1754.5	24
1755.5	21
1756.5	28
1757.5	29
1758.5	29
1759.5	15
1760.5	29
1761.5	27
1762.5	27
1763.5	25
1764.5	17
1765.5	19
1766.5	28
1767.5	36
1768.5	19
1769.5	30
1770.5	33
1771.5	32
1772.5	31
1773.5	28
1774.5	30
1775.5	37
1776.5	31
1777.5	29
1778.5	35
1779.5	30
1780.5	30
1781.5	25
1782.5	30
1783.5	36
1784.5	32
1785.5	31
1786.5	31
1787.5	31
1788.5	34
1789.5	22
1790.5	28
1791.5	21
1792.5	25
1793.5	24
1794.5	33
1795.5	31
1796.5	21
1797.5	25
1798.5	28
1799.5	15
1800.5	15
1801.5	24
1802.5	20
1803.5	19
1804.5	25
1805.5	18
1806.5	9
1807.5	9
1808.5	14
1809.5	18
1810.5	18
1811.5	17
1812.5	16
1813.5	15
1814.5	12
1815.5	16
1816.5	14
1817.5	17
1818.5	15
1819.5	12
1820.5	16
1821.5	13
1822.5	11
1823.5	12
1824.5	8
1825.5	11
1826.5	9
1827.5	19
1828.5	8
1829.5	12
1830.5	17
1831.5	22
1832.5	12
1833.5	13
1834.5	14
1835.5	9
1836.5	11
1837.5	7
1838.5	17
1839.5	25
1840.5	16
1841.5	15
1842.5	12
1843.5	16
1844.5	8
1845.5	6
1846.5	11
1847.5	17
1848.5	9
1849.5	9
1850.5	5
1851.5	7
1852.5	15
1853.5	15
1854.5	10
1855.5	16
1856.5	10
1857.5	13
1858.5	11
1859.5	11
1860.5	12
1861.5	13
1862.5	8
1863.5	9
1864.5	9
1865.5	17
1866.5	12
1867.5	12
1868.5	13
1869.5	10
1870.5	8
1871.5	10
1872.5	9
1873.5	12
1874.5	13
1875.5	20
1876.5	10
1877.5	11
1878.5	11
1879.5	13
1880.5	14
1881.5	13
1882.5	17
1883.5	18
1884.5	15
1885.5	11
1886.5	14
1887.5	4
1888.5	7
1889.5	16
1890.5	18
1891.5	9
1892.5	20
1893.5	13
1894.5	8
1895.5	12
1896.5	15
1897.5	14
1898.5	13
1899.5	9
1900.5	14
1901.5	13
1902.5	20
1903.5	11
1904.5	15
1905.5	13
1906.5	16
1907.5	11
1908.5	19
1909.5	16
1910.5	6
1911.5	9
1912.5	17
1913.5	15
1914.5	14
1915.5	21
1916.5	19
1917.5	13
1918.5	13
1919.5	19
1920.5	14
1921.5	11
1922.5	9
1923.5	20
1924.5	14
1925.5	16
1926.5	15
1927.5	11
1928.5	17
1929.5	17
1930.5	14
1931.5	10
1932.5	17
1933.5	6
1934.5	6
1935.5	12
1936.5	18
1937.5	14
1938.5	12
1939.5	12
1940.5	20
1941.5	13
1942.5	12
1943.5	12
1944.5	13
1945.5	14
1946.5	16
1947.5	13
1948.5	11
1949.5	8
1950.5	10
1951.5	15
1952.5	14
1953.5	19
1954.5	17
1955.5	16
1956.5	15
1957.5	11
1958.5	9
1959.5	15
1960.5	11
1961.5	12
1962.5	12
1963.5	15
1964.5	15
1965.5	11
1966.5	11
1967.5	8
1968.5	14
1969.5	9
1970.5	9
1971.5	17
1972.5	11
1973.5	16
1974.5	8
1975.5	10
1976.5	13
1977.5	11
1978.5	17
1979.5	9
1980.5	9
1981.5	11
1982.5	21
1983.5	14
1984.5	10
1985.5	11
1986.5	15
1987.5	14
1988.5	14
1989.5	15
1990.5	13
1991.5	14
1992.5	16
1993.5	14
1994.5	11
1995.5	15
1996.5	16
1997.5	17
1998.5	14
1999.5	20
2000.5	14
2001.5	13
2002.5	14
2003.5	11
2004.5	10
2005.5	13
2006.5	9
2007.5	23
2008.5	14
2009.5	14
2010.5	11
2011.5	12
2012.5	18
2013.5	9
2014.5	15
2015.5	15
2016.5	7
2017.5	10
2018.5	16
2019.5	8
2020.5	15
2021.5	10
2022.5	15
2023.5	11
2024.5	13
2025.5	10
2026.5	6
2027.5	8
2028.5	14
2029.5	13
2030.5	11
2031.5	8
2032.5	12
2033.5	14
2034.5	15
2035.5	16
2036.5	17
2037.5	12
2038.5	14
2039.5	19
2040.5	17
2041.5	15
2042.5	15
2043.5	18
2044.5	14
2045.5	8
2046.5	15
2047.5	13
2048.5	14
2049.5	3
2050.5	13
2051.5	12
2052.5	10
2053.5	12
2054.5	14
2055.5	12
2056.5	10
2057.5	18
2058.5	9
2059.5	13
2060.5	16
2061.5	11
2062.5	13
2063.5	12
2064.5	13
2065.5	10
2066.5	14
2067.5	12
2068.5	13
2069.5	15
2070.5	16
2071.5	15
2072.5	7
2073.5	20
2074.5	17
2075.5	12
2076.5	16
2077.5	15
2078.5	13
2079.5	13
2080.5	11
2081.5	13
2082.5	10
2083.5	17
2084.5	16
2085.5	11
2086.5	10
2087.5	10
2088.5	12
2089.5	11
2090.5	18
2091.5	11
2092.5	13
2093.5	17
2094.5	10
2095.5	16
2096.5	9
2097.5	19
2098.5	12
2099.5	6
2100.5	13
2101.5	11
2102.5	11
2103.5	12
2104.5	12
2105.5	14
2106.5	15
2107.5	15
2108.5	8
2109.5	14
2110.5	14
2111.5	11
2112.5	12
2113.5	15
2114.5	12
2115.5	16
2116.5	14
2117.5	13
2118.5	17
2119.5	10
2120.5	12
2121.5	4
2122.5	11
2123.5	17
2124.5	11
2125.5	15
2126.5	15
2127.5	13
2128.5	12
2129.5	13
2130.5	8
2131.5	11
2132.5	15
2133.5	15
2134.5	9
2135.5	11
2136.5	17
2137.5	13
2138.5	14
2139.5	16
2140.5	15
2141.5	15
2142.5	7
2143.5	11
2144.5	16
2145.5	3
2146.5	10
2147.5	10
2148.5	16
2149.5	10
2150.5	12
2151.5	14
2152.5	16
2153.5	14
2154.5	8
2155.5	13
2156.5	9
2157.5	11
2158.5	10
2159.5	13
2160.5	8
2161.5	9
2162.5	13
2163.5	5
2164.5	9
2165.5	10
2166.5	10
2167.5	16
2168.5	10
2169.5	15
2170.5	17
2171.5	13
2172.5	14
2173.5	18
2174.5	12
2175.5	15
2176.5	13
2177.5	13
2178.5	17
2179.5	14
2180.5	10
2181.5	10
2182.5	10
2183.5	15
2184.5	11
2185.5	11
2186.5	17
2187.5	12
2188.5	8
2189.5	17
2190.5	16
2191.5	15
2192.5	8
2193.5	12
2194.5	12
2195.5	8
2196.5	16
2197.5	19
2198.5	14
2199.5	17
2200.5	14
2201.5	13
2202.5	21
2203.5	14
2204.5	12
2205.5	13
2206.5	16
2207.5	17
2208.5	14
2209.5	20
2210.5	12
2211.5	19
2212.5	15
2213.5	14
2214.5	15
2215.5	12
2216.5	19
2217.5	15
2218.5	7
2219.5	13
2220.5	14
2221.5	13
2222.5	10
2223.5	19
2224.5	14
2225.5	15
2226.5	11
2227.5	16
2228.5	12
2229.5	15
2230.5	8
2231.5	17
2232.5	14
2233.5	12
2234.5	12
2235.5	14
2236.5	18
2237.5	11
2238.5	14
2239.5	13
2240.5	11
2241.5	13
2242.5	18
2243.5	18
2244.5	11
2245.5	8
2246.5	19
2247.5	15
2248.5	10
2249.5	11
2250.5	10
2251.5	18
2252.5	13
2253.5	16
2254.5	13
2255.5	17
2256.5	13
2257.5	8
2258.5	12
2259.5	14
2260.5	15
2261.5	14
2262.5	14
2263.5	14
2264.5	10
2265.5	14
2266.5	13
2267.5	13
2268.5	13
2269.5	29
2270.5	20
2271.5	17
2272.5	16
2273.5	15
2274.5	14
2275.5	15
2276.5	14
2277.5	12
2278.5	18
2279.5	22
2280.5	13
2281.5	20
2282.5	21
2283.5	16
2284.5	16
2285.5	19
2286.5	10
2287.5	12
2288.5	9
2289.5	12
2290.5	10
2291.5	15
2292.5	9
2293.5	11
2294.5	26
2295.5	15
2296.5	19
2297.5	18
2298.5	16
2299.5	20
2300.5	15
2301.5	9
2302.5	12
2303.5	15
2304.5	16
2305.5	10
2306.5	10
2307.5	12
2308.5	17
2309.5	15
2310.5	11
2311.5	16
2312.5	15
2313.5	13
2314.5	15
2315.5	11
2316.5	9
2317.5	17
2318.5	20
2319.5	11
2320.5	10
2321.5	13
2322.5	7
2323.5	16
2324.5	17
2325.5	5
2326.5	10
2327.5	10
2328.5	14
2329.5	8
2330.5	8
2331.5	18
2332.5	12
2333.5	16
2334.5	15
2335.5	10
2336.5	14
2337.5	8
2338.5	15
2339.5	11
2340.5	11
2341.5	10
2342.5	5
2343.5	7
2344.5	13
2345.5	13
2346.5	15
2347.5	18
2348.5	10
2349.5	10
2350.5	11
2351.5	12
2352.5	16
2353.5	13
2354.5	13
2355.5	8
2356.5	7
2357.5	12
2358.5	9
2359.5	10
2360.5	13
2361.5	12
2362.5	16
2363.5	11
2364.5	12
2365.5	13
2366.5	17
2367.5	15
2368.5	15
2369.5	13
2370.5	9
2371.5	10
2372.5	8
2373.5	11
2374.5	8
2375.5	10
2376.5	15
2377.5	14
2378.5	11
2379.5	15
2380.5	5
2381.5	11
2382.5	14
2383.5	7
2384.5	11
2385.5	12
2386.5	11
2387.5	9
2388.5	13
2389.5	15
2390.5	14
2391.5	8
2392.5	11
2393.5	11
2394.5	14
2395.5	5
2396.5	12
2397.5	13
2398.5	13
2399.5	8
2400.5	9
2401.5	10
2402.5	4
2403.5	11
2404.5	12
2405.5	13
2406.5	14
2407.5	3
2408.5	8
2409.5	11
2410.5	7
2411.5	14
2412.5	9
2413.5	3
2414.5	9
2415.5	8
2416.5	7
2417.5	13
2418.5	9
2419.5	16
2420.5	13
2421.5	9
2422.5	15
2423.5	11
2424.5	10
2425.5	12
2426.5	15
2427.5	12
2428.5	10
2429.5	10
2430.5	6
2431.5	13
2432.5	11
2433.5	10
2434.5	5
2435.5	11
2436.5	10
2437.5	13
2438.5	10
2439.5	11
2440.5	9
2441.5	9
2442.5	10
2443.5	9
2444.5	14
2445.5	9
2446.5	16
2447.5	15
2448.5	10
2449.5	12
2450.5	10
2451.5	10
2452.5	11
2453.5	12
2454.5	13
2455.5	11
2456.5	12
2457.5	10
2458.5	7
2459.5	5
2460.5	11
2461.5	10
2462.5	9
2463.5	9
2464.5	11
2465.5	10
2466.5	7
2467.5	10
2468.5	11
2469.5	10
2470.5	14
2471.5	10
2472.5	9
2473.5	13
2474.5	10
2475.5	13
2476.5	7
2477.5	15
2478.5	14
2479.5	13
2480.5	9
2481.5	7
2482.5	8
2483.5	16
2484.5	10
2485.5	5
2486.5	11
2487.5	21
2488.5	13
2489.5	13
2490.5	10
2491.5	14
2492.5	8
2493.5	14
2494.5	9
2495.5	12
2496.5	8
2497.5	9
2498.5	4
2499.5	10
2500.5	10
2501.5	10
2502.5	8
2503.5	7
2504.5	8
2505.5	6
2506.5	8
2507.5	8
2508.5	13
2509.5	10
2510.5	10
2511.5	8
2512.5	13
2513.5	9
2514.5	12
2515.5	2
2516.5	9
2517.5	11
2518.5	19
2519.5	8
2520.5	12
2521.5	13
2522.5	12
2523.5	10
2524.5	14
2525.5	18
2526.5	17
2527.5	15
2528.5	11
2529.5	15
2530.5	7
2531.5	14
2532.5	9
2533.5	18
2534.5	9
2535.5	15
2536.5	10
2537.5	8
2538.5	13
2539.5	18
2540.5	11
2541.5	18
2542.5	5
2543.5	9
2544.5	11
2545.5	10
2546.5	12
2547.5	11
2548.5	14
2549.5	14
2550.5	7
2551.5	8
2552.5	10
2553.5	11
2554.5	11
2555.5	19
2556.5	14
2557.5	6
2558.5	11
2559.5	16
2560.5	5
2561.5	10
2562.5	11
2563.5	13
2564.5	8
2565.5	14
2566.5	5
2567.5	11
2568.5	10
2569.5	14
2570.5	15
2571.5	11
2572.5	14
2573.5	14
2574.5	17
2575.5	9
2576.5	13
2577.5	17
2578.5	14
2579.5	17
2580.5	9
2581.5	14
2582.5	15
2583.5	12
2584.5	19
2585.5	11
2586.5	10
2587.5	10
2588.5	14
2589.5	11
2590.5	9
2591.5	9
2592.5	9
2593.5	8
2594.5	11
2595.5	7
2596.5	14
2597.5	15
2598.5	11
2599.5	8
2600.5	7
2601.5	6
2602.5	16
2603.5	14
2604.5	10
2605.5	17
2606.5	7
2607.5	12
2608.5	11
2609.5	8
2610.5	8
2611.5	14
2612.5	14
2613.5	16
2614.5	9
2615.5	7
2616.5	6
2617.5	10
2618.5	13
2619.5	17
2620.5	10
2621.5	8
2622.5	17
2623.5	7
2624.5	7
2625.5	9
2626.5	12
2627.5	10
2628.5	9
2629.5	10
2630.5	11
2631.5	7
2632.5	9
2633.5	7
2634.5	12
2635.5	12
2636.5	11
2637.5	7
2638.5	8
2639.5	6
2640.5	14
2641.5	12
2642.5	10
2643.5	15
2644.5	10
2645.5	8
2646.5	11
2647.5	11
2648.5	7
2649.5	5
2650.5	9
2651.5	5
2652.5	11
2653.5	9
2654.5	11
2655.5	10
2656.5	14
2657.5	14
2658.5	11
2659.5	17
2660.5	10
2661.5	8
2662.5	11
2663.5	9
2664.5	8
2665.5	12
2666.5	12
2667.5	12
2668.5	11
2669.5	7
2670.5	13
2671.5	10
2672.5	10
2673.5	11
2674.5	15
2675.5	13
2676.5	10
2677.5	12
2678.5	8
2679.5	9
2680.5	6
2681.5	9
2682.5	7
2683.5	9
2684.5	18
2685.5	9
2686.5	8
2687.5	10
2688.5	10
2689.5	14
2690.5	15
2691.5	17
2692.5	13
2693.5	10
2694.5	8
2695.5	15
2696.5	8
2697.5	14
2698.5	5
2699.5	15
2700.5	4
2701.5	6
2702.5	9
2703.5	12
2704.5	9
2705.5	8
2706.5	10
2707.5	8
2708.5	8
2709.5	13
2710.5	13
2711.5	8
2712.5	8
2713.5	9
2714.5	11
2715.5	15
2716.5	10
2717.5	11
2718.5	20
2719.5	7
2720.5	10
2721.5	8
2722.5	12
2723.5	3
2724.5	10
2725.5	7
2726.5	7
2727.5	5
2728.5	8
2729.5	7
2730.5	11
2731.5	4
2732.5	6
2733.5	11
2734.5	14
2735.5	5
2736.5	16
2737.5	10
2738.5	13
2739.5	12
2740.5	14
2741.5	8
2742.5	4
2743.5	7
2744.5	17
2745.5	15
2746.5	6
2747.5	13
2748.5	8
2749.5	9
2750.5	9
2751.5	6
2752.5	16
2753.5	6
2754.5	15
2755.5	13
2756.5	6
2757.5	9
2758.5	11
2759.5	11
2760.5	15
2761.5	12
2762.5	11
2763.5	10
2764.5	11
2765.5	8
2766.5	11
2767.5	10
2768.5	8
2769.5	10
2770.5	8
2771.5	8
2772.5	8
2773.5	14
2774.5	12
2775.5	6
2776.5	9
2777.5	5
2778.5	7
2779.5	10
2780.5	10
2781.5	9
2782.5	17
2783.5	7
2784.5	14
2785.5	8
2786.5	10
2787.5	10
2788.5	8
2789.5	13
2790.5	7
2791.5	9
2792.5	14
2793.5	11
2794.5	3
2795.5	12
2796.5	18
2797.5	7
2798.5	6
2799.5	17
2800.5	9
2801.5	4
2802.5	7
2803.5	6
2804.5	6
2805.5	10
2806.5	9
2807.5	10
2808.5	9
2809.5	8
2810.5	7
2811.5	9
2812.5	14
2813.5	9
2814.5	11
2815.5	14
2816.5	9
2817.5	5
2818.5	9
2819.5	12
2820.5	16
2821.5	10
2822.5	16
2823.5	9
2824.5	19
2825.5	13
2826.5	9
2827.5	12
2828.5	10
2829.5	11
2830.5	9
2831.5	6
2832.5	14
2833.5	10
2834.5	14
2835.5	12
2836.5	10
2837.5	8
2838.5	9
2839.5	10
2840.5	19
2841.5	5
2842.5	6
2843.5	13
2844.5	9
2845.5	11
2846.5	11
2847.5	17
2848.5	8
2849.5	13
2850.5	7
2851.5	11
2852.5	6
2853.5	12
2854.5	18
2855.5	5
2856.5	9
2857.5	11
2858.5	15
2859.5	3
2860.5	11
2861.5	8
2862.5	13
2863.5	10
2864.5	13
2865.5	12
2866.5	8
2867.5	6
2868.5	11
2869.5	17
2870.5	11
2871.5	13
2872.5	13
2873.5	15
2874.5	12
2875.5	15
2876.5	6
2877.5	6
2878.5	11
2879.5	9
2880.5	9
2881.5	10
2882.5	9
2883.5	10
2884.5	7
2885.5	10
2886.5	9
2887.5	14
2888.5	9
2889.5	5
2890.5	8
2891.5	10
2892.5	5
2893.5	17
2894.5	20
2895.5	12
2896.5	12
2897.5	7
2898.5	11
2899.5	14
2900.5	13
2901.5	6
2902.5	11
2903.5	6
2904.5	17
2905.5	11
2906.5	10
2907.5	13
2908.5	9
2909.5	10
2910.5	12
2911.5	11
2912.5	15
2913.5	11
2914.5	8
2915.5	5
2916.5	10
2917.5	10
2918.5	11
2919.5	8
2920.5	12
2921.5	12
2922.5	14
2923.5	10
2924.5	15
2925.5	8
2926.5	11
2927.5	10
2928.5	7
2929.5	8
2930.5	10
2931.5	11
2932.5	9
2933.5	12
2934.5	5
2935.5	11
2936.5	13
2937.5	6
2938.5	11
2939.5	9
2940.5	7
2941.5	9
2942.5	12
2943.5	12
2944.5	11
2945.5	12
2946.5	10
2947.5	10
2948.5	15
2949.5	11
2950.5	12
2951.5	6
2952.5	11
2953.5	10
2954.5	11
2955.5	13
2956.5	13
2957.5	8
2958.5	9
2959.5	6
2960.5	7
2961.5	11
2962.5	9
2963.5	9
2964.5	13
2965.5	12
2966.5	6
2967.5	11
2968.5	8
2969.5	13
2970.5	8
2971.5	11
2972.5	8
2973.5	5
2974.5	13
2975.5	9
2976.5	9
2977.5	21
2978.5	8
2979.5	16
2980.5	13
2981.5	15
2982.5	8
2983.5	19
2984.5	10
2985.5	11
2986.5	9
2987.5	13
2988.5	17
2989.5	13
2990.5	14
2991.5	13
2992.5	12
2993.5	12
2994.5	16
2995.5	10
2996.5	13
2997.5	7
2998.5	14
2999.5	11
3000.5	7
3001.5	8
3002.5	12
3003.5	11
3004.5	12
3005.5	14
3006.5	15
3007.5	13
3008.5	13
3009.5	14
3010.5	8
3011.5	12
3012.5	15
3013.5	9
3014.5	13
3015.5	9
3016.5	20
3017.5	12
3018.5	14
3019.5	13
3020.5	12
3021.5	12
3022.5	9
3023.5	13
3024.5	20
3025.5	10
3026.5	13
3027.5	18
3028.5	13
3029.5	9
3030.5	13
3031.5	15
3032.5	16
3033.5	7
3034.5	8
3035.5	11
3036.5	12
3037.5	11
3038.5	13
3039.5	11
3040.5	10
3041.5	7
3042.5	11
3043.5	13
3044.5	17
3045.5	8
3046.5	10
3047.5	16
3048.5	8
3049.5	13
3050.5	5
3051.5	12
3052.5	14
3053.5	16
3054.5	14
3055.5	15
3056.5	16
3057.5	10
3058.5	22
3059.5	12
3060.5	13
3061.5	14
3062.5	11
3063.5	15
3064.5	8
3065.5	14
3066.5	7
3067.5	4
3068.5	12
3069.5	13
3070.5	6
3071.5	8
3072.5	11
3073.5	7
3074.5	12
3075.5	11
3076.5	17
3077.5	16
3078.5	11
3079.5	10
3080.5	11
3081.5	17
3082.5	13
3083.5	12
3084.5	11
3085.5	11
3086.5	15
3087.5	11
3088.5	11
3089.5	16
3090.5	13
3091.5	8
3092.5	11
3093.5	10
3094.5	11
3095.5	13
3096.5	14
3097.5	8
3098.5	13
3099.5	14
3100.5	9
3101.5	6
3102.5	16
3103.5	9
3104.5	10
3105.5	13
3106.5	4
3107.5	14
3108.5	9
3109.5	11
3110.5	8
3111.5	7
3112.5	11
3113.5	16
3114.5	15
3115.5	15
3116.5	11
3117.5	12
3118.5	12
3119.5	11
3120.5	13
3121.5	12
3122.5	12
3123.5	14
3124.5	10
3125.5	17
3126.5	13
3127.5	18
3128.5	12
3129.5	14
3130.5	19
3131.5	13
3132.5	6
3133.5	12
3134.5	15
3135.5	12
3136.5	11
3137.5	13
3138.5	9
3139.5	9
3140.5	7
3141.5	10
3142.5	4
3143.5	18
3144.5	15
3145.5	13
3146.5	15
3147.5	17
3148.5	10
3149.5	10
3150.5	9
3151.5	12
3152.5	16
3153.5	12
3154.5	10
3155.5	24
3156.5	15
3157.5	10
3158.5	17
3159.5	14
3160.5	11
3161.5	10
3162.5	12
3163.5	6
3164.5	9
3165.5	11
3166.5	13
3167.5	14
3168.5	11
3169.5	21
3170.5	11
3171.5	13
3172.5	9
3173.5	13
3174.5	14
3175.5	18
3176.5	12
3177.5	16
3178.5	15
3179.5	9
3180.5	18
3181.5	11
3182.5	12
3183.5	17
3184.5	16
3185.5	14
3186.5	12
3187.5	9
3188.5	9
3189.5	15
3190.5	17
3191.5	17
3192.5	12
3193.5	12
3194.5	13
3195.5	8
3196.5	14
3197.5	21
3198.5	16
3199.5	18
3200.5	15
3201.5	13
3202.5	8
3203.5	16
3204.5	16
3205.5	12
3206.5	13
3207.5	18
3208.5	14
3209.5	14
3210.5	13
3211.5	16
3212.5	12
3213.5	22
3214.5	17
3215.5	15
3216.5	16
3217.5	23
3218.5	16
3219.5	16
3220.5	34
3221.5	18
3222.5	16
3223.5	18
3224.5	14
3225.5	24
3226.5	15
3227.5	16
3228.5	17
3229.5	19
3230.5	16
3231.5	14
3232.5	11
3233.5	25
3234.5	28
3235.5	10
3236.5	24
3237.5	24
3238.5	12
3239.5	12
3240.5	21
3241.5	17
3242.5	20
3243.5	23
3244.5	27
3245.5	15
3246.5	30
3247.5	23
3248.5	23
3249.5	28
3250.5	25
3251.5	37
3252.5	26
3253.5	19
3254.5	25
3255.5	26
3256.5	22
3257.5	27
3258.5	35
3259.5	19
3260.5	36
3261.5	36
3262.5	30
3263.5	28
3264.5	27
3265.5	31
3266.5	34
3267.5	28
3268.5	37
3269.5	24
3270.5	43
3271.5	34
3272.5	26
3273.5	30
3274.5	41
3275.5	31
3276.5	34
3277.5	34
3278.5	38
3279.5	33
3280.5	31
3281.5	29
3282.5	32
3283.5	33
3284.5	36
3285.5	32
3286.5	33
3287.5	30
3288.5	38
3289.5	28
3290.5	19
3291.5	31
3292.5	34
3293.5	27
3294.5	25
3295.5	35
3296.5	33
3297.5	36
3298.5	30
3299.5	32
3300.5	31
3301.5	27
3302.5	32
3303.5	29
3304.5	37
3305.5	24
3306.5	37
3307.5	33
3308.5	32
3309.5	17
3310.5	30
3311.5	35
3312.5	27
3313.5	34
3314.5	42
3315.5	28
3316.5	32
3317.5	30
3318.5	26
3319.5	41
3320.5	23
3321.5	25
3322.5	23
3323.5	40
3324.5	30
3325.5	31
3326.5	27
3327.5	39
3328.5	31
3329.5	16
3330.5	24
3331.5	30
3332.5	22
3333.5	23
3334.5	29
3335.5	34
3336.5	32
3337.5	35
3338.5	28
3339.5	22
3340.5	36
3341.5	21
3342.5	35
3343.5	26
3344.5	23
3345.5	42
3346.5	24
3347.5	26
3348.5	39
3349.5	32
3350.5	31
3351.5	24
3352.5	22
3353.5	32
3354.5	20
3355.5	23
3356.5	24
3357.5	24
3358.5	29
3359.5	17
3360.5	27
3361.5	28
3362.5	24
3363.5	33
3364.5	30
3365.5	26
3366.5	31
3367.5	21
3368.5	25
3369.5	19
3370.5	27
3371.5	21
3372.5	23
3373.5	27
3374.5	20
3375.5	21
3376.5	20
3377.5	40
3378.5	19
3379.5	23
3380.5	21
3381.5	28
3382.5	28
3383.5	26
3384.5	24
3385.5	24
3386.5	24
3387.5	24
3388.5	24
3389.5	26
3390.5	20
3391.5	26
3392.5	15
3393.5	16
3394.5	23
3395.5	30
3396.5	29
3397.5	23
3398.5	14
3399.5	25
3400.5	22
3401.5	21
3402.5	22
3403.5	24
3404.5	28
3405.5	19
3406.5	22
3407.5	19
3408.5	25
3409.5	18
3410.5	21
3411.5	27
3412.5	25
3413.5	29
3414.5	24
3415.5	25
3416.5	33
3417.5	24
3418.5	22
3419.5	20
3420.5	28
3421.5	15
3422.5	22
3423.5	23
3424.5	27
3425.5	25
3426.5	25
3427.5	16
3428.5	31
3429.5	17
3430.5	18
3431.5	20
3432.5	20
3433.5	25
3434.5	17
3435.5	16
3436.5	17
3437.5	16
3438.5	24
3439.5	31
3440.5	19
3441.5	28
3442.5	22
3443.5	19
3444.5	32
3445.5	27
3446.5	13
3447.5	22
3448.5	17
3449.5	23
3450.5	18
3451.5	25
3452.5	25
3453.5	19
3454.5	29
3455.5	20
3456.5	23
3457.5	19
3458.5	23
3459.5	14
3460.5	24
3461.5	36
3462.5	16
3463.5	20
3464.5	23
3465.5	24
3466.5	29
3467.5	25
3468.5	12
3469.5	19
3470.5	26
3471.5	16
3472.5	32
3473.5	21
3474.5	20
3475.5	17
3476.5	24
3477.5	26
3478.5	23
3479.5	22
3480.5	22
3481.5	29
3482.5	22
3483.5	28
3484.5	19
3485.5	23
3486.5	17
3487.5	21
3488.5	28
3489.5	24
3490.5	11
3491.5	23
3492.5	16
3493.5	22
3494.5	24
3495.5	31
3496.5	24
3497.5	20
3498.5	21
3499.5	30
3500.5	24
3501.5	22
3502.5	30
3503.5	20
3504.5	21
3505.5	25
3506.5	33
3507.5	18
3508.5	26
3509.5	20
3510.5	14
3511.5	23
3512.5	27
3513.5	24
3514.5	30
3515.5	12
3516.5	18
3517.5	39
3518.5	19
3519.5	23
3520.5	24
3521.5	13
3522.5	17
3523.5	29
3524.5	25
3525.5	19
3526.5	35
3527.5	19
3528.5	25
3529.5	23
3530.5	18
3531.5	23
3532.5	24
3533.5	19
3534.5	19
3535.5	22
3536.5	28
3537.5	29
3538.5	14
3539.5	23
3540.5	22
3541.5	11
3542.5	26
3543.5	19
3544.5	30
3545.5	16
3546.5	19
3547.5	18
3548.5	15
3549.5	28
3550.5	26
3551.5	19
3552.5	23
3553.5	25
3554.5	24
3555.5	19
3556.5	18
3557.5	19
3558.5	10
3559.5	28
3560.5	21
3561.5	19
3562.5	22
3563.5	16
3564.5	20
3565.5	19
3566.5	28
3567.5	21
3568.5	23
3569.5	19
3570.5	24
3571.5	25
3572.5	20
3573.5	26
3574.5	16
3575.5	20
3576.5	16
3577.5	19
3578.5	28
3579.5	18
3580.5	18
3581.5	23
3582.5	23
3583.5	14
3584.5	17
3585.5	15
3586.5	17
3587.5	23
3588.5	15
3589.5	18
3590.5	19
3591.5	18
3592.5	18
3593.5	19
3594.5	16
3595.5	17
3596.5	12
3597.5	11
3598.5	20
3599.5	20
3600.5	16
3601.5	11
3602.5	17
3603.5	16
3604.5	9
3605.5	13
3606.5	15
3607.5	16
3608.5	20
3609.5	18
3610.5	27
3611.5	23
3612.5	19
3613.5	15
3614.5	14
3615.5	27
3616.5	20
3617.5	14
3618.5	18
3619.5	11
3620.5	14
3621.5	22
3622.5	23
3623.5	22
3624.5	22
3625.5	13
3626.5	26
3627.5	22
3628.5	18
3629.5	19
3630.5	17
3631.5	19
3632.5	27
3633.5	19
3634.5	28
3635.5	23
3636.5	17
3637.5	27
3638.5	22
3639.5	21
3640.5	25
3641.5	25
3642.5	27
3643.5	28
3644.5	35
3645.5	31
3646.5	26
3647.5	38
3648.5	22
3649.5	26
3650.5	29
3651.5	36
3652.5	21
3653.5	28
3654.5	36
3655.5	21
3656.5	39
3657.5	28
3658.5	35
3659.5	43
3660.5	37
3661.5	24
3662.5	31
3663.5	33
3664.5	42
3665.5	35
3666.5	43
3667.5	48
3668.5	36
3669.5	43
3670.5	44
3671.5	41
3672.5	45
3673.5	37
3674.5	51
3675.5	42
3676.5	58
3677.5	50
3678.5	48
3679.5	32
3680.5	48
3681.5	52
3682.5	49
3683.5	45
3684.5	54
3685.5	46
3686.5	53
3687.5	54
3688.5	59
3689.5	48
3690.5	61
3691.5	67
3692.5	48
3693.5	64
3694.5	59
3695.5	32
3696.5	53
3697.5	53
3698.5	58
3699.5	47
3700.5	46
3701.5	61
3702.5	54
3703.5	45
3704.5	47
3705.5	60
3706.5	34
3707.5	42
3708.5	60
3709.5	42
3710.5	51
3711.5	45
3712.5	60
3713.5	58
3714.5	55
3715.5	55
3716.5	48
3717.5	41
3718.5	46
3719.5	45
3720.5	53
3721.5	48
3722.5	39
3723.5	35
3724.5	43
3725.5	49
3726.5	34
3727.5	50
3728.5	49
3729.5	52
3730.5	44
3731.5	43
3732.5	52
3733.5	52
3734.5	39
3735.5	51
3736.5	43
3737.5	37
3738.5	44
3739.5	33
3740.5	47
3741.5	32
3742.5	44
3743.5	46
3744.5	36
3745.5	29
3746.5	39
3747.5	46
3748.5	43
3749.5	35
3750.5	33
3751.5	35
3752.5	36
3753.5	46
3754.5	39
3755.5	27
3756.5	36
3757.5	41
3758.5	41
3759.5	31
3760.5	29
3761.5	44
3762.5	33
3763.5	33
3764.5	25
3765.5	47
3766.5	31
3767.5	28
3768.5	40
3769.5	32
3770.5	37
3771.5	30
3772.5	30
3773.5	25
3774.5	32
3775.5	23
3776.5	30
3777.5	23
3778.5	28
3779.5	40
3780.5	26
3781.5	21
3782.5	24
3783.5	29
3784.5	21
3785.5	26
3786.5	37
3787.5	24
3788.5	29
3789.5	24
3790.5	26
3791.5	28
3792.5	17
3793.5	23
3794.5	28
3795.5	32
3796.5	15
3797.5	25
3798.5	22
3799.5	20
3800.5	25
3801.5	23
3802.5	32
3803.5	29
3804.5	29
3805.5	26
3806.5	22
3807.5	30
3808.5	18
3809.5	27
3810.5	27
3811.5	14
3812.5	19
3813.5	20
3814.5	20
3815.5	22
3816.5	22
3817.5	23
3818.5	23
3819.5	25
3820.5	25
3821.5	19
3822.5	29
3823.5	23
3824.5	24
3825.5	26
3826.5	26
3827.5	23
3828.5	19
3829.5	20
3830.5	29
3831.5	23
3832.5	23
3833.5	34
3834.5	20
3835.5	19
3836.5	20
3837.5	28
3838.5	27
3839.5	27
3840.5	28
3841.5	27
3842.5	19
3843.5	32
3844.5	23
3845.5	19
3846.5	31
3847.5	25
3848.5	21
3849.5	22
3850.5	32
3851.5	28
3852.5	25
3853.5	27
3854.5	23
3855.5	20
3856.5	25
3857.5	23
3858.5	25
3859.5	21
3860.5	28
3861.5	29
3862.5	21
3863.5	25
3864.5	27
3865.5	27
3866.5	29
3867.5	20
3868.5	23
3869.5	25
3870.5	22
3871.5	25
3872.5	23
3873.5	23
3874.5	21
3875.5	18
3876.5	27
3877.5	25
3878.5	20
3879.5	32
3880.5	19
3881.5	19
3882.5	17
3883.5	21
3884.5	21
3885.5	16
3886.5	26
3887.5	22
3888.5	22
3889.5	15
3890.5	17
3891.5	22
3892.5	16
3893.5	29
3894.5	19
3895.5	18
3896.5	20
3897.5	23
3898.5	20
3899.5	21
3900.5	24
3901.5	19
3902.5	18
3903.5	22
3904.5	25
3905.5	18
3906.5	13
3907.5	23
3908.5	17
3909.5	18
3910.5	29
3911.5	14
3912.5	14
3913.5	23
3914.5	19
3915.5	20
3916.5	14
3917.5	27
3918.5	14
3919.5	15
3920.5	21
3921.5	13
3922.5	21
3923.5	23
3924.5	20
3925.5	16
3926.5	16
3927.5	17
3928.5	17
3929.5	22
3930.5	15
3931.5	14
3932.5	17
3933.5	16
3934.5	16
3935.5	19
3936.5	16
3937.5	19
3938.5	18
3939.5	15
3940.5	13
3941.5	15
3942.5	17
3943.5	21
3944.5	17
3945.5	12
3946.5	14
3947.5	12
3948.5	9
3949.5	15
3950.5	10
3951.5	9
3952.5	16
3953.5	16
3954.5	12
3955.5	16
3956.5	14
3957.5	14
3958.5	11
3959.5	15
3960.5	9
3961.5	8
3962.5	9
3963.5	11
3964.5	4
3965.5	14
3966.5	8
3967.5	8
3968.5	15
3969.5	8
3970.5	15
3971.5	10
3972.5	10
3973.5	13
3974.5	11
3975.5	12
3976.5	7
3977.5	16
3978.5	7
3979.5	9
3980.5	13
3981.5	8
3982.5	9
3983.5	7
3984.5	11
3985.5	3
3986.5	6
3987.5	7
3988.5	5
3989.5	13
3990.5	11
3991.5	13
3992.5	7
3993.5	12
3994.5	7
3995.5	10
3996.5	7
3997.5	7
3998.5	9
3999.5	14
4000.5	7
4001.5	6
4002.5	7
4003.5	9
4004.5	9
4005.5	5
4006.5	8
4007.5	11
4008.5	8
4009.5	5
4010.5	7
4011.5	9
4012.5	10
4013.5	6
4014.5	8
4015.5	14
4016.5	14
4017.5	11
4018.5	10
4019.5	11
4020.5	14
4021.5	10
4022.5	12
4023.5	12
4024.5	14
4025.5	18
4026.5	12
4027.5	14
4028.5	16
4029.5	21
4030.5	11
4031.5	22
4032.5	25
4033.5	20
4034.5	21
4035.5	24
4036.5	23
4037.5	16
4038.5	18
4039.5	32
4040.5	19
4041.5	25
4042.5	28
4043.5	24
4044.5	25
4045.5	32
4046.5	29
4047.5	32
4048.5	40
4049.5	29
4050.5	33
4051.5	36
4052.5	31
4053.5	37
4054.5	39
4055.5	42
4056.5	34
4057.5	38
4058.5	47
4059.5	44
4060.5	43
4061.5	48
4062.5	49
4063.5	46
4064.5	53
4065.5	47
4066.5	54
4067.5	46
4068.5	50
4069.5	50
4070.5	46
4071.5	38
4072.5	49
4073.5	35
4074.5	57
4075.5	48
4076.5	48
4077.5	44
4078.5	55
4079.5	45
4080.5	45
4081.5	54
4082.5	35
4083.5	57
4084.5	50
4085.5	60
4086.5	57
4087.5	45
4088.5	53
4089.5	48
4090.5	45
4091.5	48
4092.5	42
4093.5	43
4094.5	45
4095.5	37
4096.5	40
4097.5	49
4098.5	54
4099.5	43
4100.5	41
4101.5	39
4102.5	44
4103.5	42
4104.5	43
4105.5	39
4106.5	32
4107.5	44
4108.5	43
4109.5	40
4110.5	48
4111.5	44
4112.5	38
4113.5	39
4114.5	35
4115.5	32
4116.5	36
4117.5	29
4118.5	39
4119.5	32
4120.5	23
4121.5	22
4122.5	29
4123.5	37
4124.5	34
4125.5	23
4126.5	34
4127.5	34
4128.5	21
4129.5	18
4130.5	27
4131.5	28
4132.5	21
4133.5	22
4134.5	20
4135.5	25
4136.5	15
4137.5	19
4138.5	16
4139.5	28
4140.5	7
4141.5	16
4142.5	13
4143.5	21
4144.5	22
4145.5	13
4146.5	10
4147.5	20
4148.5	14
4149.5	11
4150.5	7
4151.5	10
4152.5	10
4153.5	12
4154.5	9
4155.5	6
4156.5	9
4157.5	8
4158.5	9
4159.5	6
4160.5	8
4161.5	7
4162.5	7
4163.5	3
4164.5	6
4165.5	8
4166.5	9
4167.5	4
4168.5	7
4169.5	6
4170.5	5
4171.5	5
4172.5	3
4173.5	4
4174.5	7
4175.5	2
4176.5	2
4177.5	3
4178.5	4
4179.5	3
4180.5	5
4181.5	2
4182.5	3
4183.5	5
4184.5	3
4185.5	5
4186.5	4
4187.5	3
4188.5	4
4189.5	5
4190.5	2
4191.5	2
4192.5	5
4193.5	1
4194.5	3
4195.5	4
4196.5	2
4197.5	2
4198.5	2
4199.5	2
4200.5	1
4201.5	1
4202.5	3
4203.5	2
4204.5	0
4205.5	2
4206.5	1
4207.5	3
4208.5	1
4209.5	1
4210.5	1
4211.5	2
4212.5	0
4213.5	3
4214.5	2
4215.5	2
4216.5	1
4217.5	2
4218.5	0
4219.5	2
4220.5	0
4221.5	1
4222.5	1
4223.5	4
4224.5	2
4225.5	3
4226.5	3
4227.5	4
4228.5	1
4229.5	4
4230.5	1
4231.5	9
4232.5	4
4233.5	2
4234.5	6
4235.5	2
4236.5	3
4237.5	2
4238.5	3
4239.5	3
4240.5	1
4241.5	1
4242.5	6
4243.5	3
4244.5	1
4245.5	1
4246.5	1
4247.5	0
4248.5	2
4249.5	2
4250.5	3
4251.5	1
4252.5	2
4253.5	0
4254.5	1
4255.5	0
4256.5	0
4257.5	4
4258.5	3
4259.5	3
4260.5	2
4261.5	3
4262.5	1
4263.5	3
4264.5	2
4265.5	1
4266.5	1
4267.5	8
4268.5	2
4269.5	4
4270.5	1
4271.5	2
4272.5	1
4273.5	1
4274.5	4
4275.5	1
4276.5	4
4277.5	0
4278.5	2
4279.5	0
4280.5	3
4281.5	3
4282.5	3
4283.5	5
4284.5	1
4285.5	1
4286.5	1
4287.5	0
4288.5	1
4289.5	0
4290.5	2
4291.5	1
4292.5	0
4293.5	2
4294.5	1
4295.5	3
4296.5	4
4297.5	4
4298.5	2
4299.5	0
4300.5	2
4301.5	3
4302.5	1
4303.5	0
4304.5	3
4305.5	5
4306.5	2
4307.5	1
4308.5	4
4309.5	1
4310.5	1
4311.5	2
4312.5	3
4313.5	2
4314.5	1
4315.5	3
4316.5	3
4317.5	5
4318.5	2
4319.5	1
4320.5	3
4321.5	1
4322.5	3
4323.5	0
4324.5	0
4325.5	4
4326.5	2
4327.5	0
4328.5	4
4329.5	0
4330.5	4
4331.5	2
4332.5	0
4333.5	2
4334.5	2
4335.5	3
4336.5	6
4337.5	1
4338.5	5
4339.5	2
4340.5	2
4341.5	5
4342.5	3
4343.5	5
4344.5	4
4345.5	1
4346.5	2
4347.5	1
4348.5	0
4349.5	1
4350.5	2
4351.5	2
4352.5	0
4353.5	1
4354.5	4
4355.5	2
4356.5	2
4357.5	4
4358.5	2
4359.5	1
4360.5	2
4361.5	4
4362.5	1
4363.5	1
4364.5	7
4365.5	5
4366.5	3
4367.5	3
4368.5	3
4369.5	1
4370.5	2
4371.5	2
4372.5	1
4373.5	1
4374.5	3
4375.5	3
4376.5	1
4377.5	3
4378.5	2
4379.5	1
4380.5	3
4381.5	1
4382.5	3
4383.5	4
4384.5	0
4385.5	3
4386.5	0
4387.5	4
4388.5	3
4389.5	2
4390.5	1
4391.5	3
4392.5	2
4393.5	4
4394.5	1
4395.5	2
4396.5	1
4397.5	4
4398.5	2
4399.5	1
4400.5	4
4401.5	1
4402.5	4
4403.5	1
4404.5	1
4405.5	1
4406.5	1
4407.5	0
4408.5	1
4409.5	2
4410.5	3
4411.5	1
4412.5	1
4413.5	0
4414.5	2
4415.5	2
4416.5	3
4417.5	2
4418.5	5
4419.5	1
4420.5	3
4421.5	2
4422.5	1
4423.5	2
4424.5	4
4425.5	0
4426.5	2
4427.5	3
4428.5	1
4429.5	2
4430.5	0
4431.5	1
4432.5	3
4433.5	5
4434.5	3
4435.5	0
4436.5	3
4437.5	1
4438.5	1
4439.5	3
4440.5	1
4441.5	3
4442.5	1
4443.5	3
4444.5	1
4445.5	3
4446.5	2
4447.5	2
4448.5	2
4449.5	2
4450.5	2
4451.5	3
4452.5	3
4453.5	2
4454.5	3
4455.5	2
4456.5	2
4457.5	2
4458.5	3
4459.5	4
4460.5	5
4461.5	1
4462.5	4
4463.5	3
4464.5	1
4465.5	2
4466.5	2
4467.5	4
4468.5	3
4469.5	1
4470.5	0
4471.5	2
4472.5	0
4473.5	4
4474.5	2
4475.5	1
4476.5	0
4477.5	1
4478.5	0
4479.5	4
4480.5	1
4481.5	3
4482.5	4
4483.5	2
4484.5	0
4485.5	1
4486.5	0
4487.5	4
4488.5	5
4489.5	2
4490.5	3
4491.5	4
4492.5	1
4493.5	2
4494.5	0
4495.5	0
4496.5	4
4497.5	4
4498.5	1
4499.5	1
4500.5	2
4501.5	1
4502.5	1
4503.5	1
4504.5	4
4505.5	1
4506.5	8
4507.5	2
4508.5	1
4509.5	2
4510.5	1
4511.5	3
4512.5	1
4513.5	1
4514.5	5
4515.5	2
4516.5	5
4517.5	2
4518.5	6
4519.5	2
4520.5	4
4521.5	4
4522.5	1
4523.5	2
4524.5	2
4525.5	0
4526.5	2
4527.5	2
4528.5	4
4529.5	3
4530.5	2
4531.5	3
4532.5	0
4533.5	2
4534.5	7
4535.5	3
4536.5	2
4537.5	3
4538.5	4
4539.5	2
4540.5	6
4541.5	3
4542.5	0
4543.5	1
4544.5	4
4545.5	4
4546.5	1
4547.5	3
4548.5	5
4549.5	3
4550.5	5
4551.5	4
4552.5	2
4553.5	4
4554.5	2
4555.5	2
4556.5	1
4557.5	6
4558.5	4
4559.5	2
4560.5	0
4561.5	3
4562.5	5
4563.5	1
4564.5	5
4565.5	6
4566.5	4
4567.5	2
4568.5	0
4569.5	5
4570.5	1
4571.5	2
4572.5	1
4573.5	0
4574.5	1
4575.5	2
4576.5	3
4577.5	2
4578.5	4
4579.5	2
4580.5	1
4581.5	0
4582.5	2
4583.5	2
4584.5	2
4585.5	4
4586.5	1
4587.5	1
4588.5	2
4589.5	4
4590.5	2
4591.5	5
4592.5	1
4593.5	3
4594.5	5
4595.5	3
4596.5	0
4597.5	3
4598.5	3
4599.5	2
4600.5	4
4601.5	1
4602.5	3
4603.5	1
4604.5	4
4605.5	2
4606.5	3
4607.5	6
4608.5	2
4609.5	2
4610.5	1
4611.5	2
4612.5	2
4613.5	1
4614.5	4
4615.5	1
4616.5	3
4617.5	1
4618.5	3
4619.5	2
4620.5	4
4621.5	1
4622.5	2
4623.5	2
4624.5	1
4625.5	5
4626.5	7
4627.5	2
4628.5	5
4629.5	2
4630.5	4
4631.5	1
4632.5	1
4633.5	3
4634.5	4
4635.5	6
4636.5	2
4637.5	2
4638.5	3
4639.5	1
4640.5	2
4641.5	3
4642.5	3
4643.5	2
4644.5	2
4645.5	3
4646.5	0
4647.5	0
4648.5	0
4649.5	4
4650.5	0
4651.5	4
4652.5	1
4653.5	2
4654.5	5
4655.5	3
4656.5	1
4657.5	3
4658.5	1
4659.5	3
4660.5	3
4661.5	1
4662.5	2
4663.5	2
4664.5	1
4665.5	2
4666.5	1
4667.5	1
4668.5	4
4669.5	2
4670.5	1
4671.5	0
4672.5	2
4673.5	1
4674.5	2
4675.5	2
4676.5	3
4677.5	1
4678.5	2
4679.5	0
4680.5	3
4681.5	1
4682.5	1
4683.5	4
4684.5	3
4685.5	2
4686.5	1
4687.5	3
4688.5	5
4689.5	3
4690.5	2
4691.5	3
4692.5	5
4693.5	1
4694.5	2
4695.5	5
4696.5	2
4697.5	3
4698.5	2
4699.5	2
4700.5	0
4701.5	1
4702.5	2
4703.5	1
4704.5	2
4705.5	2
4706.5	2
4707.5	0
4708.5	1
4709.5	2
4710.5	4
4711.5	4
4712.5	2
4713.5	3
4714.5	1
4715.5	2
4716.5	2
4717.5	1
4718.5	3
4719.5	2
4720.5	3
4721.5	2
4722.5	3
4723.5	5
4724.5	4
4725.5	3
4726.5	1
4727.5	1
4728.5	2
4729.5	2
4730.5	3
4731.5	6
4732.5	3
4733.5	2
4734.5	3
4735.5	1
4736.5	5
4737.5	2
4738.5	1
4739.5	3
4740.5	3
4741.5	2
4742.5	1
4743.5	2
4744.5	1
4745.5	3
4746.5	2
4747.5	3
4748.5	3
4749.5	2
4750.5	1
4751.5	1
4752.5	2
4753.5	7
4754.5	2
4755.5	0
4756.5	2
4757.5	0
4758.5	1
4759.5	0
4760.5	3
4761.5	1
4762.5	1
4763.5	3
4764.5	3
4765.5	1
4766.5	0
4767.5	2
4768.5	1
4769.5	2
4770.5	1
4771.5	2
4772.5	2
4773.5	6
4774.5	2
4775.5	3
4776.5	1
4777.5	2
4778.5	0
4779.5	3
4780.5	2
4781.5	5
4782.5	3
4783.5	5
4784.5	3
4785.5	1
4786.5	2
4787.5	3
4788.5	2
4789.5	2
4790.5	4
4791.5	2
4792.5	1
4793.5	0
4794.5	2
4795.5	0
4796.5	7
4797.5	4
4798.5	1
4799.5	3
4800.5	5
4801.5	1
4802.5	0
4803.5	0
4804.5	3
4805.5	0
4806.5	3
4807.5	3
4808.5	0
4809.5	3
4810.5	3
4811.5	5
4812.5	1
4813.5	1
4814.5	4
4815.5	3
4816.5	2
4817.5	1
4818.5	1
4819.5	8
4820.5	1
4821.5	1
4822.5	1
4823.5	1
4824.5	0
4825.5	1
4826.5	3
4827.5	0
4828.5	2
4829.5	1
4830.5	6
4831.5	1
4832.5	0
4833.5	2
4834.5	1
4835.5	1
4836.5	4
4837.5	4
4838.5	3
4839.5	3
4840.5	1
4841.5	0
4842.5	6
4843.5	4
4844.5	1
4845.5	0
4846.5	5
4847.5	3
4848.5	1
4849.5	2
4850.5	4
4851.5	2
4852.5	5
4853.5	6
4854.5	3
4855.5	6
4856.5	2
4857.5	0
4858.5	1
4859.5	0
4860.5	1
4861.5	3
4862.5	8
4863.5	4
4864.5	1
4865.5	1
4866.5	6
4867.5	3
4868.5	1
4869.5	0
4870.5	2
4871.5	2
4872.5	1
4873.5	2
4874.5	0
4875.5	5
4876.5	2
4877.5	0
4878.5	2
4879.5	1
4880.5	1
4881.5	5
4882.5	0
4883.5	3
4884.5	3
4885.5	4
4886.5	3
4887.5	5
4888.5	4
4889.5	3
4890.5	3
4891.5	2
4892.5	6
4893.5	4
4894.5	2
4895.5	2
4896.5	3
4897.5	2
4898.5	3
4899.5	2
4900.5	2
4901.5	2
4902.5	1
4903.5	4
4904.5	1
4905.5	0
4906.5	1
4907.5	2
4908.5	2
4909.5	3
4910.5	0
4911.5	3
4912.5	0
4913.5	6
4914.5	0
4915.5	1
4916.5	1
4917.5	2
4918.5	4
4919.5	3
4920.5	2
4921.5	1
4922.5	1
4923.5	3
4924.5	4
4925.5	2
4926.5	0
4927.5	3
4928.5	3
4929.5	2
4930.5	2
4931.5	2
4932.5	4
4933.5	5
4934.5	4
4935.5	6
4936.5	2
4937.5	2
4938.5	3
4939.5	3
4940.5	1
4941.5	2
4942.5	6
4943.5	4
4944.5	2
4945.5	1
4946.5	4
4947.5	0
4948.5	1
4949.5	0
4950.5	5
4951.5	0
4952.5	1
4953.5	2
4954.5	0
4955.5	1
4956.5	2
4957.5	4
4958.5	4
4959.5	1
4960.5	1
4961.5	5
4962.5	3
4963.5	1
4964.5	1
4965.5	1
4966.5	3
4967.5	2
4968.5	2
4969.5	2
4970.5	2
4971.5	1
4972.5	0
4973.5	2
4974.5	2
4975.5	3
4976.5	3
4977.5	1
4978.5	3
4979.5	2
4980.5	3
4981.5	0
4982.5	2
4983.5	0
4984.5	3
4985.5	3
4986.5	2
4987.5	3
4988.5	3
4989.5	3
4990.5	6
4991.5	3
4992.5	1
4993.5	5
4994.5	0
4995.5	1
4996.5	3
4997.5	1
4998.5	0
4999.5	4
5000.5	2
5001.5	2
5002.5	1
5003.5	0
5004.5	2
5005.5	1
5006.5	3
5007.5	1
5008.5	3
5009.5	4
5010.5	2
5011.5	4
5012.5	0
5013.5	5
5014.5	3
5015.5	4
5016.5	3
5017.5	0
5018.5	4
5019.5	2
5020.5	1
5021.5	3
5022.5	0
5023.5	4
5024.5	1
5025.5	2
5026.5	3
5027.5	0
5028.5	1
5029.5	2
5030.5	4
5031.5	2
5032.5	2
5033.5	3
5034.5	3
5035.5	2
5036.5	1
5037.5	1
5038.5	6
5039.5	2
5040.5	3
5041.5	2
5042.5	2
5043.5	5
5044.5	2
5045.5	2
5046.5	4
5047.5	2
5048.5	2
5049.5	7
5050.5	1
5051.5	4
5052.5	1
5053.5	1
5054.5	1
5055.5	2
5056.5	2
5057.5	3
5058.5	0
5059.5	3
5060.5	2
5061.5	0
5062.5	3
5063.5	4
5064.5	0
5065.5	2
5066.5	1
5067.5	4
5068.5	2
5069.5	2
5070.5	2
5071.5	6
5072.5	0
5073.5	1
5074.5	3
5075.5	0
5076.5	1
5077.5	4
5078.5	3
5079.5	0
5080.5	2
5081.5	2
5082.5	4
5083.5	3
5084.5	2
5085.5	4
5086.5	1
5087.5	1
5088.5	2
5089.5	1
5090.5	1
5091.5	2
5092.5	3
5093.5	1
5094.5	3
5095.5	4
5096.5	1
5097.5	2
5098.5	1
5099.5	3
5100.5	2
5101.5	5
5102.5	1
5103.5	4
5104.5	3
5105.5	3
5106.5	2
5107.5	1
5108.5	2
5109.5	0
5110.5	0
5111.5	3
5112.5	3
5113.5	2
5114.5	1
5115.5	4
5116.5	2
5117.5	0
5118.5	3
5119.5	2
5120.5	0
5121.5	1
5122.5	1
5123.5	4
5124.5	0
5125.5	2
5126.5	4
5127.5	1
5128.5	3
5129.5	5
5130.5	4
5131.5	2
5132.5	1
5133.5	5
5134.5	1
5135.5	8
5136.5	5
5137.5	3
5138.5	3
5139.5	0
5140.5	5
5141.5	2
5142.5	4
5143.5	1
5144.5	1
5145.5	6
5146.5	3
5147.5	5
5148.5	4
5149.5	4
5150.5	1
5151.5	3
5152.5	2
5153.5	5
5154.5	2
5155.5	4
5156.5	3
5157.5	3
5158.5	2
5159.5	2
5160.5	3
5161.5	0
5162.5	3
5163.5	3
5164.5	2
5165.5	2
5166.5	3
5167.5	5
5168.5	1
5169.5	4
5170.5	1
5171.5	2
5172.5	2
5173.5	4
5174.5	4
5175.5	5
5176.5	3
5177.5	1
5178.5	2
5179.5	7
5180.5	6
5181.5	1
5182.5	4
5183.5	4
5184.5	2
5185.5	1
5186.5	4
5187.5	2
5188.5	2
5189.5	4
5190.5	4
5191.5	2
5192.5	3
5193.5	3
5194.5	4
5195.5	2
5196.5	2
5197.5	5
5198.5	3
5199.5	3
5200.5	1
5201.5	0
5202.5	5
5203.5	4
5204.5	1
5205.5	5
5206.5	2
5207.5	2
5208.5	2
5209.5	3
5210.5	2
5211.5	2
5212.5	3
5213.5	1
5214.5	2
5215.5	5
5216.5	1
5217.5	4
5218.5	1
5219.5	1
5220.5	2
5221.5	5
5222.5	3
5223.5	3
5224.5	1
5225.5	4
5226.5	0
5227.5	2
5228.5	2
5229.5	3
5230.5	1
5231.5	1
5232.5	2
5233.5	3
5234.5	0
5235.5	0
5236.5	0
5237.5	4
5238.5	2
5239.5	3
5240.5	0
5241.5	1
5242.5	2
5243.5	3
5244.5	3
5245.5	1
5246.5	3
5247.5	1
5248.5	4
5249.5	0
5250.5	0
5251.5	2
5252.5	2
5253.5	5
5254.5	3
5255.5	4
5256.5	1
5257.5	3
5258.5	0
5259.5	5
5260.5	3
5261.5	5
5262.5	4
5263.5	3
5264.5	3
5265.5	2
5266.5	4
5267.5	2
5268.5	2
5269.5	2
5270.5	2
5271.5	3
5272.5	1
5273.5	4
5274.5	3
5275.5	2
5276.5	2
5277.5	4
5278.5	4
5279.5	1
5280.5	2
5281.5	2
5282.5	2
5283.5	1
5284.5	4
5285.5	0
5286.5	0
5287.5	5
5288.5	2
5289.5	4
5290.5	0
5291.5	2
5292.5	4
5293.5	2
5294.5	2
5295.5	2
5296.5	0
5297.5	0
5298.5	1
5299.5	2
5300.5	1
5301.5	2
5302.5	1
5303.5	4
5304.5	4
5305.5	4
5306.5	2
5307.5	1
5308.5	1
5309.5	1
5310.5	1
5311.5	3
5312.5	2
5313.5	2
5314.5	2
5315.5	1
5316.5	2
5317.5	2
5318.5	1
5319.5	3
5320.5	3
5321.5	2
5322.5	2
5323.5	1
5324.5	4
5325.5	4
5326.5	0
5327.5	2
5328.5	2
5329.5	3
5330.5	4
5331.5	2
5332.5	2
5333.5	5
5334.5	0
5335.5	2
5336.5	4
5337.5	2
5338.5	1
5339.5	0
5340.5	2
5341.5	1
5342.5	2
5343.5	1
5344.5	5
5345.5	3
5346.5	2
5347.5	1
5348.5	2
5349.5	2
5350.5	3
5351.5	3
5352.5	0
5353.5	0
5354.5	3
5355.5	2
5356.5	5
5357.5	2
5358.5	3
5359.5	3
5360.5	2
5361.5	1
5362.5	1
5363.5	0
5364.5	2
5365.5	2
5366.5	3
5367.5	6
5368.5	1
5369.5	4
5370.5	0
5371.5	7
5372.5	6
5373.5	3
5374.5	2
5375.5	1
5376.5	5
5377.5	5
5378.5	4
5379.5	3
5380.5	3
5381.5	1
5382.5	3
5383.5	1
5384.5	7
5385.5	4
5386.5	3
5387.5	2
5388.5	2
5389.5	5
5390.5	2
5391.5	2
5392.5	1
5393.5	2
5394.5	2
5395.5	4
5396.5	2
5397.5	4
5398.5	2
5399.5	1
5400.5	0
5401.5	2
5402.5	1
5403.5	2
5404.5	3
5405.5	1
5406.5	1
5407.5	0
5408.5	4
5409.5	2
5410.5	3
5411.5	1
5412.5	3
5413.5	4
5414.5	6
5415.5	1
5416.5	8
5417.5	3
5418.5	0
5419.5	3
5420.5	1
5421.5	3
5422.5	0
5423.5	3
5424.5	2
5425.5	1
5426.5	3
5427.5	1
5428.5	5
5429.5	2
5430.5	0
5431.5	3
5432.5	4
5433.5	1
5434.5	2
5435.5	4
5436.5	0
5437.5	0
5438.5	2
5439.5	1
5440.5	5
5441.5	2
5442.5	5
5443.5	5
5444.5	3
5445.5	1
5446.5	0
5447.5	4
5448.5	0
5449.5	1
5450.5	0
5451.5	0
5452.5	2
5453.5	4
5454.5	2
5455.5	2
5456.5	2
5457.5	0
5458.5	2
5459.5	0
5460.5	2
5461.5	2
5462.5	1
5463.5	1
5464.5	4
5465.5	4
5466.5	2
5467.5	0
5468.5	2
5469.5	2
5470.5	2
5471.5	3
5472.5	3
5473.5	0
5474.5	4
5475.5	1
5476.5	5
5477.5	2
5478.5	1
5479.5	2
5480.5	5
5481.5	3
5482.5	1
5483.5	5
5484.5	6
5485.5	2
5486.5	3
5487.5	1
5488.5	1
5489.5	0
5490.5	1
5491.5	1
5492.5	2
5493.5	2
5494.5	0
5495.5	4
5496.5	6
5497.5	1
5498.5	3
5499.5	5
5500.5	3
5501.5	2
5502.5	0
5503.5	1
5504.5	1
5505.5	0
5506.5	1
5507.5	1
5508.5	0
5509.5	1
5510.5	7
5511.5	1
5512.5	0
5513.5	2
5514.5	2
5515.5	1
5516.5	1
5517.5	1
5518.5	0
5519.5	0
5520.5	0
5521.5	0
5522.5	2
5523.5	2
5524.5	1
5525.5	0
5526.5	0
5527.5	3
5528.5	6
5529.5	1
5530.5	2
5531.5	3
5532.5	1
5533.5	3
5534.5	2
5535.5	3
5536.5	1
5537.5	3
5538.5	3
5539.5	2
5540.5	0
5541.5	3
5542.5	1
5543.5	4
5544.5	0
5545.5	3
5546.5	4
5547.5	2
5548.5	2
5549.5	2
5550.5	2
5551.5	1
5552.5	4
5553.5	2
5554.5	1
5555.5	1
5556.5	0
5557.5	2
5558.5	1
5559.5	1
5560.5	2
5561.5	3
5562.5	1
5563.5	1
5564.5	4
5565.5	2
5566.5	2
5567.5	3
5568.5	1
5569.5	6
5570.5	2
5571.5	3
5572.5	0
5573.5	2
5574.5	1
5575.5	2
5576.5	2
5577.5	0
5578.5	0
5579.5	1
5580.5	1
5581.5	0
5582.5	0
5583.5	1
5584.5	0
5585.5	1
5586.5	0
5587.5	0
5588.5	2
5589.5	3
5590.5	4
5591.5	2
5592.5	1
5593.5	0
5594.5	2
5595.5	1
5596.5	0
5597.5	0
5598.5	3
5599.5	0
5600.5	0
5601.5	3
5602.5	1
5603.5	3
5604.5	3
5605.5	3
5606.5	3
5607.5	1
5608.5	1
5609.5	2
5610.5	3
5611.5	1
5612.5	4
5613.5	2
5614.5	3
5615.5	3
5616.5	1
5617.5	2
5618.5	1
5619.5	1
5620.5	2
5621.5	2
5622.5	0
5623.5	0
5624.5	1
5625.5	3
5626.5	0
5627.5	0
5628.5	3
5629.5	0
5630.5	2
5631.5	1
5632.5	0
5633.5	1
5634.5	4
5635.5	1
5636.5	1
5637.5	1
5638.5	0
5639.5	0
5640.5	1
5641.5	1
5642.5	1
5643.5	2
5644.5	2
5645.5	0
5646.5	2
5647.5	2
5648.5	2
5649.5	2
5650.5	2
5651.5	1
5652.5	1
5653.5	2
5654.5	2
5655.5	1
5656.5	0
5657.5	1
5658.5	1
5659.5	2
5660.5	2
5661.5	1
5662.5	2
5663.5	1
5664.5	3
5665.5	1
5666.5	4
5667.5	1
5668.5	0
5669.5	2
5670.5	3
5671.5	0
5672.5	1
5673.5	1
5674.5	1
5675.5	0
5676.5	1
5677.5	1
5678.5	0
5679.5	0
5680.5	2
5681.5	1
5682.5	0
5683.5	0
5684.5	1
5685.5	2
5686.5	5
5687.5	0
5688.5	2
5689.5	2
5690.5	2
5691.5	2
5692.5	0
5693.5	0
5694.5	2
5695.5	0
5696.5	1
5697.5	6
5698.5	1
5699.5	1
5700.5	0
5701.5	1
5702.5	0
5703.5	2
5704.5	2
5705.5	3
5706.5	1
5707.5	0
5708.5	1
5709.5	0
5710.5	0
5711.5	1
5712.5	1
5713.5	2
5714.5	2
5715.5	1
5716.5	0
5717.5	2
5718.5	1
5719.5	0
5720.5	2
5721.5	3
5722.5	3
5723.5	1
5724.5	0
5725.5	0
5726.5	2
5727.5	0
5728.5	3
5729.5	1
5730.5	1
5731.5	1
5732.5	0
5733.5	1
5734.5	3
5735.5	1
5736.5	1
5737.5	2
5738.5	1
5739.5	0
5740.5	0
5741.5	1
5742.5	1
5743.5	0
5744.5	1
5745.5	0
5746.5	0
5747.5	1
5748.5	1
5749.5	2
5750.5	1
5751.5	0
5752.5	1
5753.5	0
5754.5	0
5755.5	2
5756.5	0
5757.5	1
5758.5	1
5759.5	1
5760.5	0
5761.5	0
5762.5	0
5763.5	1
5764.5	0
5765.5	0
5766.5	0
5767.5	1
5768.5	1
5769.5	0
5770.5	0
5771.5	3
5772.5	1
5773.5	2
5774.5	0
5775.5	0
5776.5	2
5777.5	0
5778.5	1
5779.5	0
5780.5	1
5781.5	1
5782.5	2
5783.5	2
5784.5	1
5785.5	1
5786.5	0
5787.5	0
5788.5	1
5789.5	0
5790.5	1
5791.5	1
5792.5	0
5793.5	0
5794.5	1
5795.5	0
5796.5	1
5797.5	0
5798.5	1
5799.5	1
5800.5	2
5801.5	1
5802.5	0
5803.5	2
5804.5	0
5805.5	1
5806.5	1
5807.5	0
5808.5	0
5809.5	1
5810.5	0
5811.5	0
5812.5	0
5813.5	2
5814.5	0
5815.5	2
5816.5	0
5817.5	0
5818.5	1
5819.5	1
5820.5	0
5821.5	0
5822.5	0
5823.5	0
5824.5	2
5825.5	1
5826.5	1
5827.5	1
5828.5	0
5829.5	2
5830.5	0
5831.5	0
5832.5	1
5833.5	1
5834.5	2
5835.5	1
5836.5	0
5837.5	0
5838.5	1
5839.5	0
5840.5	0
5841.5	1
5842.5	2
5843.5	1
5844.5	0
5845.5	3
5846.5	0
5847.5	1
5848.5	1
5849.5	0
5850.5	0
5851.5	2
5852.5	1
5853.5	0
5854.5	0
5855.5	0
5856.5	0
5857.5	0
5858.5	1
5859.5	1
5860.5	1
5861.5	0
5862.5	1
5863.5	0
5864.5	0
5865.5	2
5866.5	0
5867.5	0
5868.5	3
5869.5	2
5870.5	1
5871.5	2
5872.5	1
5873.5	1
5874.5	1
5875.5	2
5876.5	1
5877.5	2
5878.5	1
5879.5	1
5880.5	0
5881.5	2
5882.5	1
5883.5	1
5884.5	0
5885.5	2
5886.5	0
5887.5	0
5888.5	1
5889.5	0
5890.5	0
5891.5	0
5892.5	0
5893.5	1
5894.5	1
5895.5	1
5896.5	0
5897.5	0
5898.5	0
5899.5	0
5900.5	0
5901.5	0
5902.5	1
5903.5	0
5904.5	0
5905.5	2
5906.5	1
5907.5	1
5908.5	0
5909.5	1
5910.5	0
5911.5	0
5912.5	2
5913.5	1
5914.5	0
5915.5	2
5916.5	1
5917.5	1
5918.5	0
5919.5	1
5920.5	0
5921.5	1
5922.5	2
5923.5	0
5924.5	1
5925.5	1
5926.5	0
5927.5	0
5928.5	0
5929.5	0
5930.5	1
5931.5	0
5932.5	0
5933.5	1
5934.5	0
5935.5	1
5936.5	2
5937.5	0
5938.5	0
5939.5	2
5940.5	1
5941.5	0
5942.5	0
5943.5	1
5944.5	0
5945.5	0
5946.5	0
5947.5	1
5948.5	0
5949.5	1
5950.5	1
5951.5	0
5952.5	2
5953.5	1
5954.5	0
5955.5	0
5956.5	1
5957.5	0
5958.5	0
5959.5	0
5960.5	1
5961.5	1
5962.5	0
5963.5	0
5964.5	1
5965.5	0
5966.5	0
5967.5	0
5968.5	0
5969.5	0
5970.5	0
5971.5	0
5972.5	0
5973.5	1
5974.5	0
5975.5	1
5976.5	1
5977.5	2
5978.5	0
5979.5	1
5980.5	0
5981.5	2
5982.5	1
5983.5	0
5984.5	1
5985.5	0
5986.5	0
5987.5	0
5988.5	0
5989.5	0
5990.5	1
5991.5	1
5992.5	1
5993.5	1
5994.5	0
5995.5	1
5996.5	1
5997.5	0
5998.5	0
5999.5	0
6000.5	0
6001.5	0
6002.5	0
6003.5	2
6004.5	0
6005.5	0
6006.5	1
6007.5	1
6008.5	0
6009.5	0
6010.5	1
6011.5	0
6012.5	0
6013.5	1
6014.5	1
6015.5	0
6016.5	1
6017.5	0
6018.5	0
6019.5	0
6020.5	1
6021.5	2
6022.5	1
6023.5	0
6024.5	0
6025.5	0
6026.5	0
6027.5	1
6028.5	1
6029.5	0
6030.5	2
6031.5	1
6032.5	0
6033.5	1
6034.5	0
6035.5	0
6036.5	0
6037.5	0
6038.5	0
6039.5	3
6040.5	2
6041.5	0
6042.5	0
6043.5	1
6044.5	1
6045.5	1
6046.5	0
6047.5	1
6048.5	0
6049.5	2
6050.5	0
6051.5	0
6052.5	0
6053.5	0
6054.5	0
6055.5	0
6056.5	0
6057.5	0
6058.5	1
6059.5	0
6060.5	0
6061.5	0
6062.5	1
6063.5	2
6064.5	1
6065.5	0
6066.5	1
6067.5	0
6068.5	0
6069.5	1
6070.5	0
6071.5	0
6072.5	0
6073.5	1
6074.5	0
6075.5	0
6076.5	1
6077.5	0
6078.5	1
6079.5	1
6080.5	0
6081.5	0
6082.5	1
6083.5	0
6084.5	0
6085.5	0
6086.5	0
6087.5	0
6088.5	1
6089.5	0
6090.5	1
6091.5	0
6092.5	0
6093.5	1
6094.5	0
6095.5	0
6096.5	0
6097.5	0
6098.5	0
6099.5	1
6100.5	1
6101.5	0
6102.5	0
6103.5	1
6104.5	0
6105.5	1
6106.5	2
6107.5	0
6108.5	0
6109.5	0
6110.5	2
6111.5	1
6112.5	0
6113.5	0
6114.5	1
6115.5	0
6116.5	2
6117.5	1
6118.5	1
6119.5	0
6120.5	0
6121.5	0
6122.5	0
6123.5	0
6124.5	3
6125.5	0
6126.5	1
6127.5	2
6128.5	0
6129.5	2
6130.5	1
6131.5	0
6132.5	0
6133.5	0
6134.5	0
6135.5	3
6136.5	1
6137.5	0
6138.5	2
6139.5	0
6140.5	0
6141.5	0
6142.5	0
6143.5	1
6144.5	0
6145.5	1
6146.5	1
6147.5	0
6148.5	1
6149.5	0
6150.5	0
6151.5	0
6152.5	0
6153.5	0
6154.5	0
6155.5	0
6156.5	4
6157.5	2
6158.5	3
6159.5	1
6160.5	0
6161.5	0
6162.5	0
6163.5	1
6164.5	0
6165.5	1
6166.5	0
6167.5	0
6168.5	0
6169.5	1
6170.5	0
6171.5	0
6172.5	0
6173.5	0
6174.5	0
6175.5	1
6176.5	0
6177.5	0
6178.5	0
6179.5	0
6180.5	0
6181.5	0
6182.5	1
6183.5	2
6184.5	0
6185.5	0
6186.5	1
6187.5	0
6188.5	0
6189.5	1
6190.5	0
6191.5	0
6192.5	2
6193.5	0
6194.5	0
6195.5	0
6196.5	1
6197.5	0
6198.5	0
6199.5	0
6200.5	0
6201.5	0
6202.5	2
6203.5	1
6204.5	0
6205.5	0
6206.5	0
6207.5	0
6208.5	0
6209.5	0
6210.5	0
6211.5	1
6212.5	0
6213.5	0
6214.5	0
6215.5	1
6216.5	0
6217.5	0
6218.5	0
6219.5	0
6220.5	1
6221.5	0
6222.5	0
6223.5	0
6224.5	0
6225.5	1
6226.5	0
6227.5	0
6228.5	0
6229.5	0
6230.5	0
6231.5	0
6232.5	1
6233.5	1
6234.5	0
6235.5	0
6236.5	1
6237.5	0
6238.5	0
6239.5	0
6240.5	2
6241.5	0
6242.5	1
6243.5	0
6244.5	1
6245.5	1
6246.5	0
6247.5	0
6248.5	0
6249.5	0
6250.5	0
6251.5	0
6252.5	0
6253.5	0
6254.5	0
6255.5	0
6256.5	0
6257.5	0
6258.5	0
6259.5	1
6260.5	0
6261.5	1
6262.5	0
6263.5	0
6264.5	2
6265.5	0
6266.5	1
6267.5	1
6268.5	0
6269.5	1
6270.5	0
6271.5	1
6272.5	0
6273.5	0
6274.5	0
6275.5	0
6276.5	1
6277.5	2
6278.5	0
6279.5	1
6280.5	1
6281.5	1
6282.5	0
6283.5	0
6284.5	0
6285.5	0
6286.5	2
6287.5	0
6288.5	0
6289.5	0
6290.5	0
6291.5	1
6292.5	0
6293.5	0
6294.5	0
6295.5	0
6296.5	0
6297.5	1
6298.5	0
6299.5	0
6300.5	0
6301.5	0
6302.5	1
6303.5	0
6304.5	0
6305.5	0
6306.5	0
6307.5	0
6308.5	1
6309.5	0
6310.5	0
6311.5	0
6312.5	0
6313.5	1
6314.5	0
6315.5	3
6316.5	0
6317.5	1
6318.5	0
6319.5	0
6320.5	0
6321.5	0
6322.5	0
6323.5	0
6324.5	0
6325.5	0
6326.5	1
6327.5	1
6328.5	1
6329.5	0
6330.5	0
6331.5	0
6332.5	0
6333.5	0
6334.5	0
6335.5	1
6336.5	1
6337.5	0
6338.5	0
6339.5	1
6340.5	1
6341.5	1
6342.5	0
6343.5	1
6344.5	0
6345.5	0
6346.5	1
6347.5	0
6348.5	1
6349.5	0
6350.5	0
6351.5	0
6352.5	0
6353.5	0
6354.5	0
6355.5	0
6356.5	0
6357.5	2
6358.5	0
6359.5	0
6360.5	0
6361.5	1
6362.5	1
6363.5	0
6364.5	1
6365.5	0
6366.5	0
6367.5	0
6368.5	0
6369.5	1
6370.5	0
6371.5	0
6372.5	0
6373.5	3
6374.5	1
6375.5	2
6376.5	0
6377.5	0
6378.5	1
6379.5	1
6380.5	0
6381.5	0
6382.5	1
6383.5	0
6384.5	0
6385.5	0
6386.5	0
6387.5	0
6388.5	0
6389.5	0
6390.5	0
6391.5	1
6392.5	0
6393.5	1
6394.5	0
6395.5	0
6396.5	0
6397.5	0
6398.5	0
6399.5	0
6400.5	0
6401.5	0
6402.5	1
6403.5	0
6404.5	0
6405.5	0
6406.5	0
6407.5	0
6408.5	0
6409.5	0
6410.5	0
6411.5	0
6412.5	0
6413.5	0
6414.5	0
6415.5	0
6416.5	1
6417.5	0
6418.5	0
6419.5	2
6420.5	0
6421.5	0
6422.5	0
6423.5	0
6424.5	0
6425.5	0
6426.5	0
6427.5	0
6428.5	1
6429.5	0
6430.5	2
6431.5	1
6432.5	0
6433.5	1
6434.5	0
6435.5	0
6436.5	0
6437.5	0
6438.5	0
6439.5	0
6440.5	3
6441.5	0
6442.5	1
6443.5	0
6444.5	2
6445.5	0
6446.5	0
6447.5	0
6448.5	1
6449.5	0
6450.5	0
6451.5	0
6452.5	0
6453.5	1
6454.5	0
6455.5	1
6456.5	0
6457.5	0
6458.5	0
6459.5	1
6460.5	0
6461.5	0
6462.5	0
6463.5	0
6464.5	0
6465.5	0
6466.5	0
6467.5	1
6468.5	0
6469.5	0
6470.5	0
6471.5	0
6472.5	1
6473.5	0
6474.5	1
6475.5	0
6476.5	0
6477.5	1
6478.5	0
6479.5	0
6480.5	0
6481.5	0
6482.5	0
6483.5	1
6484.5	0
6485.5	1
6486.5	0
6487.5	0
6488.5	1
6489.5	0
6490.5	1
6491.5	2
6492.5	0
6493.5	0
6494.5	0
6495.5	0
6496.5	0
6497.5	0
6498.5	1
6499.5	1
6500.5	0
6501.5	1
6502.5	0
6503.5	0
6504.5	0
6505.5	0
6506.5	0
6507.5	0
6508.5	1
6509.5	0
6510.5	0
6511.5	0
6512.5	2
6513.5	0
6514.5	0
6515.5	0
6516.5	1
6517.5	0
6518.5	0
6519.5	0
6520.5	1
6521.5	1
6522.5	0
6523.5	1
6524.5	0
6525.5	1
6526.5	0
6527.5	0
6528.5	0
6529.5	0
6530.5	0
6531.5	0
6532.5	0
6533.5	0
6534.5	0
6535.5	1
6536.5	0
6537.5	0
6538.5	0
6539.5	2
6540.5	0
6541.5	0
6542.5	0
6543.5	0
6544.5	0
6545.5	0
6546.5	0
6547.5	1
6548.5	0
6549.5	1
6550.5	0
6551.5	0
6552.5	1
6553.5	0
6554.5	0
6555.5	0
6556.5	1
6557.5	1
6558.5	0
6559.5	0
6560.5	0
6561.5	1
6562.5	0
6563.5	0
6564.5	1
6565.5	0
6566.5	0
6567.5	0
6568.5	1
6569.5	0
6570.5	1
6571.5	0
6572.5	0
6573.5	0
6574.5	0
6575.5	0
6576.5	0
6577.5	1
6578.5	1
6579.5	1
6580.5	0
6581.5	0
6582.5	0
6583.5	0
6584.5	0
6585.5	0
6586.5	0
6587.5	0
6588.5	1
6589.5	0
6590.5	1
6591.5	0
6592.5	0
6593.5	0
6594.5	0
6595.5	1
6596.5	1
6597.5	0
6598.5	0
6599.5	1
6600.5	0
6601.5	0
6602.5	0
6603.5	0
6604.5	1
6605.5	0
6606.5	0
6607.5	0
6608.5	0
6609.5	0
6610.5	0
6611.5	0
6612.5	0
6613.5	0
6614.5	0
6615.5	0
6616.5	1
6617.5	0
6618.5	0
6619.5	1
6620.5	1
6621.5	0
6622.5	0
6623.5	0
6624.5	0
6625.5	0
6626.5	0
6627.5	0
6628.5	1
6629.5	0
6630.5	1
6631.5	1
6632.5	0
6633.5	0
6634.5	1
6635.5	1
6636.5	1
6637.5	1
6638.5	0
6639.5	0
6640.5	0
6641.5	0
6642.5	0
6643.5	0
6644.5	0
6645.5	0
6646.5	1
6647.5	0
6648.5	0
6649.5	1
6650.5	0
6651.5	0
6652.5	0
6653.5	0
6654.5	0
6655.5	0
6656.5	0
6657.5	0
6658.5	0
6659.5	1
6660.5	0
6661.5	0
6662.5	0
6663.5	0
6664.5	0
6665.5	0
6666.5	0
6667.5	0
6668.5	0
6669.5	0
6670.5	0
6671.5	0
6672.5	0
6673.5	0
6674.5	1
6675.5	0
6676.5	0
6677.5	0
6678.5	1
6679.5	1
6680.5	0
6681.5	0
6682.5	0
6683.5	0
6684.5	0
6685.5	0
6686.5	0
6687.5	1
6688.5	0
6689.5	0
6690.5	0
6691.5	0
6692.5	0
6693.5	0
6694.5	0
6695.5	1
6696.5	0
6697.5	0
6698.5	1
6699.5	0
6700.5	0
6701.5	1
6702.5	0
6703.5	1
6704.5	0
6705.5	0
6706.5	0
6707.5	0
6708.5	0
6709.5	0
6710.5	0
6711.5	0
6712.5	0
6713.5	0
6714.5	0
6715.5	1
6716.5	0
6717.5	1
6718.5	0
6719.5	0
6720.5	0
6721.5	0
6722.5	0
6723.5	0
6724.5	1
6725.5	1
6726.5	0
6727.5	0
6728.5	0
6729.5	0
6730.5	0
6731.5	0
6732.5	1
6733.5	0
6734.5	0
6735.5	0
6736.5	0
6737.5	0
6738.5	0
6739.5	0
6740.5	0
6741.5	0
6742.5	0
6743.5	0
6744.5	0
6745.5	1
6746.5	0
6747.5	1
6748.5	0
6749.5	0
6750.5	1
6751.5	0
6752.5	0
6753.5	1
6754.5	0
6755.5	0
6756.5	0
6757.5	0
6758.5	0
6759.5	0
6760.5	0
6761.5	0
6762.5	0
6763.5	0
6764.5	1
6765.5	0
6766.5	0
6767.5	0
6768.5	0
6769.5	0
6770.5	0
6771.5	0
6772.5	0
6773.5	0
6774.5	0
6775.5	0
6776.5	0
6777.5	0
6778.5	0
6779.5	0
6780.5	0
6781.5	0
6782.5	0
6783.5	1
6784.5	0
6785.5	1
6786.5	0
6787.5	0
6788.5	1
6789.5	0
6790.5	0
6791.5	0
6792.5	0
6793.5	0
6794.5	0
6795.5	0
6796.5	0
6797.5	0
6798.5	0
6799.5	1
6800.5	0
6801.5	0
6802.5	0
6803.5	0
6804.5	0
6805.5	0
6806.5	0
6807.5	0
6808.5	0
6809.5	1
6810.5	0
6811.5	0
6812.5	0
6813.5	0
6814.5	0
6815.5	0
6816.5	0
6817.5	0
6818.5	0
6819.5	0
6820.5	1
6821.5	0
6822.5	0
6823.5	0
6824.5	0
6825.5	0
6826.5	0
6827.5	0
6828.5	0
6829.5	0
6830.5	1
6831.5	2
6832.5	0
6833.5	0
6834.5	0
6835.5	1
6836.5	0
6837.5	0
6838.5	0
6839.5	0
6840.5	0
6841.5	1
6842.5	0
6843.5	0
6844.5	0
6845.5	0
6846.5	0
6847.5	0
6848.5	0
6849.5	1
6850.5	0
6851.5	0
6852.5	0
6853.5	1
6854.5	3
6855.5	0
6856.5	0
6857.5	2
6858.5	0
6859.5	1
6860.5	0
6861.5	0
6862.5	0
6863.5	0
6864.5	2
6865.5	1
6866.5	1
6867.5	0
6868.5	0
6869.5	0
6870.5	0
6871.5	0
6872.5	0
6873.5	0
6874.5	0
6875.5	0
6876.5	0
6877.5	1
6878.5	1
6879.5	0
6880.5	0
6881.5	0
6882.5	0
6883.5	0
6884.5	0
6885.5	0
6886.5	0
6887.5	0
6888.5	0
6889.5	0
6890.5	0
6891.5	0
6892.5	0
6893.5	0
6894.5	0
6895.5	0
6896.5	1
6897.5	0
6898.5	0
6899.5	1
6900.5	0
6901.5	1
6902.5	0
6903.5	0
6904.5	0
6905.5	0
6906.5	0
6907.5	0
6908.5	0
6909.5	1
6910.5	2
6911.5	0
6912.5	0
6913.5	0
6914.5	0
6915.5	0
6916.5	1
6917.5	0
6918.5	0
6919.5	0
6920.5	0
6921.5	0
6922.5	0
6923.5	1
6924.5	0
6925.5	0
6926.5	0
6927.5	0
6928.5	0
6929.5	0
6930.5	0
6931.5	1
6932.5	1
6933.5	0
6934.5	1
6935.5	0
6936.5	0
6937.5	0
6938.5	0
6939.5	0
6940.5	0
6941.5	0
6942.5	0
6943.5	0
6944.5	1
6945.5	0
6946.5	1
6947.5	0
6948.5	0
6949.5	0
6950.5	0
6951.5	0
6952.5	0
6953.5	0
6954.5	0
6955.5	0
6956.5	0
6957.5	0
6958.5	0
6959.5	0
6960.5	0
6961.5	0
6962.5	0
6963.5	0
6964.5	0
6965.5	0
6966.5	0
6967.5	0
6968.5	0
6969.5	0
6970.5	0
6971.5	1
6972.5	0
6973.5	0
6974.5	0
6975.5	0
6976.5	0
6977.5	0
6978.5	0
6979.5	0
6980.5	0
6981.5	0
6982.5	0
6983.5	0
6984.5	0
6985.5	0
6986.5	0
6987.5	1
6988.5	0
6989.5	0
6990.5	0
6991.5	0
6992.5	0
6993.5	0
6994.5	0
6995.5	0
6996.5	0
6997.5	0
6998.5	0
6999.5	0
7000.5	1
7001.5	0
7002.5	1
7003.5	0
7004.5	0
7005.5	0
7006.5	0
7007.5	0
7008.5	0
7009.5	0
7010.5	1
7011.5	0
7012.5	0
7013.5	0
7014.5	0
7015.5	0
7016.5	0
7017.5	0
7018.5	0
7019.5	0
7020.5	1
7021.5	0
7022.5	0
7023.5	0
7024.5	0
7025.5	0
7026.5	0
7027.5	0
7028.5	0
7029.5	0
7030.5	0
7031.5	0
7032.5	0
7033.5	0
7034.5	0
7035.5	0
7036.5	0
7037.5	0
7038.5	0
7039.5	0
7040.5	0
7041.5	1
7042.5	0
7043.5	0
7044.5	0
7045.5	0
7046.5	0
7047.5	0
7048.5	0
7049.5	0
7050.5	0
7051.5	0
7052.5	0
7053.5	0
7054.5	0
7055.5	0
7056.5	0
7057.5	0
7058.5	1
7059.5	0
7060.5	0
7061.5	0
7062.5	1
7063.5	0
7064.5	1
7065.5	0
7066.5	0
7067.5	0
7068.5	0
7069.5	0
7070.5	0
7071.5	0
7072.5	0
7073.5	0
7074.5	0
7075.5	0
7076.5	0
7077.5	0
7078.5	0
7079.5	0
7080.5	0
7081.5	0
7082.5	0
7083.5	0
7084.5	0
7085.5	0
7086.5	0
7087.5	0
7088.5	0
7089.5	0
7090.5	0
7091.5	0
7092.5	0
7093.5	1
7094.5	0
7095.5	0
7096.5	0
7097.5	0
7098.5	0
7099.5	0
7100.5	0
7101.5	0
7102.5	0
7103.5	0
7104.5	0
7105.5	0
7106.5	0
7107.5	0
7108.5	0
7109.5	0
7110.5	1
7111.5	0
7112.5	0
7113.5	0
7114.5	0
7115.5	1
7116.5	0
7117.5	0
7118.5	0
7119.5	0
7120.5	0
7121.5	0
7122.5	0
7123.5	0
7124.5	0
7125.5	0
7126.5	0
7127.5	0
7128.5	0
7129.5	0
7130.5	0
7131.5	1
7132.5	0
7133.5	0
7134.5	0
7135.5	0
7136.5	0
7137.5	0
7138.5	0
7139.5	0
7140.5	0
7141.5	0
7142.5	1
7143.5	0
7144.5	0
7145.5	0
7146.5	0
7147.5	0
7148.5	0
7149.5	0
7150.5	0
7151.5	0
7152.5	0
7153.5	0
7154.5	0
7155.5	0
7156.5	0
7157.5	0
7158.5	0
7159.5	0
7160.5	0
7161.5	0
7162.5	0
7163.5	0
7164.5	0
7165.5	0
7166.5	0
7167.5	0
7168.5	0
7169.5	0
7170.5	0
7171.5	0
7172.5	0
7173.5	0
7174.5	0
7175.5	0
7176.5	0
7177.5	0
7178.5	0
7179.5	0
7180.5	0
7181.5	0
7182.5	0
7183.5	0
7184.5	0
7185.5	0
7186.5	0
7187.5	0
7188.5	0
7189.5	0
7190.5	0
7191.5	0
7192.5	0
7193.5	0
7194.5	0
7195.5	0
7196.5	0
7197.5	0
7198.5	0
7199.5	0
7200.5	0
7201.5	0
7202.5	0
7203.5	0
7204.5	0
7205.5	0
7206.5	0
7207.5	0
7208.5	0
7209.5	0
7210.5	0
7211.5	0
7212.5	0
7213.5	0
7214.5	0
7215.5	0
7216.5	0
7217.5	0
7218.5	0
7219.5	0
7220.5	0
7221.5	0
7222.5	0
7223.5	0
7224.5	0
7225.5	0
7226.5	0
7227.5	0
7228.5	0
7229.5	0
7230.5	0
7231.5	0
7232.5	0
7233.5	0
7234.5	0
7235.5	0
7236.5	0
7237.5	0
7238.5	0
7239.5	0
7240.5	0
7241.5	0
7242.5	0
7243.5	0
7244.5	0
7245.5	0
7246.5	0
7247.5	0
7248.5	0
7249.5	0
7250.5	0
7251.5	0
7252.5	0
7253.5	0
7254.5	0
7255.5	0
7256.5	0
7257.5	0
7258.5	0
7259.5	0
7260.5	0
7261.5	0
7262.5	0
7263.5	0
7264.5	0
7265.5	0
7266.5	0
7267.5	0
7268.5	0
7269.5	0
7270.5	0
7271.5	0
7272.5	0
7273.5	0
7274.5	0
7275.5	0
7276.5	0
7277.5	0
7278.5	0
7279.5	0
7280.5	0
7281.5	0
7282.5	0
7283.5	0
7284.5	0
7285.5	0
7286.5	0
7287.5	0
7288.5	0
7289.5	0
7290.5	0
7291.5	0
7292.5	0
7293.5	0
7294.5	0
7295.5	0
7296.5	0
7297.5	0
7298.5	0
7299.5	0
7300.5	0
7301.5	0
7302.5	0
7303.5	0
7304.5	0
7305.5	0
7306.5	0
7307.5	0
7308.5	0
7309.5	0
7310.5	0
7311.5	0
7312.5	0
7313.5	0
7314.5	0
7315.5	0
7316.5	0
7317.5	0
7318.5	0
7319.5	0
7320.5	0
7321.5	0
7322.5	0
7323.5	0
7324.5	0
7325.5	0
7326.5	0
7327.5	0
7328.5	0
7329.5	0
7330.5	0
7331.5	0
7332.5	0
7333.5	0
7334.5	0
7335.5	0
7336.5	0
7337.5	0
7338.5	0
7339.5	0
7340.5	0
7341.5	0
7342.5	0
7343.5	0
7344.5	0
7345.5	0
7346.5	0
7347.5	0
7348.5	0
7349.5	0
7350.5	0
7351.5	0
7352.5	0
7353.5	0
7354.5	0
7355.5	0
7356.5	0
7357.5	0
7358.5	0
7359.5	0
7360.5	0
7361.5	0
7362.5	0
7363.5	0
7364.5	0
7365.5	0
7366.5	0
7367.5	0
7368.5	0
7369.5	0
7370.5	0
7371.5	0
7372.5	0
7373.5	0
7374.5	0
7375.5	0
7376.5	0
7377.5	0
7378.5	0
7379.5	0
7380.5	0
7381.5	0
7382.5	0
7383.5	0
7384.5	0
7385.5	0
7386.5	0
7387.5	0
7388.5	0
7389.5	0
7390.5	0
7391.5	0
7392.5	0
7393.5	0
7394.5	0
7395.5	0
7396.5	0
7397.5	0
7398.5	0
7399.5	0
7400.5	0
7401.5	0
7402.5	0
7403.5	0
7404.5	0
7405.5	0
7406.5	0
7407.5	0
7408.5	0
7409.5	0
7410.5	0
7411.5	0
7412.5	0
7413.5	0
7414.5	0
7415.5	0
7416.5	0
7417.5	0
7418.5	0
7419.5	0
7420.5	0
7421.5	0
7422.5	0
7423.5	0
7424.5	0
7425.5	0
7426.5	0
7427.5	0
7428.5	0
7429.5	0
7430.5	0
7431.5	0
7432.5	0
7433.5	0
7434.5	0
7435.5	0
7436.5	0
7437.5	0
7438.5	0
7439.5	0
7440.5	0
7441.5	0
7442.5	0
7443.5	0
7444.5	0
7445.5	0
7446.5	0
7447.5	0
7448.5	0
7449.5	0
7450.5	0
7451.5	0
7452.5	0
7453.5	0
7454.5	0
7455.5	0
7456.5	0
7457.5	0
7458.5	0
7459.5	0
7460.5	0
7461.5	0
7462.5	0
7463.5	0
7464.5	0
7465.5	0
7466.5	0
7467.5	0
7468.5	0
7469.5	0
7470.5	0
7471.5	0
7472.5	0
7473.5	0
7474.5	0
7475.5	0
7476.5	0
7477.5	0
7478.5	0
7479.5	0
7480.5	0
7481.5	0
7482.5	0
7483.5	0
7484.5	0
7485.5	0
7486.5	0
7487.5	0
7488.5	0
7489.5	0
7490.5	0
7491.5	0
7492.5	0
7493.5	0
7494.5	0
7495.5	0
7496.5	0
7497.5	0
7498.5	0
7499.5	0
7500.5	0
7501.5	0
7502.5	0
7503.5	0
7504.5	0
7505.5	0
7506.5	0
7507.5	0
7508.5	0
7509.5	0
7510.5	0
7511.5	0
7512.5	0
7513.5	0
7514.5	0
7515.5	0
7516.5	0
7517.5	0
7518.5	0
7519.5	0
7520.5	0
7521.5	0
7522.5	0
7523.5	0
7524.5	0
7525.5	0
7526.5	0
7527.5	0
7528.5	0
7529.5	0
7530.5	0
7531.5	0
7532.5	0
7533.5	0
7534.5	0
7535.5	0
7536.5	0
7537.5	0
7538.5	0
7539.5	0
7540.5	0
7541.5	0
7542.5	0
7543.5	0
7544.5	0
7545.5	0
7546.5	0
7547.5	0
7548.5	0
7549.5	0
7550.5	0
7551.5	0
7552.5	0
7553.5	0
7554.5	0
7555.5	0
7556.5	0
7557.5	0
7558.5	0
7559.5	0
7560.5	0
7561.5	0
7562.5	0
7563.5	0
7564.5	0
7565.5	0
7566.5	0
7567.5	0
7568.5	0
7569.5	0
7570.5	0
7571.5	0
7572.5	0
7573.5	0
7574.5	0
7575.5	0
7576.5	0
7577.5	0
7578.5	0
7579.5	0
7580.5	0
7581.5	0
7582.5	0
7583.5	0
7584.5	0
7585.5	0
7586.5	0
7587.5	0
7588.5	0
7589.5	0
7590.5	0
7591.5	0
7592.5	0
7593.5	0
7594.5	0
7595.5	0
7596.5	0
7597.5	0
7598.5	0
7599.5	0
7600.5	0
7601.5	0
7602.5	0
7603.5	0
7604.5	0
7605.5	0
7606.5	0
7607.5	0
7608.5	0
7609.5	0
7610.5	0
7611.5	0
7612.5	0
7613.5	0
7614.5	0
7615.5	0
7616.5	0
7617.5	0
7618.5	0
7619.5	0
7620.5	0
7621.5	0
7622.5	0
7623.5	0
7624.5	0
7625.5	0
7626.5	0
7627.5	0
7628.5	0
7629.5	0
7630.5	0
7631.5	0
7632.5	0
7633.5	0
7634.5	0
7635.5	0
7636.5	0
7637.5	0
7638.5	0
7639.5	0
7640.5	0
7641.5	0
7642.5	0
7643.5	0
7644.5	0
7645.5	0
7646.5	0
7647.5	0
7648.5	0
7649.5	0
7650.5	0
7651.5	0
7652.5	0
7653.5	0
7654.5	0
7655.5	0
7656.5	0
7657.5	0
7658.5	0
7659.5	0
7660.5	0
7661.5	0
7662.5	0
7663.5	0
7664.5	0
7665.5	0
7666.5	0
7667.5	0
7668.5	0
7669.5	0
7670.5	0
7671.5	0
7672.5	0
7673.5	0
7674.5	0
7675.5	0
7676.5	0
7677.5	0
7678.5	0
7679.5	0
7680.5	0
7681.5	0
7682.5	0
7683.5	0
7684.5	0
7685.5	0
7686.5	0
7687.5	0
7688.5	0
7689.5	0
7690.5	0
7691.5	0
7692.5	0
7693.5	0
7694.5	0
7695.5	0
7696.5	0
7697.5	0
7698.5	0
7699.5	0
7700.5	0
7701.5	0
7702.5	0
7703.5	0
7704.5	0
7705.5	0
7706.5	0
7707.5	0
7708.5	0
7709.5	0
7710.5	0
7711.5	0
7712.5	0
7713.5	0
7714.5	0
7715.5	0
7716.5	0
7717.5	0
7718.5	0
7719.5	0
7720.5	0
7721.5	0
7722.5	0
7723.5	0
7724.5	0
7725.5	0
7726.5	0
7727.5	0
7728.5	0
7729.5	0
7730.5	0
7731.5	0
7732.5	0
7733.5	0
7734.5	0
7735.5	0
7736.5	0
7737.5	0
7738.5	0
7739.5	0
7740.5	0
7741.5	0
7742.5	0
7743.5	0
7744.5	0
7745.5	0
7746.5	0
7747.5	0
7748.5	0
7749.5	0
7750.5	0
7751.5	0
7752.5	0
7753.5	0
7754.5	0
7755.5	0
7756.5	0
7757.5	0
7758.5	0
7759.5	0
7760.5	0
7761.5	0
7762.5	0
7763.5	0
7764.5	0
7765.5	0
7766.5	0
7767.5	0
7768.5	0
7769.5	0
7770.5	0
7771.5	0
7772.5	0
7773.5	0
7774.5	0
7775.5	0
7776.5	0
7777.5	0
7778.5	0
7779.5	0
7780.5	0
7781.5	0
7782.5	0
7783.5	0
7784.5	0
7785.5	0
7786.5	0
7787.5	0
7788.5	0
7789.5	0
7790.5	0
7791.5	0
7792.5	0
7793.5	0
7794.5	0
7795.5	0
7796.5	0
7797.5	0
7798.5	0
7799.5	0
7800.5	0
7801.5	0
7802.5	0
7803.5	0
7804.5	0
7805.5	0
7806.5	0
7807.5	0
7808.5	0
7809.5	0
7810.5	0
7811.5	0
7812.5	0
7813.5	0
7814.5	0
7815.5	0
7816.5	0
7817.5	0
7818.5	0
7819.5	0
7820.5	0
7821.5	0
7822.5	0
7823.5	0
7824.5	0
7825.5	0
7826.5	0
7827.5	0
7828.5	0
7829.5	0
7830.5	0
7831.5	0
7832.5	0
7833.5	0
7834.5	0
7835.5	0
7836.5	0
7837.5	0
7838.5	0
7839.5	0
7840.5	0
7841.5	0
7842.5	0
7843.5	0
7844.5	0
7845.5	0
7846.5	0
7847.5	0
7848.5	0
7849.5	0
7850.5	0
7851.5	0
7852.5	0
7853.5	0
7854.5	0
7855.5	0
7856.5	0
7857.5	0
7858.5	0
7859.5	0
7860.5	0
7861.5	0
7862.5	0
7863.5	0
7864.5	0
7865.5	0
7866.5	0
7867.5	0
7868.5	0
7869.5	0
7870.5	0
7871.5	0
7872.5	0
7873.5	0
7874.5	0
7875.5	0
7876.5	0
7877.5	0
7878.5	0
7879.5	0
7880.5	0
7881.5	0
7882.5	0
7883.5	0
7884.5	0
7885.5	0
7886.5	0
7887.5	0
7888.5	0
7889.5	0
7890.5	0
7891.5	0
7892.5	0
7893.5	0
7894.5	0
7895.5	0
7896.5	0
7897.5	0
7898.5	0
7899.5	0
7900.5	0
7901.5	0
7902.5	0
7903.5	0
7904.5	0
7905.5	0
7906.5	0
7907.5	0
7908.5	0
7909.5	0
7910.5	0
7911.5	0
7912.5	0
7913.5	0
7914.5	0
7915.5	0
7916.5	0
7917.5	0
7918.5	0
7919.5	0
7920.5	0
7921.5	0
7922.5	0
7923.5	0
7924.5	0
7925.5	0
7926.5	0
7927.5	0
7928.5	0
7929.5	0
7930.5	0
7931.5	0
7932.5	0
7933.5	0
7934.5	0
7935.5	0
7936.5	0
7937.5	0
7938.5	0
7939.5	0
7940.5	0
7941.5	0
7942.5	0
7943.5	0
7944.5	0
7945.5	0
7946.5	0
7947.5	0
7948.5	0
7949.5	0
7950.5	0
7951.5	0
7952.5	0
7953.5	0
7954.5	0
7955.5	0
7956.5	0
7957.5	0
7958.5	0
7959.5	0
7960.5	0
7961.5	0
7962.5	0
7963.5	0
7964.5	0
7965.5	0
7966.5	0
7967.5	0
7968.5	0
7969.5	0
7970.5	0
7971.5	0
7972.5	0
7973.5	0
7974.5	0
7975.5	0
7976.5	0
7977.5	0
7978.5	0
7979.5	0
7980.5	0
7981.5	0
7982.5	0
7983.5	0
7984.5	0
7985.5	0
7986.5	0
7987.5	0
7988.5	0
7989.5	0
7990.5	0
7991.5	0
7992.5	0
7993.5	0
7994.5	0
7995.5	0
7996.5	0
7997.5	0
7998.5	0
7999.5	0
8000.5	0
8001.5	0
8002.5	0
8003.5	0
8004.5	0
8005.5	0
8006.5	0
8007.5	0
8008.5	0
8009.5	0
8010.5	0
8011.5	0
8012.5	0
8013.5	0
8014.5	0
8015.5	0
8016.5	0
8017.5	0
8018.5	0
8019.5	0
8020.5	0
8021.5	0
8022.5	0
8023.5	0
8024.5	0
8025.5	0
8026.5	0
8027.5	0
8028.5	0
8029.5	0
8030.5	0
8031.5	0
8032.5	0
8033.5	0
8034.5	0
8035.5	0
8036.5	0
8037.5	0
8038.5	0
8039.5	0
8040.5	0
8041.5	0
8042.5	0
8043.5	0
8044.5	0
8045.5	0
8046.5	0
8047.5	0
8048.5	0
8049.5	0
8050.5	0
8051.5	0
8052.5	0
8053.5	0
8054.5	0
8055.5	0
8056.5	0
8057.5	0
8058.5	0
8059.5	0
8060.5	0
8061.5	0
8062.5	0
8063.5	0
8064.5	0
8065.5	0
8066.5	0
8067.5	0
8068.5	0
8069.5	0
8070.5	0
8071.5	0
8072.5	0
8073.5	0
8074.5	0
8075.5	0
8076.5	0
8077.5	0
8078.5	0
8079.5	0
8080.5	0
8081.5	0
8082.5	0
8083.5	0
8084.5	0
8085.5	0
8086.5	0
8087.5	0
8088.5	0
8089.5	0
8090.5	0
8091.5	0
8092.5	0
8093.5	0
8094.5	0
8095.5	0
8096.5	0
8097.5	0
8098.5	0
8099.5	0
8100.5	0
8101.5	0
8102.5	0
8103.5	0
8104.5	0
8105.5	0
8106.5	0
8107.5	0
8108.5	0
8109.5	0
8110.5	0
8111.5	0
8112.5	0
8113.5	0
8114.5	0
8115.5	0
8116.5	0
8117.5	0
8118.5	0
8119.5	0
8120.5	0
8121.5	0
8122.5	0
8123.5	0
8124.5	0
8125.5	0
8126.5	0
8127.5	0
8128.5	0
8129.5	0
8130.5	0
8131.5	0
8132.5	0
8133.5	0
8134.5	0
8135.5	0
8136.5	0
8137.5	0
8138.5	0
8139.5	0
8140.5	0
8141.5	0
8142.5	0
8143.5	0
8144.5	0
8145.5	0
8146.5	0
8147.5	0
8148.5	0
8149.5	0
8150.5	0
8151.5	0
8152.5	0
8153.5	0
8154.5	0
8155.5	0
8156.5	0
8157.5	0
8158.5	0
8159.5	0
8160.5	0
8161.5	0
8162.5	0
8163.5	0
8164.5	0
8165.5	0
8166.5	0
8167.5	0
8168.5	0
8169.5	0
8170.5	0
8171.5	0
8172.5	0
8173.5	0
8174.5	0
8175.5	0
8176.5	0
8177.5	0
8178.5	0
8179.5	0
8180.5	0
8181.5	0
8182.5	0
8183.5	0
8184.5	0
8185.5	0
8186.5	0
8187.5	0
8188.5	0
8189.5	0
8190.5	0
8191.5	0
