0.5	1529
1.5	653
2.5	138
3.5	45
4.5	24
5.5	14
6.5	17
7.5	31
8.5	24
9.5	20
10.5	26
11.5	23
12.5	23
13.5	33
14.5	26
15.5	30
16.5	22
17.5	29
18.5	31
19.5	24
20.5	30
21.5	27
22.5	32
23.5	31
24.5	12
25.5	25
26.5	32
27.5	34
28.5	26
29.5	30
30.5	36
31.5	30
32.5	27
33.5	28
34.5	41
35.5	50
36.5	45
37.5	58
38.5	57
39.5	52
40.5	76
41.5	73
42.5	88
43.5	91
44.5	89
45.5	73
46.5	79
47.5	86
48.5	87
49.5	89
50.5	79
51.5	70
52.5	65
53.5	72
54.5	61
55.5	54
56.5	60
57.5	64
58.5	40
59.5	47
60.5	55
61.5	44
62.5	37
63.5	46
64.5	54
65.5	50
66.5	38
67.5	51
68.5	51
69.5	42
70.5	48
71.5	42
72.5	56
73.5	43
74.5	53
75.5	42
76.5	53
77.5	44
78.5	52
79.5	54
80.5	41
81.5	61
82.5	66
83.5	51
84.5	50
85.5	70
86.5	63
87.5	60
88.5	64
89.5	74
90.5	78
91.5	89
92.5	140
93.5	160
94.5	166
95.5	248
96.5	268
97.5	343
98.5	474
99.5	570
100.5	692
101.5	888
102.5	991
103.5	1204
104.5	1407
105.5	1500
106.5	1853
107.5	2025
108.5	2292
109.5	2507
110.5	2792
111.5	3027
112.5	3385
113.5	3700
114.5	3972
115.5	4261
116.5	4459
117.5	4876
118.5	5097
119.5	5250
120.5	5732
121.5	5963
122.5	6666
123.5	7358
124.5	8491
125.5	10356
126.5	12873
127.5	17125
128.5	22128
129.5	28204
130.5	35273
131.5	42047
132.5	48599
133.5	52492
134.5	54068
135.5	52546
136.5	47843
137.5	41615
138.5	34290
139.5	26967
140.5	20062
141.5	14308
142.5	10092
143.5	6802
144.5	4926
145.5	3984
146.5	3225
147.5	2904
148.5	2709
149.5	2691
150.5	2731
151.5	2749
152.5	2921
153.5	3120
154.5	3494
155.5	3831
156.5	4370
157.5	4998
158.5	6054
159.5	6610
160.5	7437
161.5	7875
162.5	8523
163.5	8529
164.5	8508
165.5	7851
166.5	7125
167.5	6108
168.5	5198
169.5	4423
170.5	3653
171.5	3028
172.5	2595
173.5	2202
174.5	2045
175.5	1847
176.5	1775
177.5	1765
178.5	1653
179.5	1702
180.5	1585
181.5	1719
182.5	1698
183.5	1760
184.5	1713
185.5	1733
186.5	1794
187.5	1694
188.5	1742
189.5	1720
190.5	1762
191.5	1683
192.5	1740
193.5	1660
194.5	1574
195.5	1568
196.5	1509
197.5	1479
198.5	1533
199.5	1513
200.5	1395
201.5	1347
202.5	1343
203.5	1308
204.5	1176
205.5	1209
206.5	1231
207.5	1196
208.5	1216
209.5	1188
210.5	1259
211.5	1250
212.5	1201
213.5	1209
214.5	1236
215.5	1177
216.5	1246
217.5	1252
218.5	1260
219.5	1273
220.5	1249
221.5	1311
222.5	1258
223.5	1293
224.5	1263
225.5	1206
226.5	1214
227.5	1189
228.5	1129
229.5	1096
230.5	1053
231.5	1031
232.5	1009
233.5	984
234.5	916
235.5	932
236.5	928
237.5	879
238.5	932
239.5	900
240.5	878
241.5	872
242.5	899
243.5	878
244.5	897
245.5	878
246.5	872
247.5	864
248.5	836
249.5	812
250.5	792
251.5	779
252.5	809
253.5	812
254.5	826
255.5	830
256.5	835
257.5	780
258.5	785
259.5	796
260.5	791
261.5	812
262.5	744
263.5	803
264.5	776
265.5	808
266.5	730
267.5	820
268.5	771
269.5	752
270.5	795
271.5	738
272.5	781
273.5	719
274.5	718
275.5	753
276.5	748
277.5	727
278.5	714
279.5	723
280.5	788
281.5	751
282.5	790
283.5	783
284.5	881
285.5	878
286.5	980
287.5	1170
288.5	1260
289.5	1431
290.5	1596
291.5	1884
292.5	2092
293.5	2320
294.5	2599
295.5	2862
296.5	3074
297.5	3216
298.5	3305
299.5	3226
300.5	3254
301.5	3062
302.5	2856
303.5	2656
304.5	2336
305.5	2036
306.5	1814
307.5	1512
308.5	1416
309.5	1122
310.5	942
311.5	800
312.5	658
313.5	591
314.5	526
315.5	529
316.5	443
317.5	419
318.5	427
319.5	383
320.5	422
321.5	370
322.5	350
323.5	359
324.5	398
325.5	389
326.5	373
327.5	369
328.5	374
329.5	370
330.5	346
331.5	380
332.5	340
333.5	386
334.5	356
335.5	331
336.5	337
337.5	339
338.5	376
339.5	349
340.5	361
341.5	361
342.5	326
343.5	332
344.5	322
345.5	336
346.5	349
347.5	347
348.5	374
349.5	341
350.5	328
351.5	337
352.5	350
353.5	367
354.5	314
355.5	296
356.5	344
357.5	346
358.5	325
359.5	332
360.5	306
361.5	337
362.5	312
363.5	299
364.5	317
365.5	357
366.5	305
367.5	355
368.5	328
369.5	323
370.5	330
371.5	351
372.5	382
373.5	369
374.5	338
375.5	357
376.5	327
377.5	363
378.5	324
379.5	368
380.5	308
381.5	328
382.5	299
383.5	285
384.5	292
385.5	281
386.5	287
387.5	219
388.5	259
389.5	234
390.5	222
391.5	256
392.5	217
393.5	229
394.5	234
395.5	257
396.5	197
397.5	206
398.5	247
399.5	247
400.5	237
401.5	242
402.5	217
403.5	231
404.5	239
405.5	243
406.5	236
407.5	216
408.5	194
409.5	202
410.5	235
411.5	239
412.5	196
413.5	219
414.5	233
415.5	198
416.5	210
417.5	219
418.5	210
419.5	188
420.5	193
421.5	184
422.5	225
423.5	206
424.5	192
425.5	210
426.5	185
427.5	181
428.5	188
429.5	165
430.5	198
431.5	179
432.5	193
433.5	200
434.5	197
435.5	189
436.5	175
437.5	201
438.5	192
439.5	195
440.5	195
441.5	194
442.5	173
443.5	192
444.5	164
445.5	177
446.5	171
447.5	173
448.5	191
449.5	205
450.5	159
451.5	195
452.5	187
453.5	185
454.5	181
455.5	178
456.5	191
457.5	190
458.5	192
459.5	183
460.5	184
461.5	170
462.5	182
463.5	185
464.5	204
465.5	196
466.5	196
467.5	185
468.5	180
469.5	198
470.5	187
471.5	206
472.5	209
473.5	170
474.5	198
475.5	170
476.5	210
477.5	177
478.5	175
479.5	193
480.5	175
481.5	196
482.5	184
483.5	213
484.5	195
485.5	171
486.5	203
487.5	209
488.5	236
489.5	217
490.5	248
491.5	222
492.5	271
493.5	286
494.5	353
495.5	359
496.5	381
497.5	440
498.5	432
499.5	474
500.5	486
501.5	527
502.5	579
503.5	614
504.5	645
505.5	652
506.5	644
507.5	655
508.5	656
509.5	698
510.5	647
511.5	625
512.5	570
513.5	546
514.5	545
515.5	517
516.5	480
517.5	416
518.5	366
519.5	297
520.5	296
521.5	283
522.5	234
523.5	221
524.5	190
525.5	199
526.5	189
527.5	179
528.5	156
529.5	164
530.5	169
531.5	157
532.5	136
533.5	144
534.5	138
535.5	171
536.5	166
537.5	123
538.5	148
539.5	141
540.5	140
541.5	157
542.5	133
543.5	127
544.5	128
545.5	142
546.5	120
547.5	147
548.5	156
549.5	133
550.5	118
551.5	132
552.5	142
553.5	144
554.5	142
555.5	145
556.5	156
557.5	121
558.5	120
559.5	139
560.5	120
561.5	134
562.5	156
563.5	132
564.5	132
565.5	151
566.5	135
567.5	140
568.5	130
569.5	133
570.5	142
571.5	145
572.5	144
573.5	134
574.5	116
575.5	148
576.5	145
577.5	132
578.5	113
579.5	141
580.5	139
581.5	137
582.5	133
583.5	143
584.5	115
585.5	133
586.5	118
587.5	111
588.5	136
589.5	138
590.5	134
591.5	127
592.5	154
593.5	135
594.5	124
595.5	124
596.5	138
597.5	139
598.5	133
599.5	143
600.5	134
601.5	114
602.5	129
603.5	117
604.5	113
605.5	139
606.5	129
607.5	112
608.5	125
609.5	119
610.5	119
611.5	131
612.5	123
613.5	111
614.5	144
615.5	126
616.5	126
617.5	118
618.5	139
619.5	131
620.5	122
621.5	117
622.5	125
623.5	102
624.5	138
625.5	131
626.5	136
627.5	112
628.5	115
629.5	116
630.5	114
631.5	129
632.5	116
633.5	115
634.5	108
635.5	134
636.5	125
637.5	118
638.5	109
639.5	123
640.5	120
641.5	121
642.5	111
643.5	118
644.5	111
645.5	124
646.5	112
647.5	108
648.5	116
649.5	125
650.5	100
651.5	105
652.5	125
653.5	96
654.5	79
655.5	98
656.5	82
657.5	107
658.5	117
659.5	109
660.5	98
661.5	107
662.5	104
663.5	119
664.5	97
665.5	100
666.5	100
667.5	104
668.5	105
669.5	108
670.5	102
671.5	98
672.5	125
673.5	100
674.5	84
675.5	86
676.5	78
677.5	101
678.5	97
679.5	86
680.5	77
681.5	102
682.5	111
683.5	94
684.5	83
685.5	94
686.5	95
687.5	97
688.5	89
689.5	68
690.5	81
691.5	92
692.5	84
693.5	90
694.5	78
695.5	98
696.5	80
697.5	74
698.5	89
699.5	97
700.5	71
701.5	77
702.5	84
703.5	70
704.5	93
705.5	68
706.5	79
707.5	72
708.5	77
709.5	81
710.5	79
711.5	91
712.5	88
713.5	82
714.5	77
715.5	84
716.5	74
717.5	92
718.5	79
719.5	70
720.5	78
721.5	85
722.5	93
723.5	91
724.5	61
725.5	94
726.5	70
727.5	55
728.5	67
729.5	92
730.5	81
731.5	74
732.5	80
733.5	87
734.5	76
735.5	86
736.5	97
737.5	77
738.5	74
739.5	73
740.5	67
741.5	92
742.5	74
743.5	83
744.5	88
745.5	87
746.5	69
747.5	94
748.5	79
749.5	86
750.5	74
751.5	89
752.5	83
753.5	90
754.5	78
755.5	62
756.5	80
757.5	85
758.5	76
759.5	80
760.5	69
761.5	82
762.5	99
763.5	81
764.5	71
765.5	83
766.5	93
767.5	101
768.5	92
769.5	84
770.5	86
771.5	76
772.5	103
773.5	94
774.5	90
775.5	85
776.5	92
777.5	104
778.5	87
779.5	86
780.5	91
781.5	95
782.5	98
783.5	92
784.5	77
785.5	77
786.5	88
787.5	100
788.5	86
789.5	77
790.5	79
791.5	75
792.5	102
793.5	81
794.5	91
795.5	82
796.5	91
797.5	84
798.5	85
799.5	97
800.5	87
801.5	75
802.5	87
803.5	81
804.5	99
805.5	79
806.5	78
807.5	83
808.5	88
809.5	92
810.5	103
811.5	83
812.5	97
813.5	101
814.5	118
815.5	95
816.5	107
817.5	119
818.5	117
819.5	145
820.5	143
821.5	146
822.5	178
823.5	170
824.5	177
825.5	198
826.5	246
827.5	210
828.5	241
829.5	262
830.5	284
831.5	308
832.5	304
833.5	348
834.5	350
835.5	385
836.5	394
837.5	401
838.5	409
839.5	401
840.5	401
841.5	412
842.5	422
843.5	450
844.5	388
845.5	399
846.5	399
847.5	359
848.5	371
849.5	357
850.5	308
851.5	284
852.5	273
853.5	261
854.5	248
855.5	214
856.5	193
857.5	171
858.5	176
859.5	170
860.5	155
861.5	122
862.5	125
863.5	111
864.5	94
865.5	100
866.5	83
867.5	79
868.5	93
869.5	81
870.5	81
871.5	74
872.5	70
873.5	84
874.5	83
875.5	65
876.5	87
877.5	89
878.5	86
879.5	88
880.5	81
881.5	86
882.5	96
883.5	95
884.5	98
885.5	99
886.5	88
887.5	87
888.5	79
889.5	91
890.5	85
891.5	73
892.5	83
893.5	78
894.5	96
895.5	75
896.5	94
897.5	54
898.5	70
899.5	72
900.5	52
901.5	64
902.5	66
903.5	75
904.5	66
905.5	75
906.5	63
907.5	56
908.5	55
909.5	65
910.5	63
911.5	71
912.5	50
913.5	64
914.5	62
915.5	56
916.5	58
917.5	61
918.5	62
919.5	66
920.5	60
921.5	70
922.5	59
923.5	65
924.5	66
925.5	65
926.5	70
927.5	52
928.5	64
929.5	68
930.5	69
931.5	64
932.5	68
933.5	60
934.5	69
935.5	59
936.5	58
937.5	40
938.5	60
939.5	68
940.5	43
941.5	76
942.5	44
943.5	65
944.5	65
945.5	62
946.5	67
947.5	54
948.5	68
949.5	65
950.5	59
951.5	73
952.5	59
953.5	59
954.5	71
955.5	81
956.5	78
957.5	105
958.5	89
959.5	86
960.5	114
961.5	118
962.5	122
963.5	155
964.5	129
965.5	134
966.5	159
967.5	179
968.5	182
969.5	177
970.5	175
971.5	191
972.5	174
973.5	231
974.5	195
975.5	197
976.5	199
977.5	223
978.5	239
979.5	213
980.5	211
981.5	201
982.5	185
983.5	192
984.5	214
985.5	183
986.5	178
987.5	181
988.5	171
989.5	141
990.5	132
991.5	132
992.5	128
993.5	122
994.5	113
995.5	108
996.5	110
997.5	113
998.5	88
999.5	103
1000.5	79
1001.5	86
1002.5	76
1003.5	84
1004.5	65
1005.5	78
1006.5	69
1007.5	65
1008.5	68
1009.5	61
1010.5	67
1011.5	70
1012.5	54
1013.5	59
1014.5	66
1015.5	64
1016.5	62
1017.5	68
1018.5	70
1019.5	54
1020.5	67
1021.5	49
1022.5	52
1023.5	55
1024.5	54
1025.5	59
1026.5	47
1027.5	45
1028.5	42
1029.5	30
1030.5	60
1031.5	41
1032.5	48
1033.5	53
1034.5	32
1035.5	42
1036.5	39
1037.5	36
1038.5	43
1039.5	48
1040.5	35
1041.5	43
1042.5	27
1043.5	40
1044.5	30
1045.5	41
1046.5	47
1047.5	23
1048.5	37
1049.5	32
1050.5	31
1051.5	38
1052.5	26
1053.5	29
1054.5	34
1055.5	43
1056.5	24
1057.5	40
1058.5	33
1059.5	36
1060.5	32
1061.5	33
1062.5	45
1063.5	31
1064.5	48
1065.5	35
1066.5	34
1067.5	34
1068.5	30
1069.5	25
1070.5	43
1071.5	34
1072.5	37
1073.5	24
1074.5	33
1075.5	33
1076.5	38
1077.5	43
1078.5	31
1079.5	36
1080.5	34
1081.5	29
1082.5	32
1083.5	35
1084.5	31
1085.5	49
1086.5	40
1087.5	41
1088.5	31
1089.5	37
1090.5	38
1091.5	24
1092.5	38
1093.5	44
1094.5	32
1095.5	27
1096.5	32
1097.5	29
1098.5	35
1099.5	36
1100.5	37
1101.5	30
1102.5	32
1103.5	29
1104.5	35
1105.5	25
1106.5	49
1107.5	34
1108.5	31
1109.5	33
1110.5	33
1111.5	22
1112.5	39
1113.5	37
1114.5	35
1115.5	38
1116.5	38
1117.5	39
1118.5	33
1119.5	30
1120.5	36
1121.5	32
1122.5	42
1123.5	24
1124.5	24
1125.5	40
1126.5	36
1127.5	32
1128.5	41
1129.5	37
1130.5	28
1131.5	41
1132.5	31
1133.5	34
1134.5	41
1135.5	32
1136.5	38
1137.5	45
1138.5	32
1139.5	32
1140.5	27
1141.5	36
1142.5	32
1143.5	31
1144.5	30
1145.5	32
1146.5	52
1147.5	50
1148.5	38
1149.5	42
1150.5	40
1151.5	28
1152.5	32
1153.5	36
1154.5	38
1155.5	41
1156.5	36
1157.5	33
1158.5	34
1159.5	39
1160.5	43
1161.5	26
1162.5	31
1163.5	26
1164.5	26
1165.5	30
1166.5	41
1167.5	21
1168.5	27
1169.5	29
1170.5	27
1171.5	33
1172.5	35
1173.5	23
1174.5	24
1175.5	36
1176.5	28
1177.5	26
1178.5	27
1179.5	27
1180.5	22
1181.5	38
1182.5	31
1183.5	29
1184.5	28
1185.5	25
1186.5	36
1187.5	21
1188.5	26
1189.5	29
1190.5	32
1191.5	22
1192.5	30
1193.5	28
1194.5	24
1195.5	31
1196.5	38
1197.5	28
1198.5	31
1199.5	19
1200.5	31
1201.5	30
1202.5	24
1203.5	21
1204.5	28
1205.5	35
1206.5	26
1207.5	26
1208.5	30
1209.5	29
1210.5	28
1211.5	26
1212.5	25
1213.5	25
1214.5	22
1215.5	31
1216.5	35
1217.5	42
1218.5	20
1219.5	23
1220.5	20
1221.5	27
1222.5	26
1223.5	28
1224.5	29
1225.5	31
1226.5	23
1227.5	29
1228.5	31
1229.5	30
1230.5	28
1231.5	22
1232.5	26
1233.5	22
1234.5	17
1235.5	24
1236.5	26
1237.5	25
1238.5	18
1239.5	23
1240.5	24
1241.5	22
1242.5	20
1243.5	18
1244.5	30
1245.5	17
1246.5	23
1247.5	34
1248.5	21
1249.5	26
1250.5	32
1251.5	25
1252.5	26
1253.5	18
1254.5	22
1255.5	29
1256.5	16
1257.5	34
1258.5	17
1259.5	28
1260.5	32
1261.5	31
1262.5	23
1263.5	26
1264.5	27
1265.5	31
1266.5	36
1267.5	25
1268.5	30
1269.5	32
1270.5	26
1271.5	29
1272.5	31
1273.5	25
1274.5	30
1275.5	27
1276.5	20
1277.5	20
1278.5	23
1279.5	22
1280.5	25
1281.5	29
1282.5	33
1283.5	28
1284.5	32
1285.5	35
1286.5	38
1287.5	33
1288.5	31
1289.5	29
1290.5	21
1291.5	34
1292.5	30
1293.5	27
1294.5	28
1295.5	28
1296.5	26
1297.5	24
1298.5	24
1299.5	32
1300.5	25
1301.5	23
1302.5	26
1303.5	28
1304.5	28
1305.5	27
1306.5	28
1307.5	31
1308.5	21
1309.5	29
1310.5	29
1311.5	31
1312.5	20
1313.5	36
1314.5	30
1315.5	30
1316.5	17
1317.5	22
1318.5	25
1319.5	17
1320.5	20
1321.5	30
1322.5	23
1323.5	25
1324.5	17
1325.5	23
1326.5	21
1327.5	20
1328.5	32
1329.5	20
1330.5	42
1331.5	28
1332.5	28
1333.5	39
1334.5	19
1335.5	19
1336.5	19
1337.5	22
1338.5	24
1339.5	18
1340.5	27
1341.5	25
1342.5	24
1343.5	23
1344.5	23
1345.5	25
1346.5	34
1347.5	24
1348.5	34
1349.5	33
1350.5	35
1351.5	39
1352.5	33
1353.5	24
1354.5	35
1355.5	29
1356.5	32
1357.5	26
1358.5	36
1359.5	35
1360.5	27
1361.5	30
1362.5	43
1363.5	37
1364.5	35
1365.5	24
1366.5	40
1367.5	31
1368.5	26
1369.5	43
1370.5	40
1371.5	27
1372.5	32
1373.5	28
1374.5	31
1375.5	33
1376.5	18
1377.5	33
1378.5	23
1379.5	32
1380.5	34
1381.5	40
1382.5	30
1383.5	19
1384.5	26
1385.5	16
1386.5	33
1387.5	37
1388.5	28
1389.5	21
1390.5	29
1391.5	32
1392.5	35
1393.5	33
1394.5	37
1395.5	33
1396.5	25
1397.5	34
1398.5	23
1399.5	27
1400.5	35
1401.5	40
1402.5	40
1403.5	40
1404.5	38
1405.5	32
1406.5	38
1407.5	43
1408.5	45
1409.5	34
1410.5	42
1411.5	47
1412.5	44
1413.5	56
1414.5	45
1415.5	49
1416.5	53
1417.5	41
1418.5	48
1419.5	65
1420.5	51
1421.5	59
1422.5	65
1423.5	52
1424.5	48
1425.5	64
1426.5	49
1427.5	57
1428.5	62
1429.5	58
1430.5	36
1431.5	46
1432.5	61
1433.5	48
1434.5	54
1435.5	57
1436.5	51
1437.5	51
1438.5	51
1439.5	50
1440.5	51
1441.5	42
1442.5	54
1443.5	47
1444.5	58
1445.5	60
1446.5	56
1447.5	58
1448.5	44
1449.5	47
1450.5	58
1451.5	55
1452.5	57
1453.5	37
1454.5	43
1455.5	52
1456.5	35
1457.5	41
1458.5	50
1459.5	47
1460.5	47
1461.5	43
1462.5	45
1463.5	38
1464.5	32
1465.5	45
1466.5	42
1467.5	43
1468.5	32
1469.5	35
1470.5	30
1471.5	34
1472.5	31
1473.5	30
1474.5	36
1475.5	27
1476.5	33
1477.5	26
1478.5	25
1479.5	22
1480.5	26
1481.5	25
1482.5	21
1483.5	24
1484.5	37
1485.5	20
1486.5	18
1487.5	21
1488.5	13
1489.5	21
1490.5	23
1491.5	20
1492.5	13
1493.5	14
1494.5	19
1495.5	22
1496.5	21
1497.5	20
1498.5	23
1499.5	18
1500.5	17
1501.5	19
1502.5	13
1503.5	13
1504.5	23
1505.5	22
1506.5	17
1507.5	20
1508.5	24
1509.5	20
1510.5	12
1511.5	19
1512.5	18
1513.5	15
1514.5	19
1515.5	21
1516.5	14
1517.5	14
1518.5	25
1519.5	13
1520.5	17
1521.5	19
1522.5	17
1523.5	12
1524.5	13
1525.5	15
1526.5	20
1527.5	16
1528.5	24
1529.5	15
1530.5	17
1531.5	22
1532.5	13
1533.5	19
1534.5	15
1535.5	15
1536.5	15
1537.5	16
1538.5	17
1539.5	10
1540.5	15
1541.5	14
1542.5	10
1543.5	23
1544.5	12
1545.5	11
1546.5	18
1547.5	18
1548.5	16
1549.5	7
1550.5	22
1551.5	10
1552.5	11
1553.5	20
1554.5	13
1555.5	15
1556.5	14
1557.5	15
1558.5	14
1559.5	12
1560.5	13
1561.5	18
1562.5	11
1563.5	15
1564.5	12
1565.5	19
1566.5	7
1567.5	21
1568.5	11
1569.5	12
1570.5	12
1571.5	17
1572.5	15
1573.5	11
1574.5	13
1575.5	18
1576.5	12
1577.5	19
1578.5	10
1579.5	15
1580.5	14
1581.5	23
1582.5	16
1583.5	14
1584.5	11
1585.5	16
1586.5	19
1587.5	9
1588.5	8
1589.5	11
1590.5	13
1591.5	13
1592.5	12
1593.5	11
1594.5	12
1595.5	14
1596.5	18
1597.5	18
1598.5	15
1599.5	14
1600.5	17
1601.5	14
1602.5	10
1603.5	18
1604.5	15
1605.5	11
1606.5	17
1607.5	15
1608.5	19
1609.5	8
1610.5	11
1611.5	21
1612.5	14
1613.5	22
1614.5	20
1615.5	15
1616.5	16
1617.5	9
1618.5	17
1619.5	20
1620.5	15
1621.5	17
1622.5	10
1623.5	13
1624.5	18
1625.5	18
1626.5	15
1627.5	7
1628.5	11
1629.5	16
1630.5	24
1631.5	18
1632.5	12
1633.5	13
1634.5	12
1635.5	15
1636.5	4
1637.5	18
1638.5	14
1639.5	14
1640.5	13
1641.5	9
1642.5	14
1643.5	12
1644.5	13
1645.5	5
1646.5	12
1647.5	11
1648.5	17
1649.5	21
1650.5	10
1651.5	9
1652.5	12
1653.5	18
1654.5	18
1655.5	11
1656.5	7
1657.5	15
1658.5	14
1659.5	11
1660.5	14
1661.5	8
1662.5	9
1663.5	15
1664.5	11
1665.5	12
1666.5	10
1667.5	15
1668.5	11
1669.5	16
1670.5	10
1671.5	7
1672.5	17
1673.5	15
1674.5	11
1675.5	10
1676.5	13
1677.5	21
1678.5	12
1679.5	9
1680.5	16
1681.5	18
1682.5	10
1683.5	3
1684.5	11
1685.5	17
1686.5	12
1687.5	15
1688.5	18
1689.5	11
1690.5	12
1691.5	15
1692.5	7
1693.5	11
1694.5	19
1695.5	11
1696.5	10
1697.5	12
1698.5	11
1699.5	12
1700.5	7
1701.5	9
1702.5	18
1703.5	11
1704.5	12
1705.5	15
1706.5	8
1707.5	14
1708.5	11
1709.5	16
1710.5	13
1711.5	12
1712.5	10
1713.5	10
1714.5	11
1715.5	14
1716.5	17
1717.5	12
1718.5	12
1719.5	25
1720.5	16
1721.5	14
1722.5	16
1723.5	11
1724.5	16
1725.5	12
1726.5	19
1727.5	17
1728.5	15
1729.5	12
1730.5	17
1731.5	21
1732.5	19
1733.5	14
1734.5	13
1735.5	17
1736.5	21
1737.5	13
1738.5	20
1739.5	7
1740.5	18
1741.5	16
1742.5	12
1743.5	19
1744.5	18
1745.5	21
1746.5	27
1747.5	20
1748.5	15
1749.5	19
1750.5	17
1751.5	14
1752.5	16
1753.5	27
1754.5	19
1755.5	26
1756.5	19
1757.5	17
1758.5	14
1759.5	20
1760.5	24
1761.5	23
1762.5	11
1763.5	20
1764.5	18
1765.5	23
1766.5	20
1767.5	19
1768.5	20
1769.5	22
1770.5	24
1771.5	23
1772.5	28
1773.5	16
1774.5	21
1775.5	18
1776.5	18
1777.5	21
1778.5	22
1779.5	14
1780.5	13
1781.5	7
1782.5	18
1783.5	15
1784.5	17
1785.5	14
1786.5	10
1787.5	16
1788.5	26
1789.5	18
1790.5	17
1791.5	17
1792.5	18
1793.5	11
1794.5	18
1795.5	6
1796.5	10
1797.5	12
1798.5	11
1799.5	16
1800.5	18
1801.5	13
1802.5	11
1803.5	9
1804.5	17
1805.5	11
1806.5	10
1807.5	8
1808.5	15
1809.5	14
1810.5	12
1811.5	9
1812.5	10
1813.5	9
1814.5	13
1815.5	10
1816.5	13
1817.5	12
1818.5	7
1819.5	14
1820.5	9
1821.5	5
1822.5	4
1823.5	10
1824.5	7
1825.5	5
1826.5	7
1827.5	21
1828.5	16
1829.5	14
1830.5	10
1831.5	12
1832.5	19
1833.5	10
1834.5	7
1835.5	14
1836.5	8
1837.5	13
1838.5	11
1839.5	18
1840.5	11
1841.5	9
1842.5	8
1843.5	11
1844.5	13
1845.5	11
1846.5	7
1847.5	15
1848.5	7
1849.5	11
1850.5	8
1851.5	15
1852.5	13
1853.5	14
1854.5	13
1855.5	11
1856.5	8
1857.5	11
1858.5	18
1859.5	10
1860.5	9
1861.5	10
1862.5	8
1863.5	15
1864.5	11
1865.5	7
1866.5	15
1867.5	7
1868.5	10
1869.5	17
1870.5	10
1871.5	6
1872.5	8
1873.5	16
1874.5	11
1875.5	14
1876.5	21
1877.5	12
1878.5	6
1879.5	14
1880.5	23
1881.5	13
1882.5	20
1883.5	14
1884.5	9
1885.5	13
1886.5	13
1887.5	12
1888.5	12
1889.5	13
1890.5	16
1891.5	16
1892.5	12
1893.5	11
1894.5	14
1895.5	18
1896.5	11
1897.5	12
1898.5	20
1899.5	12
1900.5	11
1901.5	16
1902.5	17
1903.5	6
1904.5	22
1905.5	12
1906.5	12
1907.5	14
1908.5	15
1909.5	23
1910.5	10
1911.5	12
1912.5	11
1913.5	13
1914.5	9
1915.5	7
1916.5	16
1917.5	18
1918.5	15
1919.5	21
1920.5	12
1921.5	16
1922.5	16
1923.5	16
1924.5	11
1925.5	17
1926.5	6
1927.5	15
1928.5	16
1929.5	12
1930.5	13
1931.5	11
1932.5	10
1933.5	13
1934.5	12
1935.5	16
1936.5	10
1937.5	7
1938.5	13
1939.5	11
1940.5	14
1941.5	13
1942.5	9
1943.5	11
1944.5	13
1945.5	16
1946.5	10
1947.5	13
1948.5	9
1949.5	15
1950.5	19
1951.5	11
1952.5	16
1953.5	8
1954.5	12
1955.5	13
1956.5	20
1957.5	24
1958.5	15
1959.5	17
1960.5	10
1961.5	9
1962.5	14
1963.5	14
1964.5	10
1965.5	12
1966.5	18
1967.5	13
1968.5	11
1969.5	13
1970.5	13
1971.5	13
1972.5	13
1973.5	11
1974.5	18
1975.5	17
1976.5	21
1977.5	16
1978.5	16
1979.5	17
1980.5	16
1981.5	12
1982.5	9
1983.5	13
1984.5	11
1985.5	12
1986.5	10
1987.5	14
1988.5	14
1989.5	13
1990.5	14
1991.5	10
1992.5	13
1993.5	12
1994.5	16
1995.5	9
1996.5	13
1997.5	13
1998.5	9
1999.5	11
2000.5	13
2001.5	16
2002.5	11
2003.5	12
2004.5	7
2005.5	13
2006.5	11
2007.5	12
2008.5	10
2009.5	17
2010.5	16
2011.5	8
2012.5	12
2013.5	12
2014.5	18
2015.5	6
2016.5	9
2017.5	16
2018.5	10
2019.5	11
2020.5	13
2021.5	12
2022.5	16
2023.5	14
2024.5	16
2025.5	13
2026.5	18
2027.5	11
2028.5	12
2029.5	17
2030.5	16
2031.5	13
2032.5	13
2033.5	11
2034.5	10
2035.5	13
2036.5	13
2037.5	13
2038.5	14
2039.5	14
2040.5	13
2041.5	8
2042.5	17
2043.5	15
2044.5	9
2045.5	13
2046.5	18
2047.5	22
2048.5	12
2049.5	13
2050.5	17
2051.5	13
2052.5	10
2053.5	7
2054.5	15
2055.5	12
2056.5	5
2057.5	5
2058.5	9
2059.5	14
2060.5	19
2061.5	12
2062.5	10
2063.5	12
2064.5	10
2065.5	6
2066.5	8
2067.5	8
2068.5	14
2069.5	15
2070.5	9
2071.5	9
2072.5	18
2073.5	11
2074.5	13
2075.5	8
2076.5	11
2077.5	16
2078.5	15
2079.5	6
2080.5	16
2081.5	8
2082.5	8
2083.5	12
2084.5	11
2085.5	8
2086.5	9
2087.5	10
2088.5	9
2089.5	14
2090.5	10
2091.5	16
2092.5	19
2093.5	17
2094.5	15
2095.5	13
2096.5	10
2097.5	12
2098.5	16
2099.5	13
2100.5	12
2101.5	9
2102.5	12
2103.5	7
2104.5	14
2105.5	17
2106.5	17
2107.5	9
2108.5	12
2109.5	10
2110.5	14
2111.5	10
2112.5	10
2113.5	17
2114.5	13
2115.5	11
2116.5	11
2117.5	7
2118.5	18
2119.5	7
2120.5	6
2121.5	9
2122.5	12
2123.5	6
2124.5	10
2125.5	12
2126.5	9
2127.5	14
2128.5	17
2129.5	5
2130.5	9
2131.5	14
2132.5	14
2133.5	10
2134.5	9
2135.5	12
2136.5	11
2137.5	13
2138.5	12
2139.5	22
2140.5	11
2141.5	9
2142.5	8
2143.5	11
2144.5	14
2145.5	13
2146.5	17
2147.5	19
2148.5	14
2149.5	8
2150.5	10
2151.5	11
2152.5	14
2153.5	11
2154.5	10
2155.5	8
2156.5	14
2157.5	8
2158.5	20
2159.5	11
2160.5	14
2161.5	10
2162.5	15
2163.5	12
2164.5	8
2165.5	10
2166.5	18
2167.5	14
2168.5	19
2169.5	11
2170.5	19
2171.5	11
2172.5	16
2173.5	13
2174.5	17
2175.5	15
2176.5	12
2177.5	17
2178.5	13
2179.5	13
2180.5	14
2181.5	14
2182.5	9
2183.5	14
2184.5	8
2185.5	11
2186.5	12
2187.5	15
2188.5	13
2189.5	12
2190.5	10
2191.5	27
2192.5	9
2193.5	6
2194.5	7
2195.5	13
2196.5	11
2197.5	12
2198.5	8
2199.5	9
2200.5	18
2201.5	11
2202.5	6
2203.5	15
2204.5	10
2205.5	15
2206.5	11
2207.5	10
2208.5	11
2209.5	15
2210.5	11
2211.5	14
2212.5	6
2213.5	12
2214.5	11
2215.5	8
2216.5	15
2217.5	9
2218.5	15
2219.5	13
2220.5	7
2221.5	14
2222.5	10
2223.5	13
2224.5	6
2225.5	17
2226.5	10
2227.5	19
2228.5	16
2229.5	8
2230.5	17
2231.5	16
2232.5	17
2233.5	20
2234.5	12
2235.5	16
2236.5	12
2237.5	10
2238.5	10
2239.5	8
2240.5	15
2241.5	10
2242.5	11
2243.5	16
2244.5	18
2245.5	16
2246.5	8
2247.5	18
2248.5	18
2249.5	11
2250.5	9
2251.5	19
2252.5	13
2253.5	16
2254.5	15
2255.5	11
2256.5	11
2257.5	11
2258.5	12
2259.5	11
2260.5	12
2261.5	14
2262.5	18
2263.5	18
2264.5	12
2265.5	11
2266.5	17
2267.5	17
2268.5	13
2269.5	18
2270.5	14
2271.5	16
2272.5	18
2273.5	10
2274.5	16
2275.5	12
2276.5	9
2277.5	14
2278.5	13
2279.5	15
2280.5	14
2281.5	19
2282.5	13
2283.5	14
2284.5	18
2285.5	18
2286.5	18
2287.5	18
2288.5	12
2289.5	15
2290.5	13
2291.5	13
2292.5	12
2293.5	17
2294.5	13
2295.5	17
2296.5	10
2297.5	12
2298.5	16
2299.5	17
2300.5	9
2301.5	12
2302.5	8
2303.5	9
2304.5	17
2305.5	13
2306.5	9
2307.5	10
2308.5	17
2309.5	12
2310.5	12
2311.5	16
2312.5	13
2313.5	17
2314.5	11
2315.5	8
2316.5	11
2317.5	14
2318.5	8
2319.5	10
2320.5	13
2321.5	7
2322.5	10
2323.5	14
2324.5	13
2325.5	12
2326.5	15
2327.5	16
2328.5	9
2329.5	16
2330.5	10
2331.5	15
2332.5	18
2333.5	10
2334.5	9
2335.5	13
2336.5	12
2337.5	10
2338.5	8
2339.5	10
2340.5	12
2341.5	13
2342.5	12
2343.5	12
2344.5	9
2345.5	9
2346.5	13
2347.5	13
2348.5	7
2349.5	10
2350.5	8
2351.5	13
2352.5	8
2353.5	13
2354.5	8
2355.5	12
2356.5	13
2357.5	12
2358.5	8
2359.5	10
2360.5	3
2361.5	8
2362.5	8
2363.5	9
2364.5	10
2365.5	6
2366.5	8
2367.5	11
2368.5	10
2369.5	14
2370.5	16
2371.5	9
2372.5	7
2373.5	9
2374.5	8
2375.5	5
2376.5	7
2377.5	9
2378.5	11
2379.5	14
2380.5	11
2381.5	15
2382.5	13
2383.5	9
2384.5	11
2385.5	12
2386.5	10
2387.5	5
2388.5	13
2389.5	9
2390.5	11
2391.5	12
2392.5	12
2393.5	11
2394.5	7
2395.5	19
2396.5	11
2397.5	8
2398.5	13
2399.5	8
2400.5	13
2401.5	15
2402.5	6
2403.5	7
2404.5	6
2405.5	14
2406.5	5
2407.5	8
2408.5	12
2409.5	12
2410.5	7
2411.5	15
2412.5	9
2413.5	12
2414.5	11
2415.5	10
2416.5	9
2417.5	15
2418.5	16
2419.5	11
2420.5	7
2421.5	18
2422.5	14
2423.5	9
2424.5	20
2425.5	13
2426.5	5
2427.5	8
2428.5	4
2429.5	10
2430.5	15
2431.5	9
2432.5	9
2433.5	12
2434.5	17
2435.5	7
2436.5	17
2437.5	12
2438.5	8
2439.5	12
2440.5	9
2441.5	10
2442.5	7
2443.5	21
2444.5	8
2445.5	10
2446.5	11
2447.5	11
2448.5	10
2449.5	16
2450.5	5
2451.5	6
2452.5	7
2453.5	9
2454.5	4
2455.5	12
2456.5	11
2457.5	10
2458.5	8
2459.5	5
2460.5	8
2461.5	7
2462.5	11
2463.5	4
2464.5	13
2465.5	14
2466.5	10
2467.5	15
2468.5	11
2469.5	9
2470.5	7
2471.5	8
2472.5	14
2473.5	11
2474.5	10
2475.5	7
2476.5	13
2477.5	8
2478.5	10
2479.5	8
2480.5	9
2481.5	7
2482.5	10
2483.5	6
2484.5	10
2485.5	12
2486.5	7
2487.5	13
2488.5	9
2489.5	9
2490.5	11
2491.5	11
2492.5	7
2493.5	7
2494.5	18
2495.5	9
2496.5	7
2497.5	8
2498.5	9
2499.5	16
2500.5	15
2501.5	8
2502.5	12
2503.5	10
2504.5	9
2505.5	10
2506.5	12
2507.5	11
2508.5	6
2509.5	13
2510.5	15
2511.5	13
2512.5	8
2513.5	11
2514.5	8
2515.5	9
2516.5	14
2517.5	5
2518.5	9
2519.5	7
2520.5	19
2521.5	17
2522.5	9
2523.5	9
2524.5	21
2525.5	8
2526.5	11
2527.5	15
2528.5	18
2529.5	10
2530.5	14
2531.5	9
2532.5	9
2533.5	5
2534.5	8
2535.5	12
2536.5	13
2537.5	6
2538.5	13
2539.5	12
2540.5	10
2541.5	13
2542.5	8
2543.5	12
2544.5	14
2545.5	9
2546.5	13
2547.5	8
2548.5	11
2549.5	14
2550.5	7
2551.5	15
2552.5	11
2553.5	9
2554.5	10
2555.5	22
2556.5	11
2557.5	12
2558.5	5
2559.5	8
2560.5	10
2561.5	7
2562.5	2
2563.5	13
2564.5	11
2565.5	11
2566.5	6
2567.5	12
2568.5	7
2569.5	12
2570.5	9
2571.5	18
2572.5	19
2573.5	11
2574.5	7
2575.5	6
2576.5	17
2577.5	11
2578.5	16
2579.5	16
2580.5	9
2581.5	18
2582.5	13
2583.5	13
2584.5	11
2585.5	16
2586.5	9
2587.5	12
2588.5	10
2589.5	9
2590.5	5
2591.5	17
2592.5	9
2593.5	10
2594.5	8
2595.5	8
2596.5	16
2597.5	11
2598.5	11
2599.5	12
2600.5	9
2601.5	8
2602.5	11
2603.5	18
2604.5	10
2605.5	7
2606.5	12
2607.5	7
2608.5	10
2609.5	15
2610.5	13
2611.5	14
2612.5	9
2613.5	8
2614.5	11
2615.5	9
2616.5	15
2617.5	5
2618.5	6
2619.5	9
2620.5	19
2621.5	7
2622.5	18
2623.5	10
2624.5	13
2625.5	10
2626.5	10
2627.5	17
2628.5	11
2629.5	10
2630.5	12
2631.5	10
2632.5	10
2633.5	10
2634.5	8
2635.5	10
2636.5	9
2637.5	6
2638.5	4
2639.5	10
2640.5	10
2641.5	5
2642.5	9
2643.5	11
2644.5	6
2645.5	11
2646.5	7
2647.5	6
2648.5	7
2649.5	13
2650.5	16
2651.5	10
2652.5	13
2653.5	9
2654.5	5
2655.5	6
2656.5	16
2657.5	6
2658.5	10
2659.5	8
2660.5	10
2661.5	11
2662.5	10
2663.5	7
2664.5	7
2665.5	12
2666.5	13
2667.5	13
2668.5	3
2669.5	9
2670.5	12
2671.5	13
2672.5	9
2673.5	11
2674.5	17
2675.5	13
2676.5	16
2677.5	11
2678.5	14
2679.5	5
2680.5	14
2681.5	9
2682.5	9
2683.5	8
2684.5	8
2685.5	9
2686.5	11
2687.5	15
2688.5	7
2689.5	10
2690.5	8
2691.5	13
2692.5	10
2693.5	3
2694.5	8
2695.5	14
2696.5	15
2697.5	10
2698.5	8
2699.5	7
2700.5	9
2701.5	15
2702.5	6
2703.5	12
2704.5	10
2705.5	11
2706.5	8
2707.5	6
2708.5	10
2709.5	11
2710.5	9
2711.5	9
2712.5	12
2713.5	9
2714.5	7
2715.5	7
2716.5	15
2717.5	6
2718.5	9
2719.5	3
2720.5	14
2721.5	16
2722.5	11
2723.5	15
2724.5	9
2725.5	5
2726.5	4
2727.5	6
2728.5	8
2729.5	8
2730.5	11
2731.5	8
2732.5	12
2733.5	8
2734.5	10
2735.5	9
2736.5	6
2737.5	10
2738.5	6
2739.5	19
2740.5	17
2741.5	15
2742.5	10
2743.5	5
2744.5	7
2745.5	10
2746.5	10
2747.5	14
2748.5	11
2749.5	3
2750.5	12
2751.5	9
2752.5	12
2753.5	11
2754.5	7
2755.5	9
2756.5	8
2757.5	10
2758.5	12
2759.5	5
2760.5	4
2761.5	11
2762.5	13
2763.5	12
2764.5	7
2765.5	12
2766.5	6
2767.5	9
2768.5	14
2769.5	9
2770.5	7
2771.5	7
2772.5	9
2773.5	8
2774.5	14
2775.5	4
2776.5	7
2777.5	8
2778.5	8
2779.5	9
2780.5	7
2781.5	12
2782.5	9
2783.5	10
2784.5	14
2785.5	15
2786.5	6
2787.5	10
2788.5	13
2789.5	9
2790.5	12
2791.5	15
2792.5	10
2793.5	16
2794.5	12
2795.5	10
2796.5	10
2797.5	6
2798.5	16
2799.5	9
2800.5	8
2801.5	4
2802.5	10
2803.5	13
2804.5	14
2805.5	7
2806.5	7
2807.5	7
2808.5	12
2809.5	5
2810.5	12
2811.5	11
2812.5	11
2813.5	13
2814.5	12
2815.5	7
2816.5	7
2817.5	9
2818.5	12
2819.5	9
2820.5	15
2821.5	8
2822.5	11
2823.5	9
2824.5	11
2825.5	10
2826.5	17
2827.5	11
2828.5	12
2829.5	9
2830.5	10
2831.5	14
2832.5	10
2833.5	4
2834.5	6
2835.5	9
2836.5	11
2837.5	13
2838.5	10
2839.5	9
2840.5	10
2841.5	9
2842.5	9
2843.5	10
2844.5	6
2845.5	10
2846.5	8
2847.5	13
2848.5	7
2849.5	10
2850.5	16
2851.5	12
2852.5	9
2853.5	8
2854.5	9
2855.5	6
2856.5	12
2857.5	18
2858.5	11
2859.5	12
2860.5	6
2861.5	12
2862.5	11
2863.5	9
2864.5	10
2865.5	8
2866.5	11
2867.5	9
2868.5	12
2869.5	7
2870.5	12
2871.5	6
2872.5	8
2873.5	3
2874.5	11
2875.5	9
2876.5	10
2877.5	12
2878.5	8
2879.5	13
2880.5	11
2881.5	10
2882.5	9
2883.5	17
2884.5	14
2885.5	9
2886.5	4
2887.5	9
2888.5	11
2889.5	9
2890.5	9
2891.5	12
2892.5	12
2893.5	9
2894.5	14
2895.5	11
2896.5	10
2897.5	7
2898.5	12
2899.5	11
2900.5	11
2901.5	11
2902.5	18
2903.5	17
2904.5	10
2905.5	9
2906.5	10
2907.5	8
2908.5	14
2909.5	19
2910.5	6
2911.5	9
2912.5	8
2913.5	8
2914.5	6
2915.5	11
2916.5	14
2917.5	11
2918.5	14
2919.5	11
2920.5	6
2921.5	9
2922.5	14
2923.5	15
2924.5	14
2925.5	4
2926.5	10
2927.5	14
2928.5	5
2929.5	10
2930.5	14
2931.5	20
2932.5	11
2933.5	12
2934.5	6
2935.5	10
2936.5	11
2937.5	12
2938.5	15
2939.5	6
2940.5	12
2941.5	12
2942.5	12
2943.5	8
2944.5	11
2945.5	10
2946.5	11
2947.5	4
2948.5	11
2949.5	14
2950.5	15
2951.5	4
2952.5	14
2953.5	10
2954.5	17
2955.5	8
2956.5	11
2957.5	8
2958.5	15
2959.5	16
2960.5	11
2961.5	8
2962.5	3
2963.5	6
2964.5	9
2965.5	7
2966.5	10
2967.5	12
2968.5	9
2969.5	8
2970.5	11
2971.5	13
2972.5	11
2973.5	6
2974.5	15
2975.5	11
2976.5	9
2977.5	10
2978.5	12
2979.5	10
2980.5	13
2981.5	14
2982.5	11
2983.5	9
2984.5	8
2985.5	14
2986.5	11
2987.5	8
2988.5	12
2989.5	12
2990.5	10
2991.5	20
2992.5	9
2993.5	13
2994.5	12
2995.5	15
2996.5	13
2997.5	12
2998.5	6
2999.5	11
3000.5	8
3001.5	12
3002.5	10
3003.5	17
3004.5	17
3005.5	7
3006.5	12
3007.5	13
3008.5	20
3009.5	11
3010.5	14
3011.5	16
3012.5	14
3013.5	7
3014.5	12
3015.5	8
3016.5	6
3017.5	8
3018.5	12
3019.5	6
3020.5	18
3021.5	8
3022.5	9
3023.5	16
3024.5	13
3025.5	16
3026.5	18
3027.5	17
3028.5	15
3029.5	11
3030.5	12
3031.5	15
3032.5	12
3033.5	14
3034.5	11
3035.5	9
3036.5	9
3037.5	10
3038.5	15
3039.5	11
3040.5	8
3041.5	11
3042.5	12
3043.5	9
3044.5	7
3045.5	14
3046.5	11
3047.5	6
3048.5	12
3049.5	8
3050.5	9
3051.5	7
3052.5	10
3053.5	11
3054.5	13
3055.5	8
3056.5	5
3057.5	8
3058.5	12
3059.5	12
3060.5	8
3061.5	14
3062.5	19
3063.5	15
3064.5	8
3065.5	17
3066.5	10
3067.5	15
3068.5	13
3069.5	16
3070.5	8
3071.5	3
3072.5	16
3073.5	13
3074.5	14
3075.5	20
3076.5	12
3077.5	6
3078.5	9
3079.5	12
3080.5	11
3081.5	12
3082.5	11
3083.5	12
3084.5	13
3085.5	10
3086.5	20
3087.5	10
3088.5	11
3089.5	17
3090.5	13
3091.5	11
3092.5	9
3093.5	15
3094.5	13
3095.5	18
3096.5	10
3097.5	10
3098.5	9
3099.5	12
3100.5	15
3101.5	13
3102.5	11
3103.5	17
3104.5	10
3105.5	15
3106.5	20
3107.5	5
3108.5	6
3109.5	16
3110.5	13
3111.5	7
3112.5	15
3113.5	9
3114.5	12
3115.5	17
3116.5	16
3117.5	10
3118.5	10
3119.5	13
3120.5	13
3121.5	12
3122.5	10
3123.5	8
3124.5	15
3125.5	11
3126.5	12
3127.5	8
3128.5	15
3129.5	16
3130.5	11
3131.5	11
3132.5	15
3133.5	15
3134.5	14
3135.5	11
3136.5	10
3137.5	12
3138.5	13
3139.5	12
3140.5	17
3141.5	11
3142.5	11
3143.5	15
3144.5	9
3145.5	12
3146.5	8
3147.5	15
3148.5	10
3149.5	16
3150.5	11
3151.5	15
3152.5	12
3153.5	10
3154.5	14
3155.5	6
3156.5	13
3157.5	11
3158.5	7
3159.5	8
3160.5	18
3161.5	11
3162.5	11
3163.5	14
3164.5	10
3165.5	10
3166.5	11
3167.5	9
3168.5	10
3169.5	18
3170.5	14
3171.5	7
3172.5	12
3173.5	14
3174.5	12
3175.5	18
3176.5	19
3177.5	20
3178.5	10
3179.5	14
3180.5	9
3181.5	8
3182.5	18
3183.5	12
3184.5	17
3185.5	13
3186.5	11
3187.5	8
3188.5	16
3189.5	13
3190.5	15
3191.5	18
3192.5	15
3193.5	17
3194.5	16
3195.5	16
3196.5	10
3197.5	11
3198.5	14
3199.5	14
3200.5	13
3201.5	12
3202.5	18
3203.5	15
3204.5	14
3205.5	17
3206.5	10
3207.5	12
3208.5	11
3209.5	9
3210.5	17
3211.5	14
3212.5	13
3213.5	15
3214.5	17
3215.5	23
3216.5	11
3217.5	22
3218.5	13
3219.5	13
3220.5	23
3221.5	17
3222.5	8
3223.5	13
3224.5	17
3225.5	16
3226.5	14
3227.5	21
3228.5	20
3229.5	22
3230.5	15
3231.5	16
3232.5	14
3233.5	12
3234.5	14
3235.5	15
3236.5	19
3237.5	17
3238.5	14
3239.5	14
3240.5	14
3241.5	15
3242.5	19
3243.5	16
3244.5	10
3245.5	20
3246.5	10
3247.5	9
3248.5	25
3249.5	18
3250.5	11
3251.5	22
3252.5	20
3253.5	10
3254.5	20
3255.5	20
3256.5	19
3257.5	17
3258.5	23
3259.5	25
3260.5	13
3261.5	15
3262.5	19
3263.5	21
3264.5	16
3265.5	22
3266.5	22
3267.5	24
3268.5	22
3269.5	23
3270.5	19
3271.5	20
3272.5	13
3273.5	23
3274.5	18
3275.5	22
3276.5	27
3277.5	20
3278.5	24
3279.5	31
3280.5	26
3281.5	25
3282.5	26
3283.5	28
3284.5	32
3285.5	22
3286.5	23
3287.5	26
3288.5	23
3289.5	26
3290.5	31
3291.5	24
3292.5	26
3293.5	34
3294.5	31
3295.5	23
3296.5	29
3297.5	27
3298.5	24
3299.5	30
3300.5	26
3301.5	31
3302.5	40
3303.5	33
3304.5	30
3305.5	33
3306.5	30
3307.5	33
3308.5	31
3309.5	31
3310.5	22
3311.5	32
3312.5	40
3313.5	31
3314.5	29
3315.5	30
3316.5	33
3317.5	23
3318.5	31
3319.5	28
3320.5	20
3321.5	30
3322.5	28
3323.5	32
3324.5	37
3325.5	28
3326.5	30
3327.5	35
3328.5	25
3329.5	35
3330.5	15
3331.5	33
3332.5	38
3333.5	37
3334.5	35
3335.5	28
3336.5	26
3337.5	26
3338.5	35
3339.5	28
3340.5	31
3341.5	31
3342.5	35
3343.5	26
3344.5	27
3345.5	36
3346.5	27
3347.5	26
3348.5	37
3349.5	24
3350.5	38
3351.5	27
3352.5	23
3353.5	30
3354.5	31
3355.5	20
3356.5	25
3357.5	42
3358.5	32
3359.5	22
3360.5	17
3361.5	28
3362.5	34
3363.5	31
3364.5	22
3365.5	30
3366.5	27
3367.5	30
3368.5	31
3369.5	30
3370.5	25
3371.5	26
3372.5	41
3373.5	27
3374.5	23
3375.5	29
3376.5	23
3377.5	28
3378.5	22
3379.5	26
3380.5	31
3381.5	27
3382.5	18
3383.5	31
3384.5	23
3385.5	17
3386.5	24
3387.5	21
3388.5	32
3389.5	20
3390.5	25
3391.5	13
3392.5	18
3393.5	18
3394.5	17
3395.5	21
3396.5	24
3397.5	24
3398.5	17
3399.5	17
3400.5	27
3401.5	19
3402.5	18
3403.5	29
3404.5	22
3405.5	19
3406.5	24
3407.5	17
3408.5	25
3409.5	22
3410.5	27
3411.5	22
3412.5	27
3413.5	28
3414.5	21
3415.5	18
3416.5	22
3417.5	28
3418.5	22
3419.5	24
3420.5	16
3421.5	21
3422.5	21
3423.5	25
3424.5	22
3425.5	19
3426.5	21
3427.5	27
3428.5	28
3429.5	19
3430.5	18
3431.5	22
3432.5	19
3433.5	21
3434.5	16
3435.5	23
3436.5	23
3437.5	22
3438.5	16
3439.5	21
3440.5	26
3441.5	18
3442.5	26
3443.5	14
3444.5	23
3445.5	25
3446.5	17
3447.5	22
3448.5	31
3449.5	21
3450.5	27
3451.5	29
3452.5	28
3453.5	23
3454.5	26
3455.5	17
3456.5	18
3457.5	22
3458.5	25
3459.5	19
3460.5	30
3461.5	26
3462.5	23
3463.5	24
3464.5	29
3465.5	23
3466.5	23
3467.5	21
3468.5	17
3469.5	22
3470.5	23
3471.5	16
3472.5	23
3473.5	20
3474.5	29
3475.5	24
3476.5	20
3477.5	21
3478.5	18
3479.5	23
3480.5	23
3481.5	15
3482.5	25
3483.5	22
3484.5	19
3485.5	21
3486.5	14
3487.5	21
3488.5	27
3489.5	21
3490.5	20
3491.5	26
3492.5	25
3493.5	21
3494.5	27
3495.5	18
3496.5	28
3497.5	19
3498.5	18
3499.5	20
3500.5	22
3501.5	20
3502.5	27
3503.5	21
3504.5	23
3505.5	19
3506.5	28
3507.5	23
3508.5	24
3509.5	23
3510.5	25
3511.5	15
3512.5	23
3513.5	14
3514.5	18
3515.5	31
3516.5	19
3517.5	17
3518.5	28
3519.5	21
3520.5	25
3521.5	22
3522.5	17
3523.5	23
3524.5	20
3525.5	31
3526.5	18
3527.5	29
3528.5	22
3529.5	20
3530.5	23
3531.5	21
3532.5	20
3533.5	29
3534.5	23
3535.5	24
3536.5	29
3537.5	17
3538.5	17
3539.5	21
3540.5	19
3541.5	19
3542.5	12
3543.5	16
3544.5	17
3545.5	25
3546.5	22
3547.5	16
3548.5	21
3549.5	22
3550.5	29
3551.5	22
3552.5	22
3553.5	21
3554.5	21
3555.5	16
3556.5	12
3557.5	21
3558.5	17
3559.5	21
3560.5	32
3561.5	16
3562.5	19
3563.5	25
3564.5	25
3565.5	24
3566.5	20
3567.5	19
3568.5	20
3569.5	17
3570.5	18
3571.5	16
3572.5	27
3573.5	23
3574.5	26
3575.5	15
3576.5	14
3577.5	22
3578.5	25
3579.5	18
3580.5	13
3581.5	27
3582.5	30
3583.5	19
3584.5	19
3585.5	18
3586.5	23
3587.5	16
3588.5	20
3589.5	24
3590.5	23
3591.5	25
3592.5	23
3593.5	20
3594.5	18
3595.5	26
3596.5	23
3597.5	29
3598.5	17
3599.5	25
3600.5	21
3601.5	26
3602.5	17
3603.5	23
3604.5	19
3605.5	20
3606.5	7
3607.5	16
3608.5	27
3609.5	23
3610.5	14
3611.5	17
3612.5	22
3613.5	22
3614.5	21
3615.5	23
3616.5	15
3617.5	18
3618.5	19
3619.5	22
3620.5	23
3621.5	16
3622.5	17
3623.5	12
3624.5	24
3625.5	32
3626.5	19
3627.5	21
3628.5	19
3629.5	23
3630.5	17
3631.5	17
3632.5	18
3633.5	16
3634.5	17
3635.5	16
3636.5	23
3637.5	21
3638.5	22
3639.5	16
3640.5	21
3641.5	23
3642.5	30
3643.5	26
3644.5	25
3645.5	16
3646.5	13
3647.5	15
3648.5	20
3649.5	17
3650.5	19
3651.5	21
3652.5	20
3653.5	20
3654.5	18
3655.5	13
3656.5	17
3657.5	20
3658.5	19
3659.5	29
3660.5	18
3661.5	26
3662.5	15
3663.5	21
3664.5	23
3665.5	13
3666.5	17
3667.5	24
3668.5	20
3669.5	13
3670.5	23
3671.5	23
3672.5	17
3673.5	21
3674.5	28
3675.5	21
3676.5	19
3677.5	25
3678.5	22
3679.5	21
3680.5	26
3681.5	18
3682.5	18
3683.5	11
3684.5	17
3685.5	22
3686.5	19
3687.5	17
3688.5	19
3689.5	19
3690.5	26
3691.5	18
3692.5	15
3693.5	15
3694.5	16
3695.5	16
3696.5	27
3697.5	25
3698.5	25
3699.5	21
3700.5	34
3701.5	24
3702.5	20
3703.5	24
3704.5	25
3705.5	22
3706.5	15
3707.5	27
3708.5	23
3709.5	23
3710.5	20
3711.5	20
3712.5	20
3713.5	16
3714.5	14
3715.5	23
3716.5	20
3717.5	19
3718.5	23
3719.5	24
3720.5	20
3721.5	26
3722.5	24
3723.5	24
3724.5	26
3725.5	21
3726.5	25
3727.5	25
3728.5	18
3729.5	29
3730.5	28
3731.5	28
3732.5	34
3733.5	27
3734.5	24
3735.5	28
3736.5	34
3737.5	30
3738.5	35
3739.5	29
3740.5	37
3741.5	34
3742.5	35
3743.5	35
3744.5	33
3745.5	35
3746.5	36
3747.5	26
3748.5	36
3749.5	31
3750.5	34
3751.5	43
3752.5	32
3753.5	33
3754.5	43
3755.5	34
3756.5	36
3757.5	42
3758.5	45
3759.5	34
3760.5	37
3761.5	37
3762.5	35
3763.5	43
3764.5	31
3765.5	28
3766.5	44
3767.5	46
3768.5	45
3769.5	51
3770.5	43
3771.5	36
3772.5	44
3773.5	44
3774.5	42
3775.5	43
3776.5	46
3777.5	59
3778.5	45
3779.5	45
3780.5	53
3781.5	50
3782.5	45
3783.5	43
3784.5	57
3785.5	57
3786.5	39
3787.5	46
3788.5	50
3789.5	45
3790.5	51
3791.5	46
3792.5	57
3793.5	59
3794.5	55
3795.5	39
3796.5	47
3797.5	41
3798.5	48
3799.5	58
3800.5	45
3801.5	37
3802.5	43
3803.5	42
3804.5	61
3805.5	45
3806.5	41
3807.5	41
3808.5	48
3809.5	57
3810.5	35
3811.5	54
3812.5	44
3813.5	46
3814.5	59
3815.5	54
3816.5	50
3817.5	32
3818.5	51
3819.5	48
3820.5	40
3821.5	46
3822.5	38
3823.5	53
3824.5	46
3825.5	41
3826.5	57
3827.5	49
3828.5	40
3829.5	33
3830.5	29
3831.5	44
3832.5	36
3833.5	34
3834.5	37
3835.5	40
3836.5	42
3837.5	34
3838.5	44
3839.5	34
3840.5	23
3841.5	37
3842.5	43
3843.5	24
3844.5	38
3845.5	27
3846.5	35
3847.5	32
3848.5	35
3849.5	50
3850.5	16
3851.5	36
3852.5	29
3853.5	32
3854.5	36
3855.5	39
3856.5	35
3857.5	36
3858.5	25
3859.5	30
3860.5	22
3861.5	31
3862.5	32
3863.5	30
3864.5	27
3865.5	27
3866.5	32
3867.5	34
3868.5	23
3869.5	28
3870.5	17
3871.5	26
3872.5	21
3873.5	30
3874.5	26
3875.5	25
3876.5	21
3877.5	24
3878.5	22
3879.5	29
3880.5	28
3881.5	21
3882.5	26
3883.5	21
3884.5	32
3885.5	20
3886.5	20
3887.5	25
3888.5	21
3889.5	21
3890.5	25
3891.5	22
3892.5	18
3893.5	26
3894.5	22
3895.5	22
3896.5	23
3897.5	21
3898.5	21
3899.5	23
3900.5	26
3901.5	29
3902.5	24
3903.5	23
3904.5	22
3905.5	11
3906.5	30
3907.5	24
3908.5	25
3909.5	23
3910.5	28
3911.5	22
3912.5	24
3913.5	21
3914.5	30
3915.5	24
3916.5	24
3917.5	26
3918.5	27
3919.5	20
3920.5	25
3921.5	22
3922.5	23
3923.5	17
3924.5	22
3925.5	30
3926.5	29
3927.5	22
3928.5	21
3929.5	20
3930.5	25
3931.5	19
3932.5	23
3933.5	29
3934.5	21
3935.5	16
3936.5	19
3937.5	24
3938.5	14
3939.5	25
3940.5	25
3941.5	26
3942.5	26
3943.5	17
3944.5	20
3945.5	21
3946.5	17
3947.5	26
3948.5	26
3949.5	22
3950.5	29
3951.5	26
3952.5	23
3953.5	11
3954.5	27
3955.5	19
3956.5	25
3957.5	21
3958.5	26
3959.5	19
3960.5	21
3961.5	25
3962.5	20
3963.5	17
3964.5	20
3965.5	22
3966.5	27
3967.5	18
3968.5	21
3969.5	16
3970.5	18
3971.5	20
3972.5	25
3973.5	20
3974.5	27
3975.5	20
3976.5	25
3977.5	24
3978.5	22
3979.5	22
3980.5	14
3981.5	29
3982.5	23
3983.5	21
3984.5	26
3985.5	33
3986.5	16
3987.5	27
3988.5	20
3989.5	25
3990.5	26
3991.5	21
3992.5	26
3993.5	23
3994.5	15
3995.5	26
3996.5	28
3997.5	18
3998.5	16
3999.5	16
4000.5	17
4001.5	20
4002.5	20
4003.5	15
4004.5	22
4005.5	19
4006.5	18
4007.5	20
4008.5	16
4009.5	25
4010.5	23
4011.5	11
4012.5	20
4013.5	15
4014.5	26
4015.5	20
4016.5	24
4017.5	17
4018.5	14
4019.5	16
4020.5	17
4021.5	26
4022.5	22
4023.5	14
4024.5	17
4025.5	16
4026.5	15
4027.5	18
4028.5	12
4029.5	21
4030.5	15
4031.5	12
4032.5	19
4033.5	19
4034.5	15
4035.5	12
4036.5	14
4037.5	16
4038.5	17
4039.5	16
4040.5	14
4041.5	14
4042.5	8
4043.5	12
4044.5	16
4045.5	14
4046.5	25
4047.5	20
4048.5	13
4049.5	17
4050.5	16
4051.5	14
4052.5	12
4053.5	20
4054.5	12
4055.5	14
4056.5	17
4057.5	18
4058.5	10
4059.5	9
4060.5	11
4061.5	12
4062.5	8
4063.5	13
4064.5	13
4065.5	21
4066.5	13
4067.5	14
4068.5	20
4069.5	12
4070.5	10
4071.5	6
4072.5	16
4073.5	11
4074.5	13
4075.5	14
4076.5	12
4077.5	9
4078.5	20
4079.5	15
4080.5	14
4081.5	13
4082.5	8
4083.5	12
4084.5	13
4085.5	11
4086.5	9
4087.5	8
4088.5	10
4089.5	6
4090.5	10
4091.5	13
4092.5	9
4093.5	13
4094.5	11
4095.5	13
4096.5	9
4097.5	7
4098.5	12
4099.5	14
4100.5	8
4101.5	12
4102.5	11
4103.5	8
4104.5	12
4105.5	12
4106.5	8
4107.5	8
4108.5	9
4109.5	11
4110.5	16
4111.5	10
4112.5	8
4113.5	8
4114.5	14
4115.5	12
4116.5	6
4117.5	10
4118.5	6
4119.5	12
4120.5	9
4121.5	11
4122.5	17
4123.5	10
4124.5	8
4125.5	9
4126.5	11
4127.5	13
4128.5	6
4129.5	3
4130.5	7
4131.5	10
4132.5	7
4133.5	6
4134.5	7
4135.5	5
4136.5	3
4137.5	13
4138.5	9
4139.5	9
4140.5	12
4141.5	10
4142.5	10
4143.5	12
4144.5	8
4145.5	11
4146.5	6
4147.5	3
4148.5	4
4149.5	9
4150.5	8
4151.5	4
4152.5	6
4153.5	9
4154.5	9
4155.5	10
4156.5	12
4157.5	11
4158.5	11
4159.5	10
4160.5	8
4161.5	12
4162.5	20
4163.5	8
4164.5	7
4165.5	9
4166.5	9
4167.5	11
4168.5	14
4169.5	11
4170.5	11
4171.5	6
4172.5	17
4173.5	14
4174.5	19
4175.5	19
4176.5	18
4177.5	16
4178.5	16
4179.5	20
4180.5	23
4181.5	18
4182.5	25
4183.5	23
4184.5	17
4185.5	23
4186.5	12
4187.5	27
4188.5	12
4189.5	23
4190.5	20
4191.5	18
4192.5	30
4193.5	26
4194.5	28
4195.5	21
4196.5	28
4197.5	22
4198.5	25
4199.5	25
4200.5	33
4201.5	20
4202.5	22
4203.5	26
4204.5	20
4205.5	30
4206.5	28
4207.5	32
4208.5	29
4209.5	29
4210.5	28
4211.5	32
4212.5	28
4213.5	33
4214.5	30
4215.5	40
4216.5	31
4217.5	35
4218.5	29
4219.5	40
4220.5	39
4221.5	41
4222.5	35
4223.5	34
4224.5	32
4225.5	29
4226.5	37
4227.5	30
4228.5	26
4229.5	50
4230.5	52
4231.5	35
4232.5	50
4233.5	47
4234.5	38
4235.5	43
4236.5	45
4237.5	34
4238.5	40
4239.5	50
4240.5	58
4241.5	36
4242.5	51
4243.5	50
4244.5	27
4245.5	33
4246.5	44
4247.5	41
4248.5	38
4249.5	39
4250.5	39
4251.5	48
4252.5	46
4253.5	41
4254.5	44
4255.5	30
4256.5	31
4257.5	43
4258.5	42
4259.5	28
4260.5	42
4261.5	32
4262.5	44
4263.5	35
4264.5	43
4265.5	39
4266.5	29
4267.5	40
4268.5	42
4269.5	36
4270.5	49
4271.5	44
4272.5	43
4273.5	25
4274.5	32
4275.5	32
4276.5	35
4277.5	28
4278.5	37
4279.5	33
4280.5	31
4281.5	34
4282.5	34
4283.5	41
4284.5	31
4285.5	21
4286.5	19
4287.5	18
4288.5	21
4289.5	18
4290.5	21
4291.5	22
4292.5	16
4293.5	24
4294.5	16
4295.5	22
4296.5	20
4297.5	30
4298.5	26
4299.5	18
4300.5	24
4301.5	15
4302.5	12
4303.5	16
4304.5	24
4305.5	25
4306.5	12
4307.5	16
4308.5	19
4309.5	19
4310.5	14
4311.5	15
4312.5	13
4313.5	8
4314.5	17
4315.5	14
4316.5	17
4317.5	19
4318.5	9
4319.5	13
4320.5	10
4321.5	12
4322.5	12
4323.5	8
4324.5	12
4325.5	6
4326.5	6
4327.5	9
4328.5	5
4329.5	5
4330.5	5
4331.5	10
4332.5	11
4333.5	5
4334.5	1
4335.5	3
4336.5	7
4337.5	8
4338.5	10
4339.5	7
4340.5	2
4341.5	5
4342.5	5
4343.5	3
4344.5	1
4345.5	6
4346.5	3
4347.5	7
4348.5	1
4349.5	4
4350.5	0
4351.5	3
4352.5	5
4353.5	2
4354.5	0
4355.5	2
4356.5	3
4357.5	3
4358.5	0
4359.5	1
4360.5	0
4361.5	1
4362.5	7
4363.5	2
4364.5	3
4365.5	3
4366.5	2
4367.5	0
4368.5	1
4369.5	3
4370.5	2
4371.5	1
4372.5	1
4373.5	0
4374.5	3
4375.5	3
4376.5	2
4377.5	2
4378.5	2
4379.5	3
4380.5	2
4381.5	1
4382.5	1
4383.5	3
4384.5	3
4385.5	1
4386.5	1
4387.5	1
4388.5	1
4389.5	0
4390.5	2
4391.5	1
4392.5	0
4393.5	2
4394.5	1
4395.5	2
4396.5	2
4397.5	2
4398.5	3
4399.5	1
4400.5	0
4401.5	1
4402.5	1
4403.5	0
4404.5	2
4405.5	4
4406.5	2
4407.5	3
4408.5	4
4409.5	1
4410.5	2
4411.5	1
4412.5	0
4413.5	1
4414.5	3
4415.5	1
4416.5	2
4417.5	3
4418.5	2
4419.5	0
4420.5	2
4421.5	2
4422.5	0
4423.5	1
4424.5	1
4425.5	1
4426.5	0
4427.5	3
4428.5	0
4429.5	1
4430.5	2
4431.5	1
4432.5	1
4433.5	2
4434.5	1
4435.5	1
4436.5	2
4437.5	2
4438.5	2
4439.5	2
4440.5	2
4441.5	1
4442.5	1
4443.5	2
4444.5	1
4445.5	0
4446.5	1
4447.5	1
4448.5	1
4449.5	0
4450.5	1
4451.5	1
4452.5	2
4453.5	1
4454.5	5
4455.5	1
4456.5	2
4457.5	2
4458.5	1
4459.5	2
4460.5	0
4461.5	3
4462.5	0
4463.5	3
4464.5	1
4465.5	1
4466.5	1
4467.5	3
4468.5	1
4469.5	2
4470.5	0
4471.5	1
4472.5	2
4473.5	6
4474.5	3
4475.5	4
4476.5	0
4477.5	2
4478.5	2
4479.5	0
4480.5	2
4481.5	3
4482.5	0
4483.5	0
4484.5	2
4485.5	2
4486.5	2
4487.5	2
4488.5	3
4489.5	0
4490.5	3
4491.5	1
4492.5	0
4493.5	2
4494.5	1
4495.5	2
4496.5	2
4497.5	1
4498.5	1
4499.5	3
4500.5	3
4501.5	0
4502.5	3
4503.5	1
4504.5	3
4505.5	1
4506.5	1
4507.5	1
4508.5	2
4509.5	1
4510.5	1
4511.5	3
4512.5	1
4513.5	0
4514.5	0
4515.5	1
4516.5	3
4517.5	2
4518.5	0
4519.5	0
4520.5	2
4521.5	1
4522.5	3
4523.5	0
4524.5	1
4525.5	1
4526.5	1
4527.5	7
4528.5	3
4529.5	0
4530.5	0
4531.5	1
4532.5	2
4533.5	1
4534.5	1
4535.5	0
4536.5	1
4537.5	0
4538.5	1
4539.5	2
4540.5	2
4541.5	1
4542.5	1
4543.5	2
4544.5	2
4545.5	0
4546.5	2
4547.5	2
4548.5	0
4549.5	1
4550.5	1
4551.5	4
4552.5	1
4553.5	0
4554.5	2
4555.5	2
4556.5	3
4557.5	1
4558.5	2
4559.5	3
4560.5	0
4561.5	2
4562.5	1
4563.5	2
4564.5	1
4565.5	0
4566.5	0
4567.5	2
4568.5	1
4569.5	1
4570.5	3
4571.5	1
4572.5	0
4573.5	1
4574.5	0
4575.5	2
4576.5	1
4577.5	1
4578.5	1
4579.5	2
4580.5	1
4581.5	3
4582.5	3
4583.5	0
4584.5	3
4585.5	3
4586.5	4
4587.5	0
4588.5	2
4589.5	0
4590.5	1
4591.5	2
4592.5	1
4593.5	1
4594.5	1
4595.5	3
4596.5	1
4597.5	1
4598.5	3
4599.5	1
4600.5	2
4601.5	0
4602.5	2
4603.5	1
4604.5	2
4605.5	1
4606.5	1
4607.5	2
4608.5	2
4609.5	1
4610.5	2
4611.5	1
4612.5	0
4613.5	1
4614.5	0
4615.5	4
4616.5	2
4617.5	1
4618.5	1
4619.5	0
4620.5	1
4621.5	1
4622.5	3
4623.5	1
4624.5	2
4625.5	0
4626.5	0
4627.5	0
4628.5	0
4629.5	2
4630.5	2
4631.5	1
4632.5	2
4633.5	2
4634.5	1
4635.5	1
4636.5	1
4637.5	0
4638.5	0
4639.5	3
4640.5	0
4641.5	1
4642.5	0
4643.5	2
4644.5	0
4645.5	0
4646.5	1
4647.5	0
4648.5	0
4649.5	0
4650.5	0
4651.5	3
4652.5	1
4653.5	2
4654.5	1
4655.5	0
4656.5	1
4657.5	2
4658.5	0
4659.5	1
4660.5	1
4661.5	4
4662.5	0
4663.5	1
4664.5	0
4665.5	2
4666.5	1
4667.5	3
4668.5	3
4669.5	1
4670.5	0
4671.5	0
4672.5	3
4673.5	1
4674.5	1
4675.5	2
4676.5	1
4677.5	1
4678.5	0
4679.5	3
4680.5	1
4681.5	3
4682.5	1
4683.5	4
4684.5	0
4685.5	2
4686.5	1
4687.5	2
4688.5	0
4689.5	4
4690.5	2
4691.5	0
4692.5	4
4693.5	0
4694.5	3
4695.5	1
4696.5	0
4697.5	0
4698.5	3
4699.5	0
4700.5	1
4701.5	0
4702.5	1
4703.5	6
4704.5	0
4705.5	1
4706.5	0
4707.5	1
4708.5	4
4709.5	0
4710.5	0
4711.5	3
4712.5	2
4713.5	1
4714.5	0
4715.5	0
4716.5	1
4717.5	2
4718.5	1
4719.5	0
4720.5	0
4721.5	3
4722.5	1
4723.5	1
4724.5	2
4725.5	2
4726.5	1
4727.5	3
4728.5	1
4729.5	0
4730.5	3
4731.5	1
4732.5	2
4733.5	3
4734.5	3
4735.5	0
4736.5	0
4737.5	2
4738.5	1
4739.5	2
4740.5	0
4741.5	0
4742.5	1
4743.5	2
4744.5	1
4745.5	0
4746.5	0
4747.5	0
4748.5	1
4749.5	2
4750.5	3
4751.5	3
4752.5	2
4753.5	1
4754.5	2
4755.5	2
4756.5	1
4757.5	1
4758.5	2
4759.5	1
4760.5	0
4761.5	0
4762.5	1
4763.5	0
4764.5	3
4765.5	0
4766.5	3
4767.5	0
4768.5	0
4769.5	1
4770.5	2
4771.5	2
4772.5	1
4773.5	2
4774.5	3
4775.5	4
4776.5	0
4777.5	2
4778.5	1
4779.5	0
4780.5	0
4781.5	0
4782.5	1
4783.5	1
4784.5	1
4785.5	5
4786.5	0
4787.5	1
4788.5	0
4789.5	1
4790.5	1
4791.5	1
4792.5	1
4793.5	1
4794.5	2
4795.5	3
4796.5	0
4797.5	4
4798.5	3
4799.5	1
4800.5	4
4801.5	2
4802.5	1
4803.5	3
4804.5	1
4805.5	0
4806.5	3
4807.5	0
4808.5	0
4809.5	1
4810.5	1
4811.5	4
4812.5	1
4813.5	0
4814.5	0
4815.5	1
4816.5	0
4817.5	1
4818.5	2
4819.5	1
4820.5	1
4821.5	0
4822.5	3
4823.5	1
4824.5	1
4825.5	1
4826.5	3
4827.5	2
4828.5	1
4829.5	0
4830.5	1
4831.5	0
4832.5	2
4833.5	2
4834.5	1
4835.5	3
4836.5	1
4837.5	2
4838.5	1
4839.5	0
4840.5	3
4841.5	0
4842.5	2
4843.5	2
4844.5	1
4845.5	1
4846.5	0
4847.5	0
4848.5	1
4849.5	2
4850.5	2
4851.5	1
4852.5	1
4853.5	2
4854.5	0
4855.5	3
4856.5	0
4857.5	1
4858.5	0
4859.5	0
4860.5	1
4861.5	4
4862.5	4
4863.5	2
4864.5	1
4865.5	1
4866.5	0
4867.5	2
4868.5	4
4869.5	2
4870.5	0
4871.5	2
4872.5	0
4873.5	2
4874.5	3
4875.5	2
4876.5	0
4877.5	3
4878.5	0
4879.5	2
4880.5	2
4881.5	0
4882.5	1
4883.5	1
4884.5	2
4885.5	3
4886.5	0
4887.5	2
4888.5	1
4889.5	1
4890.5	2
4891.5	3
4892.5	2
4893.5	2
4894.5	1
4895.5	2
4896.5	3
4897.5	3
4898.5	0
4899.5	2
4900.5	0
4901.5	4
4902.5	2
4903.5	0
4904.5	1
4905.5	1
4906.5	1
4907.5	2
4908.5	1
4909.5	1
4910.5	1
4911.5	0
4912.5	2
4913.5	1
4914.5	2
4915.5	1
4916.5	1
4917.5	2
4918.5	2
4919.5	0
4920.5	2
4921.5	2
4922.5	2
4923.5	3
4924.5	2
4925.5	0
4926.5	1
4927.5	1
4928.5	5
4929.5	2
4930.5	1
4931.5	4
4932.5	2
4933.5	2
4934.5	1
4935.5	2
4936.5	0
4937.5	1
4938.5	3
4939.5	0
4940.5	1
4941.5	2
4942.5	1
4943.5	1
4944.5	0
4945.5	3
4946.5	0
4947.5	0
4948.5	1
4949.5	2
4950.5	0
4951.5	0
4952.5	2
4953.5	0
4954.5	1
4955.5	2
4956.5	1
4957.5	1
4958.5	2
4959.5	0
4960.5	1
4961.5	1
4962.5	2
4963.5	1
4964.5	3
4965.5	1
4966.5	0
4967.5	2
4968.5	3
4969.5	1
4970.5	2
4971.5	1
4972.5	0
4973.5	2
4974.5	1
4975.5	0
4976.5	0
4977.5	2
4978.5	0
4979.5	1
4980.5	3
4981.5	1
4982.5	0
4983.5	0
4984.5	5
4985.5	2
4986.5	1
4987.5	1
4988.5	0
4989.5	1
4990.5	1
4991.5	0
4992.5	0
4993.5	0
4994.5	0
4995.5	1
4996.5	1
4997.5	0
4998.5	4
4999.5	0
5000.5	2
5001.5	4
5002.5	2
5003.5	2
5004.5	2
5005.5	1
5006.5	1
5007.5	0
5008.5	6
5009.5	1
5010.5	2
5011.5	2
5012.5	0
5013.5	1
5014.5	2
5015.5	2
5016.5	0
5017.5	0
5018.5	1
5019.5	4
5020.5	0
5021.5	1
5022.5	0
5023.5	2
5024.5	0
5025.5	1
5026.5	1
5027.5	1
5028.5	0
5029.5	1
5030.5	2
5031.5	1
5032.5	1
5033.5	0
5034.5	2
5035.5	1
5036.5	0
5037.5	1
5038.5	1
5039.5	1
5040.5	4
5041.5	2
5042.5	1
5043.5	1
5044.5	1
5045.5	1
5046.5	0
5047.5	0
5048.5	3
5049.5	3
5050.5	6
5051.5	2
5052.5	0
5053.5	2
5054.5	3
5055.5	1
5056.5	3
5057.5	1
5058.5	2
5059.5	1
5060.5	2
5061.5	0
5062.5	0
5063.5	1
5064.5	2
5065.5	0
5066.5	1
5067.5	1
5068.5	0
5069.5	0
5070.5	1
5071.5	2
5072.5	1
5073.5	0
5074.5	2
5075.5	1
5076.5	0
5077.5	3
5078.5	2
5079.5	2
5080.5	1
5081.5	1
5082.5	0
5083.5	1
5084.5	0
5085.5	2
5086.5	1
5087.5	1
5088.5	1
5089.5	0
5090.5	0
5091.5	3
5092.5	2
5093.5	1
5094.5	2
5095.5	0
5096.5	1
5097.5	3
5098.5	2
5099.5	3
5100.5	2
5101.5	0
5102.5	0
5103.5	1
5104.5	1
5105.5	2
5106.5	1
5107.5	1
5108.5	0
5109.5	4
5110.5	1
5111.5	0
5112.5	3
5113.5	0
5114.5	2
5115.5	0
5116.5	2
5117.5	2
5118.5	2
5119.5	0
5120.5	1
5121.5	1
5122.5	1
5123.5	1
5124.5	0
5125.5	1
5126.5	2
5127.5	3
5128.5	2
5129.5	3
5130.5	0
5131.5	3
5132.5	2
5133.5	3
5134.5	1
5135.5	1
5136.5	0
5137.5	2
5138.5	1
5139.5	1
5140.5	4
5141.5	0
5142.5	6
5143.5	4
5144.5	3
5145.5	2
5146.5	1
5147.5	1
5148.5	2
5149.5	3
5150.5	2
5151.5	1
5152.5	0
5153.5	1
5154.5	0
5155.5	4
5156.5	2
5157.5	1
5158.5	0
5159.5	0
5160.5	3
5161.5	1
5162.5	3
5163.5	1
5164.5	2
5165.5	0
5166.5	1
5167.5	1
5168.5	0
5169.5	1
5170.5	0
5171.5	1
5172.5	2
5173.5	2
5174.5	0
5175.5	1
5176.5	3
5177.5	1
5178.5	2
5179.5	0
5180.5	1
5181.5	4
5182.5	1
5183.5	1
5184.5	1
5185.5	2
5186.5	1
5187.5	2
5188.5	0
5189.5	2
5190.5	2
5191.5	1
5192.5	0
5193.5	2
5194.5	2
5195.5	3
5196.5	2
5197.5	0
5198.5	1
5199.5	1
5200.5	0
5201.5	1
5202.5	1
5203.5	2
5204.5	2
5205.5	1
5206.5	0
5207.5	0
5208.5	3
5209.5	2
5210.5	1
5211.5	0
5212.5	0
5213.5	3
5214.5	0
5215.5	2
5216.5	1
5217.5	0
5218.5	1
5219.5	2
5220.5	2
5221.5	1
5222.5	1
5223.5	3
5224.5	1
5225.5	3
5226.5	1
5227.5	2
5228.5	3
5229.5	1
5230.5	0
5231.5	0
5232.5	2
5233.5	2
5234.5	0
5235.5	1
5236.5	0
5237.5	1
5238.5	3
5239.5	2
5240.5	2
5241.5	3
5242.5	2
5243.5	2
5244.5	2
5245.5	1
5246.5	3
5247.5	0
5248.5	1
5249.5	3
5250.5	1
5251.5	1
5252.5	3
5253.5	2
5254.5	2
5255.5	1
5256.5	1
5257.5	0
5258.5	1
5259.5	3
5260.5	0
5261.5	1
5262.5	1
5263.5	1
5264.5	0
5265.5	1
5266.5	2
5267.5	1
5268.5	0
5269.5	0
5270.5	2
5271.5	2
5272.5	3
5273.5	0
5274.5	1
5275.5	1
5276.5	0
5277.5	2
5278.5	0
5279.5	0
5280.5	0
5281.5	2
5282.5	1
5283.5	1
5284.5	2
5285.5	2
5286.5	0
5287.5	1
5288.5	0
5289.5	1
5290.5	3
5291.5	1
5292.5	0
5293.5	1
5294.5	0
5295.5	3
5296.5	0
5297.5	0
5298.5	0
5299.5	0
5300.5	0
5301.5	1
5302.5	0
5303.5	1
5304.5	0
5305.5	2
5306.5	0
5307.5	0
5308.5	0
5309.5	0
5310.5	0
5311.5	1
5312.5	0
5313.5	0
5314.5	2
5315.5	0
5316.5	1
5317.5	0
5318.5	0
5319.5	0
5320.5	0
5321.5	0
5322.5	0
5323.5	1
5324.5	1
5325.5	0
5326.5	0
5327.5	0
5328.5	0
5329.5	0
5330.5	1
5331.5	0
5332.5	0
5333.5	0
5334.5	0
5335.5	0
5336.5	0
5337.5	0
5338.5	0
5339.5	0
5340.5	0
5341.5	0
5342.5	0
5343.5	0
5344.5	1
5345.5	0
5346.5	0
5347.5	0
5348.5	0
5349.5	0
5350.5	0
5351.5	0
5352.5	0
5353.5	0
5354.5	0
5355.5	0
5356.5	0
5357.5	0
5358.5	0
5359.5	0
5360.5	0
5361.5	0
5362.5	0
5363.5	0
5364.5	0
5365.5	0
5366.5	0
5367.5	0
5368.5	0
5369.5	0
5370.5	0
5371.5	0
5372.5	0
5373.5	0
5374.5	0
5375.5	0
5376.5	0
5377.5	0
5378.5	0
5379.5	0
5380.5	0
5381.5	0
5382.5	0
5383.5	0
5384.5	0
5385.5	0
5386.5	0
5387.5	0
5388.5	0
5389.5	0
5390.5	0
5391.5	0
5392.5	0
5393.5	0
5394.5	0
5395.5	0
5396.5	0
5397.5	0
5398.5	0
5399.5	0
5400.5	0
5401.5	0
5402.5	0
5403.5	0
5404.5	0
5405.5	0
5406.5	0
5407.5	0
5408.5	0
5409.5	0
5410.5	0
5411.5	0
5412.5	0
5413.5	0
5414.5	0
5415.5	0
5416.5	0
5417.5	0
5418.5	0
5419.5	0
5420.5	0
5421.5	0
5422.5	0
5423.5	0
5424.5	0
5425.5	0
5426.5	0
5427.5	0
5428.5	0
5429.5	0
5430.5	0
5431.5	0
5432.5	0
5433.5	0
5434.5	0
5435.5	0
5436.5	0
5437.5	0
5438.5	0
5439.5	0
5440.5	0
5441.5	0
5442.5	0
5443.5	0
5444.5	0
5445.5	0
5446.5	0
5447.5	0
5448.5	0
5449.5	0
5450.5	0
5451.5	0
5452.5	0
5453.5	0
5454.5	0
5455.5	0
5456.5	0
5457.5	0
5458.5	0
5459.5	0
5460.5	0
5461.5	0
5462.5	0
5463.5	0
5464.5	0
5465.5	0
5466.5	0
5467.5	0
5468.5	0
5469.5	0
5470.5	0
5471.5	0
5472.5	0
5473.5	0
5474.5	0
5475.5	0
5476.5	0
5477.5	0
5478.5	0
5479.5	0
5480.5	0
5481.5	0
5482.5	0
5483.5	0
5484.5	0
5485.5	0
5486.5	0
5487.5	0
5488.5	0
5489.5	0
5490.5	0
5491.5	0
5492.5	0
5493.5	0
5494.5	0
5495.5	0
5496.5	0
5497.5	0
5498.5	0
5499.5	0
5500.5	0
5501.5	0
5502.5	0
5503.5	0
5504.5	0
5505.5	0
5506.5	0
5507.5	0
5508.5	0
5509.5	0
5510.5	0
5511.5	0
5512.5	0
5513.5	0
5514.5	0
5515.5	0
5516.5	0
5517.5	0
5518.5	0
5519.5	0
5520.5	0
5521.5	0
5522.5	0
5523.5	0
5524.5	0
5525.5	0
5526.5	0
5527.5	0
5528.5	0
5529.5	0
5530.5	0
5531.5	0
5532.5	0
5533.5	0
5534.5	0
5535.5	0
5536.5	0
5537.5	0
5538.5	0
5539.5	0
5540.5	0
5541.5	0
5542.5	0
5543.5	0
5544.5	0
5545.5	0
5546.5	0
5547.5	0
5548.5	0
5549.5	0
5550.5	0
5551.5	0
5552.5	0
5553.5	0
5554.5	0
5555.5	0
5556.5	0
5557.5	0
5558.5	0
5559.5	0
5560.5	0
5561.5	0
5562.5	0
5563.5	0
5564.5	0
5565.5	0
5566.5	0
5567.5	0
5568.5	0
5569.5	0
5570.5	0
5571.5	0
5572.5	0
5573.5	0
5574.5	0
5575.5	0
5576.5	0
5577.5	0
5578.5	0
5579.5	0
5580.5	0
5581.5	0
5582.5	0
5583.5	0
5584.5	0
5585.5	0
5586.5	0
5587.5	0
5588.5	0
5589.5	0
5590.5	0
5591.5	0
5592.5	0
5593.5	0
5594.5	0
5595.5	0
5596.5	0
5597.5	0
5598.5	0
5599.5	0
5600.5	0
5601.5	0
5602.5	0
5603.5	0
5604.5	0
5605.5	0
5606.5	0
5607.5	0
5608.5	0
5609.5	0
5610.5	0
5611.5	0
5612.5	0
5613.5	0
5614.5	0
5615.5	0
5616.5	0
5617.5	0
5618.5	0
5619.5	0
5620.5	0
5621.5	0
5622.5	0
5623.5	0
5624.5	0
5625.5	0
5626.5	0
5627.5	0
5628.5	0
5629.5	0
5630.5	0
5631.5	0
5632.5	0
5633.5	0
5634.5	0
5635.5	0
5636.5	0
5637.5	0
5638.5	0
5639.5	0
5640.5	0
5641.5	0
5642.5	0
5643.5	0
5644.5	0
5645.5	0
5646.5	0
5647.5	0
5648.5	0
5649.5	0
5650.5	0
5651.5	0
5652.5	0
5653.5	0
5654.5	0
5655.5	0
5656.5	0
5657.5	0
5658.5	0
5659.5	0
5660.5	0
5661.5	0
5662.5	0
5663.5	0
5664.5	0
5665.5	0
5666.5	0
5667.5	0
5668.5	0
5669.5	0
5670.5	0
5671.5	0
5672.5	0
5673.5	0
5674.5	0
5675.5	0
5676.5	0
5677.5	0
5678.5	0
5679.5	0
5680.5	0
5681.5	0
5682.5	0
5683.5	0
5684.5	0
5685.5	0
5686.5	0
5687.5	0
5688.5	0
5689.5	0
5690.5	0
5691.5	0
5692.5	0
5693.5	0
5694.5	0
5695.5	0
5696.5	0
5697.5	0
5698.5	0
5699.5	0
5700.5	0
5701.5	0
5702.5	0
5703.5	0
5704.5	0
5705.5	0
5706.5	0
5707.5	0
5708.5	0
5709.5	0
5710.5	0
5711.5	0
5712.5	0
5713.5	0
5714.5	0
5715.5	0
5716.5	0
5717.5	0
5718.5	0
5719.5	0
5720.5	0
5721.5	0
5722.5	0
5723.5	0
5724.5	0
5725.5	0
5726.5	0
5727.5	0
5728.5	0
5729.5	0
5730.5	0
5731.5	0
5732.5	0
5733.5	0
5734.5	0
5735.5	0
5736.5	0
5737.5	0
5738.5	0
5739.5	0
5740.5	0
5741.5	0
5742.5	0
5743.5	0
5744.5	0
5745.5	0
5746.5	0
5747.5	0
5748.5	0
5749.5	0
5750.5	0
5751.5	0
5752.5	0
5753.5	0
5754.5	0
5755.5	0
5756.5	0
5757.5	0
5758.5	0
5759.5	0
5760.5	0
5761.5	0
5762.5	0
5763.5	0
5764.5	0
5765.5	0
5766.5	0
5767.5	0
5768.5	0
5769.5	0
5770.5	0
5771.5	0
5772.5	0
5773.5	0
5774.5	0
5775.5	0
5776.5	0
5777.5	0
5778.5	0
5779.5	0
5780.5	0
5781.5	0
5782.5	0
5783.5	0
5784.5	0
5785.5	0
5786.5	0
5787.5	0
5788.5	0
5789.5	0
5790.5	0
5791.5	0
5792.5	0
5793.5	0
5794.5	0
5795.5	0
5796.5	0
5797.5	0
5798.5	0
5799.5	0
5800.5	0
5801.5	0
5802.5	0
5803.5	0
5804.5	0
5805.5	0
5806.5	0
5807.5	0
5808.5	0
5809.5	0
5810.5	0
5811.5	0
5812.5	0
5813.5	0
5814.5	0
5815.5	0
5816.5	0
5817.5	0
5818.5	0
5819.5	0
5820.5	0
5821.5	0
5822.5	0
5823.5	0
5824.5	0
5825.5	0
5826.5	0
5827.5	0
5828.5	0
5829.5	0
5830.5	0
5831.5	0
5832.5	0
5833.5	0
5834.5	0
5835.5	0
5836.5	0
5837.5	0
5838.5	0
5839.5	0
5840.5	0
5841.5	0
5842.5	0
5843.5	0
5844.5	0
5845.5	0
5846.5	0
5847.5	0
5848.5	0
5849.5	0
5850.5	0
5851.5	0
5852.5	0
5853.5	0
5854.5	0
5855.5	0
5856.5	0
5857.5	0
5858.5	0
5859.5	0
5860.5	0
5861.5	0
5862.5	0
5863.5	0
5864.5	0
5865.5	0
5866.5	0
5867.5	0
5868.5	0
5869.5	0
5870.5	0
5871.5	0
5872.5	0
5873.5	0
5874.5	0
5875.5	0
5876.5	0
5877.5	0
5878.5	0
5879.5	0
5880.5	0
5881.5	0
5882.5	0
5883.5	0
5884.5	0
5885.5	0
5886.5	0
5887.5	0
5888.5	0
5889.5	0
5890.5	0
5891.5	0
5892.5	0
5893.5	0
5894.5	0
5895.5	0
5896.5	0
5897.5	0
5898.5	0
5899.5	0
5900.5	0
5901.5	0
5902.5	0
5903.5	0
5904.5	0
5905.5	0
5906.5	0
5907.5	0
5908.5	0
5909.5	0
5910.5	0
5911.5	0
5912.5	0
5913.5	0
5914.5	0
5915.5	0
5916.5	0
5917.5	0
5918.5	0
5919.5	0
5920.5	0
5921.5	0
5922.5	0
5923.5	0
5924.5	0
5925.5	0
5926.5	0
5927.5	0
5928.5	0
5929.5	0
5930.5	0
5931.5	0
5932.5	0
5933.5	0
5934.5	0
5935.5	0
5936.5	0
5937.5	0
5938.5	0
5939.5	0
5940.5	0
5941.5	0
5942.5	0
5943.5	0
5944.5	0
5945.5	0
5946.5	0
5947.5	0
5948.5	0
5949.5	0
5950.5	0
5951.5	0
5952.5	0
5953.5	0
5954.5	0
5955.5	0
5956.5	0
5957.5	0
5958.5	0
5959.5	0
5960.5	0
5961.5	0
5962.5	0
5963.5	0
5964.5	0
5965.5	0
5966.5	0
5967.5	0
5968.5	0
5969.5	0
5970.5	0
5971.5	0
5972.5	0
5973.5	0
5974.5	0
5975.5	0
5976.5	0
5977.5	0
5978.5	0
5979.5	0
5980.5	0
5981.5	0
5982.5	0
5983.5	0
5984.5	0
5985.5	0
5986.5	0
5987.5	0
5988.5	0
5989.5	0
5990.5	0
5991.5	0
5992.5	0
5993.5	0
5994.5	0
5995.5	0
5996.5	0
5997.5	0
5998.5	0
5999.5	0
6000.5	0
6001.5	0
6002.5	0
6003.5	0
6004.5	0
6005.5	0
6006.5	0
6007.5	0
6008.5	0
6009.5	0
6010.5	0
6011.5	0
6012.5	0
6013.5	0
6014.5	0
6015.5	0
6016.5	0
6017.5	0
6018.5	0
6019.5	0
6020.5	0
6021.5	0
6022.5	0
6023.5	0
6024.5	0
6025.5	0
6026.5	0
6027.5	0
6028.5	0
6029.5	0
6030.5	0
6031.5	0
6032.5	0
6033.5	0
6034.5	0
6035.5	0
6036.5	0
6037.5	0
6038.5	0
6039.5	0
6040.5	0
6041.5	0
6042.5	0
6043.5	0
6044.5	0
6045.5	0
6046.5	0
6047.5	0
6048.5	0
6049.5	0
6050.5	0
6051.5	0
6052.5	0
6053.5	0
6054.5	0
6055.5	0
6056.5	0
6057.5	0
6058.5	0
6059.5	0
6060.5	0
6061.5	0
6062.5	0
6063.5	0
6064.5	0
6065.5	0
6066.5	0
6067.5	0
6068.5	0
6069.5	0
6070.5	0
6071.5	0
6072.5	0
6073.5	0
6074.5	0
6075.5	0
6076.5	0
6077.5	0
6078.5	0
6079.5	0
6080.5	0
6081.5	0
6082.5	0
6083.5	0
6084.5	0
6085.5	0
6086.5	0
6087.5	0
6088.5	0
6089.5	0
6090.5	0
6091.5	0
6092.5	0
6093.5	0
6094.5	0
6095.5	0
6096.5	0
6097.5	0
6098.5	0
6099.5	0
6100.5	0
6101.5	0
6102.5	0
6103.5	0
6104.5	0
6105.5	0
6106.5	0
6107.5	0
6108.5	0
6109.5	0
6110.5	0
6111.5	0
6112.5	0
6113.5	0
6114.5	0
6115.5	0
6116.5	0
6117.5	0
6118.5	0
6119.5	0
6120.5	0
6121.5	0
6122.5	0
6123.5	0
6124.5	0
6125.5	0
6126.5	0
6127.5	0
6128.5	0
6129.5	0
6130.5	0
6131.5	0
6132.5	0
6133.5	0
6134.5	0
6135.5	0
6136.5	0
6137.5	0
6138.5	0
6139.5	0
6140.5	0
6141.5	0
6142.5	0
6143.5	0
6144.5	0
6145.5	0
6146.5	0
6147.5	0
6148.5	0
6149.5	0
6150.5	0
6151.5	0
6152.5	0
6153.5	0
6154.5	0
6155.5	0
6156.5	0
6157.5	0
6158.5	0
6159.5	0
6160.5	0
6161.5	0
6162.5	0
6163.5	0
6164.5	0
6165.5	0
6166.5	0
6167.5	0
6168.5	0
6169.5	0
6170.5	0
6171.5	0
6172.5	0
6173.5	0
6174.5	0
6175.5	0
6176.5	0
6177.5	0
6178.5	0
6179.5	0
6180.5	0
6181.5	0
6182.5	0
6183.5	0
6184.5	0
6185.5	0
6186.5	0
6187.5	0
6188.5	0
6189.5	0
6190.5	0
6191.5	0
6192.5	0
6193.5	0
6194.5	0
6195.5	0
6196.5	0
6197.5	0
6198.5	0
6199.5	0
6200.5	0
6201.5	0
6202.5	0
6203.5	0
6204.5	0
6205.5	0
6206.5	0
6207.5	0
6208.5	0
6209.5	0
6210.5	0
6211.5	0
6212.5	0
6213.5	0
6214.5	0
6215.5	0
6216.5	0
6217.5	0
6218.5	0
6219.5	0
6220.5	0
6221.5	0
6222.5	0
6223.5	0
6224.5	0
6225.5	0
6226.5	0
6227.5	0
6228.5	0
6229.5	0
6230.5	0
6231.5	0
6232.5	0
6233.5	0
6234.5	0
6235.5	0
6236.5	0
6237.5	0
6238.5	0
6239.5	0
6240.5	0
6241.5	0
6242.5	0
6243.5	0
6244.5	0
6245.5	0
6246.5	0
6247.5	0
6248.5	0
6249.5	0
6250.5	0
6251.5	0
6252.5	0
6253.5	0
6254.5	0
6255.5	0
6256.5	0
6257.5	0
6258.5	0
6259.5	0
6260.5	0
6261.5	0
6262.5	0
6263.5	0
6264.5	0
6265.5	0
6266.5	0
6267.5	0
6268.5	0
6269.5	0
6270.5	0
6271.5	0
6272.5	0
6273.5	0
6274.5	0
6275.5	0
6276.5	0
6277.5	0
6278.5	0
6279.5	0
6280.5	0
6281.5	0
6282.5	0
6283.5	0
6284.5	0
6285.5	0
6286.5	0
6287.5	0
6288.5	0
6289.5	0
6290.5	0
6291.5	0
6292.5	0
6293.5	0
6294.5	0
6295.5	0
6296.5	0
6297.5	0
6298.5	0
6299.5	0
6300.5	0
6301.5	0
6302.5	0
6303.5	0
6304.5	0
6305.5	0
6306.5	0
6307.5	0
6308.5	0
6309.5	0
6310.5	0
6311.5	0
6312.5	0
6313.5	0
6314.5	0
6315.5	0
6316.5	0
6317.5	0
6318.5	0
6319.5	0
6320.5	0
6321.5	0
6322.5	0
6323.5	0
6324.5	0
6325.5	0
6326.5	0
6327.5	0
6328.5	0
6329.5	0
6330.5	0
6331.5	0
6332.5	0
6333.5	0
6334.5	0
6335.5	0
6336.5	0
6337.5	0
6338.5	0
6339.5	0
6340.5	0
6341.5	0
6342.5	0
6343.5	0
6344.5	0
6345.5	0
6346.5	0
6347.5	0
6348.5	0
6349.5	0
6350.5	0
6351.5	0
6352.5	0
6353.5	0
6354.5	0
6355.5	0
6356.5	0
6357.5	0
6358.5	0
6359.5	0
6360.5	0
6361.5	0
6362.5	0
6363.5	0
6364.5	0
6365.5	0
6366.5	0
6367.5	0
6368.5	0
6369.5	0
6370.5	0
6371.5	0
6372.5	0
6373.5	0
6374.5	0
6375.5	0
6376.5	0
6377.5	0
6378.5	0
6379.5	0
6380.5	0
6381.5	0
6382.5	0
6383.5	0
6384.5	0
6385.5	0
6386.5	0
6387.5	0
6388.5	0
6389.5	0
6390.5	0
6391.5	0
6392.5	0
6393.5	0
6394.5	0
6395.5	0
6396.5	0
6397.5	0
6398.5	0
6399.5	0
6400.5	0
6401.5	0
6402.5	0
6403.5	0
6404.5	0
6405.5	0
6406.5	0
6407.5	0
6408.5	0
6409.5	0
6410.5	0
6411.5	0
6412.5	0
6413.5	0
6414.5	0
6415.5	0
6416.5	0
6417.5	0
6418.5	0
6419.5	0
6420.5	0
6421.5	0
6422.5	0
6423.5	0
6424.5	0
6425.5	0
6426.5	0
6427.5	0
6428.5	0
6429.5	0
6430.5	0
6431.5	0
6432.5	0
6433.5	0
6434.5	0
6435.5	0
6436.5	0
6437.5	0
6438.5	0
6439.5	0
6440.5	0
6441.5	0
6442.5	0
6443.5	0
6444.5	0
6445.5	0
6446.5	0
6447.5	0
6448.5	0
6449.5	0
6450.5	0
6451.5	0
6452.5	0
6453.5	0
6454.5	0
6455.5	0
6456.5	0
6457.5	0
6458.5	0
6459.5	0
6460.5	0
6461.5	0
6462.5	0
6463.5	0
6464.5	0
6465.5	0
6466.5	0
6467.5	0
6468.5	0
6469.5	0
6470.5	0
6471.5	0
6472.5	0
6473.5	0
6474.5	0
6475.5	0
6476.5	0
6477.5	0
6478.5	0
6479.5	0
6480.5	0
6481.5	0
6482.5	0
6483.5	0
6484.5	0
6485.5	0
6486.5	0
6487.5	0
6488.5	0
6489.5	0
6490.5	0
6491.5	0
6492.5	0
6493.5	0
6494.5	0
6495.5	0
6496.5	0
6497.5	0
6498.5	0
6499.5	0
6500.5	0
6501.5	0
6502.5	0
6503.5	0
6504.5	0
6505.5	0
6506.5	0
6507.5	0
6508.5	0
6509.5	0
6510.5	0
6511.5	0
6512.5	0
6513.5	0
6514.5	0
6515.5	0
6516.5	0
6517.5	0
6518.5	0
6519.5	0
6520.5	0
6521.5	0
6522.5	0
6523.5	0
6524.5	0
6525.5	0
6526.5	0
6527.5	0
6528.5	0
6529.5	0
6530.5	0
6531.5	0
6532.5	0
6533.5	0
6534.5	0
6535.5	0
6536.5	0
6537.5	0
6538.5	0
6539.5	0
6540.5	0
6541.5	0
6542.5	0
6543.5	0
6544.5	0
6545.5	0
6546.5	0
6547.5	0
6548.5	0
6549.5	0
6550.5	0
6551.5	0
6552.5	0
6553.5	0
6554.5	0
6555.5	0
6556.5	0
6557.5	0
6558.5	0
6559.5	0
6560.5	0
6561.5	0
6562.5	0
6563.5	0
6564.5	0
6565.5	0
6566.5	0
6567.5	0
6568.5	0
6569.5	0
6570.5	0
6571.5	0
6572.5	0
6573.5	0
6574.5	0
6575.5	0
6576.5	0
6577.5	0
6578.5	0
6579.5	0
6580.5	0
6581.5	0
6582.5	0
6583.5	0
6584.5	0
6585.5	0
6586.5	0
6587.5	0
6588.5	0
6589.5	0
6590.5	0
6591.5	0
6592.5	0
6593.5	0
6594.5	0
6595.5	0
6596.5	0
6597.5	0
6598.5	0
6599.5	0
6600.5	0
6601.5	0
6602.5	0
6603.5	0
6604.5	0
6605.5	0
6606.5	0
6607.5	0
6608.5	0
6609.5	0
6610.5	0
6611.5	0
6612.5	0
6613.5	0
6614.5	0
6615.5	0
6616.5	0
6617.5	0
6618.5	0
6619.5	0
6620.5	0
6621.5	0
6622.5	0
6623.5	0
6624.5	0
6625.5	0
6626.5	0
6627.5	0
6628.5	0
6629.5	0
6630.5	0
6631.5	0
6632.5	0
6633.5	0
6634.5	0
6635.5	0
6636.5	0
6637.5	0
6638.5	0
6639.5	0
6640.5	0
6641.5	0
6642.5	0
6643.5	0
6644.5	0
6645.5	0
6646.5	0
6647.5	0
6648.5	0
6649.5	0
6650.5	0
6651.5	0
6652.5	0
6653.5	0
6654.5	0
6655.5	0
6656.5	0
6657.5	0
6658.5	0
6659.5	0
6660.5	0
6661.5	0
6662.5	0
6663.5	0
6664.5	0
6665.5	0
6666.5	0
6667.5	0
6668.5	0
6669.5	0
6670.5	0
6671.5	0
6672.5	0
6673.5	0
6674.5	0
6675.5	0
6676.5	0
6677.5	0
6678.5	0
6679.5	0
6680.5	0
6681.5	0
6682.5	0
6683.5	0
6684.5	0
6685.5	0
6686.5	0
6687.5	0
6688.5	0
6689.5	0
6690.5	0
6691.5	0
6692.5	0
6693.5	0
6694.5	0
6695.5	0
6696.5	0
6697.5	0
6698.5	0
6699.5	0
6700.5	0
6701.5	0
6702.5	0
6703.5	0
6704.5	0
6705.5	0
6706.5	0
6707.5	0
6708.5	0
6709.5	0
6710.5	0
6711.5	0
6712.5	0
6713.5	0
6714.5	0
6715.5	0
6716.5	0
6717.5	0
6718.5	0
6719.5	0
6720.5	0
6721.5	0
6722.5	0
6723.5	0
6724.5	0
6725.5	0
6726.5	0
6727.5	0
6728.5	0
6729.5	0
6730.5	0
6731.5	0
6732.5	0
6733.5	0
6734.5	0
6735.5	0
6736.5	0
6737.5	0
6738.5	0
6739.5	0
6740.5	0
6741.5	0
6742.5	0
6743.5	0
6744.5	0
6745.5	0
6746.5	0
6747.5	0
6748.5	0
6749.5	0
6750.5	0
6751.5	0
6752.5	0
6753.5	0
6754.5	0
6755.5	0
6756.5	0
6757.5	0
6758.5	0
6759.5	0
6760.5	0
6761.5	0
6762.5	0
6763.5	0
6764.5	0
6765.5	0
6766.5	0
6767.5	0
6768.5	0
6769.5	0
6770.5	0
6771.5	0
6772.5	0
6773.5	0
6774.5	0
6775.5	0
6776.5	0
6777.5	0
6778.5	0
6779.5	0
6780.5	0
6781.5	0
6782.5	0
6783.5	0
6784.5	0
6785.5	0
6786.5	0
6787.5	0
6788.5	0
6789.5	0
6790.5	0
6791.5	0
6792.5	0
6793.5	0
6794.5	0
6795.5	0
6796.5	0
6797.5	0
6798.5	0
6799.5	0
6800.5	0
6801.5	0
6802.5	0
6803.5	0
6804.5	0
6805.5	0
6806.5	0
6807.5	0
6808.5	0
6809.5	0
6810.5	0
6811.5	0
6812.5	0
6813.5	0
6814.5	0
6815.5	0
6816.5	0
6817.5	0
6818.5	0
6819.5	0
6820.5	0
6821.5	0
6822.5	0
6823.5	0
6824.5	0
6825.5	0
6826.5	0
6827.5	0
6828.5	0
6829.5	0
6830.5	0
6831.5	0
6832.5	0
6833.5	0
6834.5	0
6835.5	0
6836.5	0
6837.5	0
6838.5	0
6839.5	0
6840.5	0
6841.5	0
6842.5	0
6843.5	0
6844.5	0
6845.5	0
6846.5	0
6847.5	0
6848.5	0
6849.5	0
6850.5	0
6851.5	0
6852.5	0
6853.5	0
6854.5	0
6855.5	0
6856.5	0
6857.5	0
6858.5	0
6859.5	0
6860.5	0
6861.5	0
6862.5	0
6863.5	0
6864.5	0
6865.5	0
6866.5	0
6867.5	0
6868.5	0
6869.5	0
6870.5	0
6871.5	0
6872.5	0
6873.5	0
6874.5	0
6875.5	0
6876.5	0
6877.5	0
6878.5	0
6879.5	0
6880.5	0
6881.5	0
6882.5	0
6883.5	0
6884.5	0
6885.5	0
6886.5	0
6887.5	0
6888.5	0
6889.5	0
6890.5	0
6891.5	0
6892.5	0
6893.5	0
6894.5	0
6895.5	0
6896.5	0
6897.5	0
6898.5	0
6899.5	0
6900.5	0
6901.5	0
6902.5	0
6903.5	0
6904.5	0
6905.5	0
6906.5	0
6907.5	0
6908.5	0
6909.5	0
6910.5	0
6911.5	0
6912.5	0
6913.5	0
6914.5	0
6915.5	0
6916.5	0
6917.5	0
6918.5	0
6919.5	0
6920.5	0
6921.5	0
6922.5	0
6923.5	0
6924.5	0
6925.5	0
6926.5	0
6927.5	0
6928.5	0
6929.5	0
6930.5	0
6931.5	0
6932.5	0
6933.5	0
6934.5	0
6935.5	0
6936.5	0
6937.5	0
6938.5	0
6939.5	0
6940.5	0
6941.5	0
6942.5	0
6943.5	0
6944.5	0
6945.5	0
6946.5	0
6947.5	0
6948.5	0
6949.5	0
6950.5	0
6951.5	0
6952.5	0
6953.5	0
6954.5	0
6955.5	0
6956.5	0
6957.5	0
6958.5	0
6959.5	0
6960.5	0
6961.5	0
6962.5	0
6963.5	0
6964.5	0
6965.5	0
6966.5	0
6967.5	0
6968.5	0
6969.5	0
6970.5	0
6971.5	0
6972.5	0
6973.5	0
6974.5	0
6975.5	0
6976.5	0
6977.5	0
6978.5	0
6979.5	0
6980.5	0
6981.5	0
6982.5	0
6983.5	0
6984.5	0
6985.5	0
6986.5	0
6987.5	0
6988.5	0
6989.5	0
6990.5	0
6991.5	0
6992.5	0
6993.5	0
6994.5	0
6995.5	0
6996.5	0
6997.5	0
6998.5	0
6999.5	0
7000.5	0
7001.5	0
7002.5	0
7003.5	0
7004.5	0
7005.5	0
7006.5	0
7007.5	0
7008.5	0
7009.5	0
7010.5	0
7011.5	0
7012.5	0
7013.5	0
7014.5	0
7015.5	0
7016.5	0
7017.5	0
7018.5	0
7019.5	0
7020.5	0
7021.5	0
7022.5	0
7023.5	0
7024.5	0
7025.5	0
7026.5	0
7027.5	0
7028.5	0
7029.5	0
7030.5	0
7031.5	0
7032.5	0
7033.5	0
7034.5	0
7035.5	0
7036.5	0
7037.5	0
7038.5	0
7039.5	0
7040.5	0
7041.5	0
7042.5	0
7043.5	0
7044.5	0
7045.5	0
7046.5	0
7047.5	0
7048.5	0
7049.5	0
7050.5	0
7051.5	0
7052.5	0
7053.5	0
7054.5	0
7055.5	0
7056.5	0
7057.5	0
7058.5	0
7059.5	0
7060.5	0
7061.5	0
7062.5	0
7063.5	0
7064.5	0
7065.5	0
7066.5	0
7067.5	0
7068.5	0
7069.5	0
7070.5	0
7071.5	0
7072.5	0
7073.5	0
7074.5	0
7075.5	0
7076.5	0
7077.5	0
7078.5	0
7079.5	0
7080.5	0
7081.5	0
7082.5	0
7083.5	0
7084.5	0
7085.5	0
7086.5	0
7087.5	0
7088.5	0
7089.5	0
7090.5	0
7091.5	0
7092.5	0
7093.5	0
7094.5	0
7095.5	0
7096.5	0
7097.5	0
7098.5	0
7099.5	0
7100.5	0
7101.5	0
7102.5	0
7103.5	0
7104.5	0
7105.5	0
7106.5	0
7107.5	0
7108.5	0
7109.5	0
7110.5	0
7111.5	0
7112.5	0
7113.5	0
7114.5	0
7115.5	0
7116.5	0
7117.5	0
7118.5	0
7119.5	0
7120.5	0
7121.5	0
7122.5	0
7123.5	0
7124.5	0
7125.5	0
7126.5	0
7127.5	0
7128.5	0
7129.5	0
7130.5	0
7131.5	0
7132.5	0
7133.5	0
7134.5	0
7135.5	0
7136.5	0
7137.5	0
7138.5	0
7139.5	0
7140.5	0
7141.5	0
7142.5	0
7143.5	0
7144.5	0
7145.5	0
7146.5	0
7147.5	0
7148.5	0
7149.5	0
7150.5	0
7151.5	0
7152.5	0
7153.5	0
7154.5	0
7155.5	0
7156.5	0
7157.5	0
7158.5	0
7159.5	0
7160.5	0
7161.5	0
7162.5	0
7163.5	0
7164.5	0
7165.5	0
7166.5	0
7167.5	0
7168.5	0
7169.5	0
7170.5	0
7171.5	0
7172.5	0
7173.5	0
7174.5	0
7175.5	0
7176.5	0
7177.5	0
7178.5	0
7179.5	0
7180.5	0
7181.5	0
7182.5	0
7183.5	0
7184.5	0
7185.5	0
7186.5	0
7187.5	0
7188.5	0
7189.5	0
7190.5	0
7191.5	0
7192.5	0
7193.5	0
7194.5	0
7195.5	0
7196.5	0
7197.5	0
7198.5	0
7199.5	0
7200.5	0
7201.5	0
7202.5	0
7203.5	0
7204.5	0
7205.5	0
7206.5	0
7207.5	0
7208.5	0
7209.5	0
7210.5	0
7211.5	0
7212.5	0
7213.5	0
7214.5	0
7215.5	0
7216.5	0
7217.5	0
7218.5	0
7219.5	0
7220.5	0
7221.5	0
7222.5	0
7223.5	0
7224.5	0
7225.5	0
7226.5	0
7227.5	0
7228.5	0
7229.5	0
7230.5	0
7231.5	0
7232.5	0
7233.5	0
7234.5	0
7235.5	0
7236.5	0
7237.5	0
7238.5	0
7239.5	0
7240.5	0
7241.5	0
7242.5	0
7243.5	0
7244.5	0
7245.5	0
7246.5	0
7247.5	0
7248.5	0
7249.5	0
7250.5	0
7251.5	0
7252.5	0
7253.5	0
7254.5	0
7255.5	0
7256.5	0
7257.5	0
7258.5	0
7259.5	0
7260.5	0
7261.5	0
7262.5	0
7263.5	0
7264.5	0
7265.5	0
7266.5	0
7267.5	0
7268.5	0
7269.5	0
7270.5	0
7271.5	0
7272.5	0
7273.5	0
7274.5	0
7275.5	0
7276.5	0
7277.5	0
7278.5	0
7279.5	0
7280.5	0
7281.5	0
7282.5	0
7283.5	0
7284.5	0
7285.5	0
7286.5	0
7287.5	0
7288.5	0
7289.5	0
7290.5	0
7291.5	0
7292.5	0
7293.5	0
7294.5	0
7295.5	0
7296.5	0
7297.5	0
7298.5	0
7299.5	0
7300.5	0
7301.5	0
7302.5	0
7303.5	0
7304.5	0
7305.5	0
7306.5	0
7307.5	0
7308.5	0
7309.5	0
7310.5	0
7311.5	0
7312.5	0
7313.5	0
7314.5	0
7315.5	0
7316.5	0
7317.5	0
7318.5	0
7319.5	0
7320.5	0
7321.5	0
7322.5	0
7323.5	0
7324.5	0
7325.5	0
7326.5	0
7327.5	0
7328.5	0
7329.5	0
7330.5	0
7331.5	0
7332.5	0
7333.5	0
7334.5	0
7335.5	0
7336.5	0
7337.5	0
7338.5	0
7339.5	0
7340.5	0
7341.5	0
7342.5	0
7343.5	0
7344.5	0
7345.5	0
7346.5	0
7347.5	0
7348.5	0
7349.5	0
7350.5	0
7351.5	0
7352.5	0
7353.5	0
7354.5	0
7355.5	0
7356.5	0
7357.5	0
7358.5	0
7359.5	0
7360.5	0
7361.5	0
7362.5	0
7363.5	0
7364.5	0
7365.5	0
7366.5	0
7367.5	0
7368.5	0
7369.5	0
7370.5	0
7371.5	0
7372.5	0
7373.5	0
7374.5	0
7375.5	0
7376.5	0
7377.5	0
7378.5	0
7379.5	0
7380.5	0
7381.5	0
7382.5	0
7383.5	0
7384.5	0
7385.5	0
7386.5	0
7387.5	0
7388.5	0
7389.5	0
7390.5	0
7391.5	0
7392.5	0
7393.5	0
7394.5	0
7395.5	0
7396.5	0
7397.5	0
7398.5	0
7399.5	0
7400.5	0
7401.5	0
7402.5	0
7403.5	0
7404.5	0
7405.5	0
7406.5	0
7407.5	0
7408.5	0
7409.5	0
7410.5	0
7411.5	0
7412.5	0
7413.5	0
7414.5	0
7415.5	0
7416.5	0
7417.5	0
7418.5	0
7419.5	0
7420.5	0
7421.5	0
7422.5	0
7423.5	0
7424.5	0
7425.5	0
7426.5	0
7427.5	0
7428.5	0
7429.5	0
7430.5	0
7431.5	0
7432.5	0
7433.5	0
7434.5	0
7435.5	0
7436.5	0
7437.5	0
7438.5	0
7439.5	0
7440.5	0
7441.5	0
7442.5	0
7443.5	0
7444.5	0
7445.5	0
7446.5	0
7447.5	0
7448.5	0
7449.5	0
7450.5	0
7451.5	0
7452.5	0
7453.5	0
7454.5	0
7455.5	0
7456.5	0
7457.5	0
7458.5	0
7459.5	0
7460.5	0
7461.5	0
7462.5	0
7463.5	0
7464.5	0
7465.5	0
7466.5	0
7467.5	0
7468.5	0
7469.5	0
7470.5	0
7471.5	0
7472.5	0
7473.5	0
7474.5	0
7475.5	0
7476.5	0
7477.5	0
7478.5	0
7479.5	0
7480.5	0
7481.5	0
7482.5	0
7483.5	0
7484.5	0
7485.5	0
7486.5	0
7487.5	0
7488.5	0
7489.5	0
7490.5	0
7491.5	0
7492.5	0
7493.5	0
7494.5	0
7495.5	0
7496.5	0
7497.5	0
7498.5	0
7499.5	0
7500.5	0
7501.5	0
7502.5	0
7503.5	0
7504.5	0
7505.5	0
7506.5	0
7507.5	0
7508.5	0
7509.5	0
7510.5	0
7511.5	0
7512.5	0
7513.5	0
7514.5	0
7515.5	0
7516.5	0
7517.5	0
7518.5	0
7519.5	0
7520.5	0
7521.5	0
7522.5	0
7523.5	0
7524.5	0
7525.5	0
7526.5	0
7527.5	0
7528.5	0
7529.5	0
7530.5	0
7531.5	0
7532.5	0
7533.5	0
7534.5	0
7535.5	0
7536.5	0
7537.5	0
7538.5	0
7539.5	0
7540.5	0
7541.5	0
7542.5	0
7543.5	0
7544.5	0
7545.5	0
7546.5	0
7547.5	0
7548.5	0
7549.5	0
7550.5	0
7551.5	0
7552.5	0
7553.5	0
7554.5	0
7555.5	0
7556.5	0
7557.5	0
7558.5	0
7559.5	0
7560.5	0
7561.5	0
7562.5	0
7563.5	0
7564.5	0
7565.5	0
7566.5	0
7567.5	0
7568.5	0
7569.5	0
7570.5	0
7571.5	0
7572.5	0
7573.5	0
7574.5	0
7575.5	0
7576.5	0
7577.5	0
7578.5	0
7579.5	0
7580.5	0
7581.5	0
7582.5	0
7583.5	0
7584.5	0
7585.5	0
7586.5	0
7587.5	0
7588.5	0
7589.5	0
7590.5	0
7591.5	0
7592.5	0
7593.5	0
7594.5	0
7595.5	0
7596.5	0
7597.5	0
7598.5	0
7599.5	0
7600.5	0
7601.5	0
7602.5	0
7603.5	0
7604.5	0
7605.5	0
7606.5	0
7607.5	0
7608.5	0
7609.5	0
7610.5	0
7611.5	0
7612.5	0
7613.5	0
7614.5	0
7615.5	0
7616.5	0
7617.5	0
7618.5	0
7619.5	0
7620.5	0
7621.5	0
7622.5	0
7623.5	0
7624.5	0
7625.5	0
7626.5	0
7627.5	0
7628.5	0
7629.5	0
7630.5	0
7631.5	0
7632.5	0
7633.5	0
7634.5	0
7635.5	0
7636.5	0
7637.5	0
7638.5	0
7639.5	0
7640.5	0
7641.5	0
7642.5	0
7643.5	0
7644.5	0
7645.5	0
7646.5	0
7647.5	0
7648.5	0
7649.5	0
7650.5	0
7651.5	0
7652.5	0
7653.5	0
7654.5	0
7655.5	0
7656.5	0
7657.5	0
7658.5	0
7659.5	0
7660.5	0
7661.5	0
7662.5	0
7663.5	0
7664.5	0
7665.5	0
7666.5	0
7667.5	0
7668.5	0
7669.5	0
7670.5	0
7671.5	0
7672.5	0
7673.5	0
7674.5	0
7675.5	0
7676.5	0
7677.5	0
7678.5	0
7679.5	0
7680.5	0
7681.5	0
7682.5	0
7683.5	0
7684.5	0
7685.5	0
7686.5	0
7687.5	0
7688.5	0
7689.5	0
7690.5	0
7691.5	0
7692.5	0
7693.5	0
7694.5	0
7695.5	0
7696.5	0
7697.5	0
7698.5	0
7699.5	0
7700.5	0
7701.5	0
7702.5	0
7703.5	0
7704.5	0
7705.5	0
7706.5	0
7707.5	0
7708.5	0
7709.5	0
7710.5	0
7711.5	0
7712.5	0
7713.5	0
7714.5	0
7715.5	0
7716.5	0
7717.5	0
7718.5	0
7719.5	0
7720.5	0
7721.5	0
7722.5	0
7723.5	0
7724.5	0
7725.5	0
7726.5	0
7727.5	0
7728.5	0
7729.5	0
7730.5	0
7731.5	0
7732.5	0
7733.5	0
7734.5	0
7735.5	0
7736.5	0
7737.5	0
7738.5	0
7739.5	0
7740.5	0
7741.5	0
7742.5	0
7743.5	0
7744.5	0
7745.5	0
7746.5	0
7747.5	0
7748.5	0
7749.5	0
7750.5	0
7751.5	0
7752.5	0
7753.5	0
7754.5	0
7755.5	0
7756.5	0
7757.5	0
7758.5	0
7759.5	0
7760.5	0
7761.5	0
7762.5	0
7763.5	0
7764.5	0
7765.5	0
7766.5	0
7767.5	0
7768.5	0
7769.5	0
7770.5	0
7771.5	0
7772.5	0
7773.5	0
7774.5	0
7775.5	0
7776.5	0
7777.5	0
7778.5	0
7779.5	0
7780.5	0
7781.5	0
7782.5	0
7783.5	0
7784.5	0
7785.5	0
7786.5	0
7787.5	0
7788.5	0
7789.5	0
7790.5	0
7791.5	0
7792.5	0
7793.5	0
7794.5	0
7795.5	0
7796.5	0
7797.5	0
7798.5	0
7799.5	0
7800.5	0
7801.5	0
7802.5	0
7803.5	0
7804.5	0
7805.5	0
7806.5	0
7807.5	0
7808.5	0
7809.5	0
7810.5	0
7811.5	0
7812.5	0
7813.5	0
7814.5	0
7815.5	0
7816.5	0
7817.5	0
7818.5	0
7819.5	0
7820.5	0
7821.5	0
7822.5	0
7823.5	0
7824.5	0
7825.5	0
7826.5	0
7827.5	0
7828.5	0
7829.5	0
7830.5	0
7831.5	0
7832.5	0
7833.5	0
7834.5	0
7835.5	0
7836.5	0
7837.5	0
7838.5	0
7839.5	0
7840.5	0
7841.5	0
7842.5	0
7843.5	0
7844.5	0
7845.5	0
7846.5	0
7847.5	0
7848.5	0
7849.5	0
7850.5	0
7851.5	0
7852.5	0
7853.5	0
7854.5	0
7855.5	0
7856.5	0
7857.5	0
7858.5	0
7859.5	0
7860.5	0
7861.5	0
7862.5	0
7863.5	0
7864.5	0
7865.5	0
7866.5	0
7867.5	0
7868.5	0
7869.5	0
7870.5	0
7871.5	0
7872.5	0
7873.5	0
7874.5	0
7875.5	0
7876.5	0
7877.5	0
7878.5	0
7879.5	0
7880.5	0
7881.5	0
7882.5	0
7883.5	0
7884.5	0
7885.5	0
7886.5	0
7887.5	0
7888.5	0
7889.5	0
7890.5	0
7891.5	0
7892.5	0
7893.5	0
7894.5	0
7895.5	0
7896.5	0
7897.5	0
7898.5	0
7899.5	0
7900.5	0
7901.5	0
7902.5	0
7903.5	0
7904.5	0
7905.5	0
7906.5	0
7907.5	0
7908.5	0
7909.5	0
7910.5	0
7911.5	0
7912.5	0
7913.5	0
7914.5	0
7915.5	0
7916.5	0
7917.5	0
7918.5	0
7919.5	0
7920.5	0
7921.5	0
7922.5	0
7923.5	0
7924.5	0
7925.5	0
7926.5	0
7927.5	0
7928.5	0
7929.5	0
7930.5	0
7931.5	0
7932.5	0
7933.5	0
7934.5	0
7935.5	0
7936.5	0
7937.5	0
7938.5	0
7939.5	0
7940.5	0
7941.5	0
7942.5	0
7943.5	0
7944.5	0
7945.5	0
7946.5	0
7947.5	0
7948.5	0
7949.5	0
7950.5	0
7951.5	0
7952.5	0
7953.5	0
7954.5	0
7955.5	0
7956.5	0
7957.5	0
7958.5	0
7959.5	0
7960.5	0
7961.5	0
7962.5	0
7963.5	0
7964.5	0
7965.5	0
7966.5	0
7967.5	0
7968.5	0
7969.5	0
7970.5	0
7971.5	0
7972.5	0
7973.5	0
7974.5	0
7975.5	0
7976.5	0
7977.5	0
7978.5	0
7979.5	0
7980.5	0
7981.5	0
7982.5	0
7983.5	0
7984.5	0
7985.5	0
7986.5	0
7987.5	0
7988.5	0
7989.5	0
7990.5	0
7991.5	0
7992.5	0
7993.5	0
7994.5	0
7995.5	0
7996.5	0
7997.5	0
7998.5	0
7999.5	0
8000.5	0
8001.5	0
8002.5	0
8003.5	0
8004.5	0
8005.5	0
8006.5	0
8007.5	0
8008.5	0
8009.5	0
8010.5	0
8011.5	0
8012.5	0
8013.5	0
8014.5	0
8015.5	0
8016.5	0
8017.5	0
8018.5	0
8019.5	0
8020.5	0
8021.5	0
8022.5	0
8023.5	0
8024.5	0
8025.5	0
8026.5	0
8027.5	0
8028.5	0
8029.5	0
8030.5	0
8031.5	0
8032.5	0
8033.5	0
8034.5	0
8035.5	0
8036.5	0
8037.5	0
8038.5	0
8039.5	0
8040.5	0
8041.5	0
8042.5	0
8043.5	0
8044.5	0
8045.5	0
8046.5	0
8047.5	0
8048.5	0
8049.5	0
8050.5	0
8051.5	0
8052.5	0
8053.5	0
8054.5	0
8055.5	0
8056.5	0
8057.5	0
8058.5	0
8059.5	0
8060.5	0
8061.5	0
8062.5	0
8063.5	0
8064.5	0
8065.5	0
8066.5	0
8067.5	0
8068.5	0
8069.5	0
8070.5	0
8071.5	0
8072.5	0
8073.5	0
8074.5	0
8075.5	0
8076.5	0
8077.5	0
8078.5	0
8079.5	0
8080.5	0
8081.5	0
8082.5	0
8083.5	0
8084.5	0
8085.5	0
8086.5	0
8087.5	0
8088.5	0
8089.5	0
8090.5	0
8091.5	0
8092.5	0
8093.5	0
8094.5	0
8095.5	0
8096.5	0
8097.5	0
8098.5	0
8099.5	0
8100.5	0
8101.5	0
8102.5	0
8103.5	0
8104.5	0
8105.5	0
8106.5	0
8107.5	0
8108.5	0
8109.5	0
8110.5	0
8111.5	0
8112.5	0
8113.5	0
8114.5	0
8115.5	0
8116.5	0
8117.5	0
8118.5	0
8119.5	0
8120.5	0
8121.5	0
8122.5	0
8123.5	0
8124.5	0
8125.5	0
8126.5	0
8127.5	0
8128.5	0
8129.5	0
8130.5	0
8131.5	0
8132.5	0
8133.5	0
8134.5	0
8135.5	0
8136.5	0
8137.5	0
8138.5	0
8139.5	0
8140.5	0
8141.5	0
8142.5	0
8143.5	0
8144.5	0
8145.5	0
8146.5	0
8147.5	0
8148.5	0
8149.5	0
8150.5	0
8151.5	0
8152.5	0
8153.5	0
8154.5	0
8155.5	0
8156.5	0
8157.5	0
8158.5	0
8159.5	0
8160.5	0
8161.5	0
8162.5	0
8163.5	0
8164.5	0
8165.5	0
8166.5	0
8167.5	0
8168.5	0
8169.5	0
8170.5	0
8171.5	0
8172.5	0
8173.5	0
8174.5	0
8175.5	0
8176.5	0
8177.5	0
8178.5	0
8179.5	0
8180.5	0
8181.5	0
8182.5	0
8183.5	0
8184.5	0
8185.5	0
8186.5	0
8187.5	0
8188.5	0
8189.5	0
8190.5	0
8191.5	0
