0.5	76
1.5	40
2.5	14
3.5	1
4.5	1
5.5	0
6.5	0
7.5	0
8.5	0
9.5	1
10.5	3
11.5	1
12.5	1
13.5	0
14.5	1
15.5	1
16.5	0
17.5	1
18.5	0
19.5	0
20.5	2
21.5	0
22.5	0
23.5	0
24.5	0
25.5	0
26.5	0
27.5	1
28.5	0
29.5	0
30.5	1
31.5	2
32.5	0
33.5	1
34.5	1
35.5	1
36.5	1
37.5	0
38.5	0
39.5	2
40.5	2
41.5	0
42.5	0
43.5	0
44.5	1
45.5	1
46.5	3
47.5	0
48.5	2
49.5	1
50.5	1
51.5	1
52.5	2
53.5	1
54.5	3
55.5	3
56.5	4
57.5	3
58.5	2
59.5	1
60.5	2
61.5	2
62.5	2
63.5	0
64.5	0
65.5	5
66.5	0
67.5	1
68.5	1
69.5	4
70.5	0
71.5	1
72.5	4
73.5	1
74.5	3
75.5	0
76.5	2
77.5	2
78.5	2
79.5	4
80.5	1
81.5	2
82.5	1
83.5	2
84.5	2
85.5	2
86.5	3
87.5	2
88.5	0
89.5	4
90.5	2
91.5	1
92.5	1
93.5	2
94.5	1
95.5	3
96.5	3
97.5	3
98.5	2
99.5	1
100.5	7
101.5	4
102.5	3
103.5	5
104.5	11
105.5	6
106.5	12
107.5	16
108.5	16
109.5	24
110.5	27
111.5	38
112.5	48
113.5	64
114.5	90
115.5	100
116.5	126
117.5	148
118.5	203
119.5	250
120.5	298
121.5	347
122.5	465
123.5	509
124.5	586
125.5	748
126.5	883
127.5	1089
128.5	1221
129.5	1401
130.5	1670
131.5	1942
132.5	2355
133.5	2804
134.5	3224
135.5	3631
136.5	3871
137.5	4094
138.5	4086
139.5	3767
140.5	3403
141.5	2990
142.5	2570
143.5	2295
144.5	1884
145.5	1847
146.5	1712
147.5	1653
148.5	1597
149.5	1576
150.5	1622
151.5	1579
152.5	1539
153.5	1615
154.5	1628
155.5	1710
156.5	1655
157.5	1730
158.5	1769
159.5	1783
160.5	1852
161.5	2039
162.5	2131
163.5	2045
164.5	2158
165.5	2278
166.5	2275
167.5	2212
168.5	2120
169.5	1958
170.5	1822
171.5	1650
172.5	1503
173.5	1448
174.5	1309
175.5	1214
176.5	1151
177.5	1100
178.5	1109
179.5	1094
180.5	1099
181.5	1069
182.5	1070
183.5	987
184.5	1001
185.5	1087
186.5	1020
187.5	1005
188.5	1042
189.5	984
190.5	978
191.5	987
192.5	965
193.5	1014
194.5	1031
195.5	1009
196.5	984
197.5	986
198.5	1067
199.5	1077
200.5	1015
201.5	997
202.5	962
203.5	1008
204.5	1000
205.5	982
206.5	912
207.5	906
208.5	916
209.5	927
210.5	830
211.5	864
212.5	902
213.5	881
214.5	870
215.5	906
216.5	924
217.5	837
218.5	869
219.5	873
220.5	863
221.5	848
222.5	867
223.5	810
224.5	797
225.5	914
226.5	881
227.5	827
228.5	821
229.5	792
230.5	826
231.5	803
232.5	744
233.5	743
234.5	722
235.5	738
236.5	739
237.5	684
238.5	717
239.5	729
240.5	688
241.5	692
242.5	724
243.5	684
244.5	661
245.5	684
246.5	659
247.5	674
248.5	668
249.5	644
250.5	659
251.5	656
252.5	626
253.5	677
254.5	641
255.5	621
256.5	619
257.5	666
258.5	635
259.5	645
260.5	632
261.5	615
262.5	619
263.5	609
264.5	657
265.5	638
266.5	567
267.5	612
268.5	566
269.5	600
270.5	588
271.5	609
272.5	593
273.5	618
274.5	580
275.5	616
276.5	652
277.5	587
278.5	517
279.5	623
280.5	585
281.5	558
282.5	587
283.5	534
284.5	549
285.5	536
286.5	510
287.5	530
288.5	529
289.5	561
290.5	568
291.5	579
292.5	552
293.5	623
294.5	637
295.5	698
296.5	777
297.5	848
298.5	861
299.5	912
300.5	1019
301.5	1043
302.5	1058
303.5	1120
304.5	1146
305.5	1115
306.5	1094
307.5	1008
308.5	958
309.5	885
310.5	778
311.5	710
312.5	679
313.5	594
314.5	553
315.5	453
316.5	431
317.5	393
318.5	406
319.5	330
320.5	333
321.5	321
322.5	375
323.5	325
324.5	333
325.5	291
326.5	343
327.5	324
328.5	298
329.5	292
330.5	337
331.5	307
332.5	317
333.5	311
334.5	274
335.5	304
336.5	303
337.5	231
338.5	278
339.5	277
340.5	288
341.5	289
342.5	311
343.5	269
344.5	294
345.5	277
346.5	295
347.5	238
348.5	272
349.5	259
350.5	269
351.5	274
352.5	261
353.5	249
354.5	298
355.5	276
356.5	268
357.5	237
358.5	224
359.5	251
360.5	256
361.5	269
362.5	238
363.5	240
364.5	259
365.5	264
366.5	247
367.5	234
368.5	226
369.5	220
370.5	238
371.5	278
372.5	267
373.5	322
374.5	348
375.5	301
376.5	298
377.5	307
378.5	348
379.5	307
380.5	303
381.5	370
382.5	352
383.5	317
384.5	321
385.5	298
386.5	264
387.5	261
388.5	257
389.5	267
390.5	260
391.5	208
392.5	237
393.5	237
394.5	221
395.5	214
396.5	192
397.5	191
398.5	206
399.5	228
400.5	181
401.5	189
402.5	181
403.5	219
404.5	185
405.5	174
406.5	178
407.5	170
408.5	201
409.5	179
410.5	199
411.5	189
412.5	195
413.5	192
414.5	180
415.5	182
416.5	187
417.5	195
418.5	190
419.5	175
420.5	193
421.5	159
422.5	166
423.5	194
424.5	185
425.5	185
426.5	176
427.5	131
428.5	163
429.5	174
430.5	171
431.5	147
432.5	175
433.5	161
434.5	156
435.5	147
436.5	138
437.5	170
438.5	160
439.5	156
440.5	158
441.5	155
442.5	172
443.5	177
444.5	180
445.5	149
446.5	152
447.5	181
448.5	168
449.5	173
450.5	141
451.5	160
452.5	150
453.5	148
454.5	136
455.5	148
456.5	162
457.5	150
458.5	153
459.5	164
460.5	151
461.5	180
462.5	135
463.5	153
464.5	152
465.5	140
466.5	161
467.5	143
468.5	156
469.5	165
470.5	170
471.5	170
472.5	141
473.5	136
474.5	144
475.5	146
476.5	156
477.5	177
478.5	156
479.5	154
480.5	179
481.5	181
482.5	172
483.5	195
484.5	168
485.5	171
486.5	172
487.5	158
488.5	193
489.5	143
490.5	172
491.5	158
492.5	171
493.5	170
494.5	159
495.5	163
496.5	165
497.5	191
498.5	215
499.5	213
500.5	213
501.5	261
502.5	256
503.5	284
504.5	296
505.5	340
506.5	388
507.5	435
508.5	416
509.5	526
510.5	533
511.5	493
512.5	581
513.5	579
514.5	633
515.5	622
516.5	650
517.5	624
518.5	589
519.5	572
520.5	544
521.5	539
522.5	497
523.5	469
524.5	408
525.5	394
526.5	322
527.5	314
528.5	266
529.5	255
530.5	203
531.5	210
532.5	204
533.5	141
534.5	133
535.5	150
536.5	142
537.5	151
538.5	137
539.5	115
540.5	123
541.5	101
542.5	118
543.5	112
544.5	112
545.5	149
546.5	127
547.5	98
548.5	130
549.5	138
550.5	115
551.5	116
552.5	130
553.5	127
554.5	131
555.5	118
556.5	141
557.5	106
558.5	122
559.5	107
560.5	113
561.5	120
562.5	124
563.5	112
564.5	111
565.5	107
566.5	108
567.5	110
568.5	99
569.5	118
570.5	123
571.5	127
572.5	119
573.5	115
574.5	115
575.5	110
576.5	121
577.5	107
578.5	121
579.5	126
580.5	114
581.5	121
582.5	131
583.5	104
584.5	118
585.5	115
586.5	118
587.5	117
588.5	121
589.5	96
590.5	110
591.5	114
592.5	109
593.5	108
594.5	96
595.5	97
596.5	105
597.5	114
598.5	115
599.5	117
600.5	106
601.5	103
602.5	128
603.5	103
604.5	107
605.5	110
606.5	127
607.5	95
608.5	126
609.5	118
610.5	89
611.5	109
612.5	117
613.5	100
614.5	92
615.5	116
616.5	122
617.5	115
618.5	101
619.5	108
620.5	99
621.5	103
622.5	94
623.5	105
624.5	91
625.5	110
626.5	94
627.5	108
628.5	116
629.5	92
630.5	100
631.5	111
632.5	108
633.5	101
634.5	126
635.5	113
636.5	92
637.5	117
638.5	87
639.5	84
640.5	110
641.5	99
642.5	129
643.5	106
644.5	95
645.5	100
646.5	132
647.5	88
648.5	101
649.5	105
650.5	97
651.5	88
652.5	79
653.5	91
654.5	84
655.5	115
656.5	89
657.5	105
658.5	92
659.5	127
660.5	85
661.5	101
662.5	93
663.5	100
664.5	93
665.5	77
666.5	108
667.5	73
668.5	89
669.5	95
670.5	110
671.5	92
672.5	68
673.5	81
674.5	80
675.5	77
676.5	82
677.5	86
678.5	79
679.5	72
680.5	83
681.5	93
682.5	85
683.5	71
684.5	73
685.5	86
686.5	78
687.5	91
688.5	87
689.5	93
690.5	67
691.5	82
692.5	75
693.5	76
694.5	85
695.5	59
696.5	70
697.5	63
698.5	73
699.5	79
700.5	78
701.5	73
702.5	80
703.5	67
704.5	66
705.5	83
706.5	74
707.5	89
708.5	84
709.5	77
710.5	80
711.5	77
712.5	62
713.5	81
714.5	74
715.5	63
716.5	78
717.5	63
718.5	58
719.5	71
720.5	65
721.5	58
722.5	50
723.5	72
724.5	77
725.5	66
726.5	55
727.5	50
728.5	64
729.5	58
730.5	66
731.5	82
732.5	68
733.5	76
734.5	65
735.5	52
736.5	60
737.5	74
738.5	86
739.5	70
740.5	74
741.5	73
742.5	79
743.5	61
744.5	74
745.5	68
746.5	60
747.5	82
748.5	62
749.5	56
750.5	66
751.5	67
752.5	65
753.5	86
754.5	54
755.5	70
756.5	70
757.5	71
758.5	64
759.5	62
760.5	64
761.5	71
762.5	68
763.5	75
764.5	66
765.5	73
766.5	67
767.5	58
768.5	57
769.5	70
770.5	60
771.5	81
772.5	68
773.5	65
774.5	89
775.5	82
776.5	72
777.5	63
778.5	69
779.5	71
780.5	72
781.5	92
782.5	67
783.5	79
784.5	74
785.5	70
786.5	82
787.5	73
788.5	84
789.5	60
790.5	66
791.5	67
792.5	75
793.5	68
794.5	87
795.5	76
796.5	75
797.5	80
798.5	93
799.5	81
800.5	73
801.5	82
802.5	68
803.5	84
804.5	68
805.5	64
806.5	74
807.5	60
808.5	76
809.5	79
810.5	73
811.5	77
812.5	62
813.5	74
814.5	73
815.5	88
816.5	68
817.5	86
818.5	68
819.5	81
820.5	74
821.5	92
822.5	64
823.5	90
824.5	91
825.5	80
826.5	92
827.5	90
828.5	90
829.5	92
830.5	94
831.5	88
832.5	109
833.5	129
834.5	130
835.5	159
836.5	154
837.5	169
838.5	179
839.5	195
840.5	193
841.5	208
842.5	277
843.5	239
844.5	261
845.5	308
846.5	312
847.5	311
848.5	347
849.5	393
850.5	369
851.5	386
852.5	356
853.5	426
854.5	446
855.5	443
856.5	427
857.5	381
858.5	379
859.5	416
860.5	356
861.5	382
862.5	353
863.5	370
864.5	332
865.5	317
866.5	309
867.5	259
868.5	240
869.5	228
870.5	224
871.5	187
872.5	166
873.5	152
874.5	150
875.5	122
876.5	104
877.5	109
878.5	86
879.5	84
880.5	88
881.5	83
882.5	80
883.5	71
884.5	50
885.5	70
886.5	65
887.5	55
888.5	38
889.5	61
890.5	69
891.5	51
892.5	58
893.5	61
894.5	77
895.5	48
896.5	61
897.5	57
898.5	69
899.5	73
900.5	67
901.5	54
902.5	54
903.5	58
904.5	61
905.5	45
906.5	53
907.5	53
908.5	66
909.5	52
910.5	51
911.5	61
912.5	58
913.5	49
914.5	50
915.5	57
916.5	59
917.5	48
918.5	38
919.5	44
920.5	56
921.5	61
922.5	56
923.5	56
924.5	55
925.5	50
926.5	58
927.5	43
928.5	50
929.5	49
930.5	57
931.5	54
932.5	48
933.5	57
934.5	56
935.5	67
936.5	60
937.5	59
938.5	60
939.5	49
940.5	55
941.5	72
942.5	66
943.5	64
944.5	56
945.5	49
946.5	49
947.5	63
948.5	56
949.5	59
950.5	58
951.5	40
952.5	56
953.5	52
954.5	65
955.5	56
956.5	47
957.5	61
958.5	49
959.5	43
960.5	51
961.5	49
962.5	58
963.5	51
964.5	56
965.5	56
966.5	46
967.5	39
968.5	44
969.5	49
970.5	63
971.5	45
972.5	52
973.5	74
974.5	48
975.5	59
976.5	76
977.5	79
978.5	71
979.5	82
980.5	69
981.5	85
982.5	99
983.5	95
984.5	99
985.5	108
986.5	108
987.5	114
988.5	112
989.5	116
990.5	142
991.5	128
992.5	108
993.5	113
994.5	126
995.5	112
996.5	133
997.5	143
998.5	127
999.5	96
1000.5	116
1001.5	126
1002.5	109
1003.5	111
1004.5	118
1005.5	100
1006.5	94
1007.5	101
1008.5	113
1009.5	88
1010.5	90
1011.5	61
1012.5	77
1013.5	82
1014.5	80
1015.5	71
1016.5	58
1017.5	64
1018.5	58
1019.5	61
1020.5	63
1021.5	69
1022.5	56
1023.5	55
1024.5	57
1025.5	61
1026.5	77
1027.5	60
1028.5	50
1029.5	52
1030.5	48
1031.5	64
1032.5	56
1033.5	38
1034.5	46
1035.5	61
1036.5	37
1037.5	41
1038.5	35
1039.5	48
1040.5	34
1041.5	32
1042.5	40
1043.5	47
1044.5	48
1045.5	33
1046.5	40
1047.5	35
1048.5	42
1049.5	34
1050.5	28
1051.5	34
1052.5	35
1053.5	31
1054.5	46
1055.5	36
1056.5	30
1057.5	39
1058.5	35
1059.5	25
1060.5	23
1061.5	45
1062.5	30
1063.5	23
1064.5	36
1065.5	29
1066.5	22
1067.5	29
1068.5	26
1069.5	34
1070.5	34
1071.5	32
1072.5	32
1073.5	28
1074.5	37
1075.5	26
1076.5	24
1077.5	26
1078.5	38
1079.5	32
1080.5	27
1081.5	35
1082.5	44
1083.5	29
1084.5	31
1085.5	30
1086.5	28
1087.5	28
1088.5	31
1089.5	27
1090.5	39
1091.5	33
1092.5	28
1093.5	36
1094.5	32
1095.5	27
1096.5	30
1097.5	24
1098.5	32
1099.5	42
1100.5	21
1101.5	23
1102.5	31
1103.5	21
1104.5	34
1105.5	32
1106.5	33
1107.5	19
1108.5	23
1109.5	32
1110.5	32
1111.5	26
1112.5	19
1113.5	28
1114.5	23
1115.5	36
1116.5	37
1117.5	30
1118.5	34
1119.5	27
1120.5	38
1121.5	30
1122.5	32
1123.5	29
1124.5	21
1125.5	21
1126.5	29
1127.5	37
1128.5	35
1129.5	33
1130.5	30
1131.5	29
1132.5	36
1133.5	29
1134.5	22
1135.5	28
1136.5	32
1137.5	37
1138.5	28
1139.5	27
1140.5	37
1141.5	34
1142.5	22
1143.5	27
1144.5	24
1145.5	35
1146.5	33
1147.5	29
1148.5	20
1149.5	31
1150.5	34
1151.5	29
1152.5	31
1153.5	25
1154.5	27
1155.5	29
1156.5	30
1157.5	40
1158.5	33
1159.5	32
1160.5	31
1161.5	29
1162.5	35
1163.5	20
1164.5	43
1165.5	32
1166.5	35
1167.5	39
1168.5	24
1169.5	36
1170.5	28
1171.5	27
1172.5	25
1173.5	19
1174.5	29
1175.5	26
1176.5	22
1177.5	25
1178.5	24
1179.5	26
1180.5	23
1181.5	23
1182.5	35
1183.5	24
1184.5	23
1185.5	22
1186.5	37
1187.5	26
1188.5	36
1189.5	27
1190.5	26
1191.5	23
1192.5	36
1193.5	25
1194.5	35
1195.5	24
1196.5	21
1197.5	29
1198.5	25
1199.5	19
1200.5	26
1201.5	24
1202.5	23
1203.5	27
1204.5	23
1205.5	26
1206.5	23
1207.5	22
1208.5	19
1209.5	26
1210.5	26
1211.5	26
1212.5	17
1213.5	26
1214.5	23
1215.5	21
1216.5	24
1217.5	25
1218.5	28
1219.5	28
1220.5	33
1221.5	22
1222.5	28
1223.5	37
1224.5	29
1225.5	35
1226.5	24
1227.5	26
1228.5	22
1229.5	28
1230.5	19
1231.5	23
1232.5	23
1233.5	28
1234.5	29
1235.5	39
1236.5	25
1237.5	12
1238.5	22
1239.5	28
1240.5	28
1241.5	22
1242.5	28
1243.5	25
1244.5	25
1245.5	23
1246.5	20
1247.5	27
1248.5	29
1249.5	31
1250.5	15
1251.5	26
1252.5	30
1253.5	32
1254.5	18
1255.5	19
1256.5	22
1257.5	30
1258.5	18
1259.5	25
1260.5	23
1261.5	25
1262.5	27
1263.5	24
1264.5	27
1265.5	37
1266.5	22
1267.5	23
1268.5	26
1269.5	16
1270.5	25
1271.5	17
1272.5	19
1273.5	22
1274.5	23
1275.5	22
1276.5	20
1277.5	18
1278.5	24
1279.5	25
1280.5	20
1281.5	23
1282.5	25
1283.5	25
1284.5	23
1285.5	29
1286.5	23
1287.5	24
1288.5	32
1289.5	25
1290.5	21
1291.5	23
1292.5	27
1293.5	25
1294.5	30
1295.5	23
1296.5	32
1297.5	24
1298.5	24
1299.5	20
1300.5	18
1301.5	19
1302.5	16
1303.5	16
1304.5	22
1305.5	25
1306.5	24
1307.5	22
1308.5	27
1309.5	28
1310.5	20
1311.5	20
1312.5	28
1313.5	29
1314.5	26
1315.5	16
1316.5	30
1317.5	30
1318.5	28
1319.5	22
1320.5	16
1321.5	30
1322.5	35
1323.5	25
1324.5	19
1325.5	22
1326.5	34
1327.5	21
1328.5	23
1329.5	35
1330.5	24
1331.5	27
1332.5	25
1333.5	20
1334.5	22
1335.5	27
1336.5	31
1337.5	25
1338.5	31
1339.5	22
1340.5	23
1341.5	17
1342.5	26
1343.5	26
1344.5	30
1345.5	28
1346.5	21
1347.5	24
1348.5	19
1349.5	30
1350.5	19
1351.5	17
1352.5	14
1353.5	25
1354.5	15
1355.5	17
1356.5	20
1357.5	18
1358.5	21
1359.5	28
1360.5	28
1361.5	31
1362.5	18
1363.5	30
1364.5	25
1365.5	21
1366.5	27
1367.5	34
1368.5	21
1369.5	21
1370.5	20
1371.5	24
1372.5	37
1373.5	23
1374.5	30
1375.5	27
1376.5	26
1377.5	39
1378.5	29
1379.5	23
1380.5	28
1381.5	29
1382.5	38
1383.5	23
1384.5	26
1385.5	28
1386.5	39
1387.5	27
1388.5	40
1389.5	27
1390.5	24
1391.5	31
1392.5	28
1393.5	27
1394.5	22
1395.5	27
1396.5	32
1397.5	23
1398.5	19
1399.5	21
1400.5	25
1401.5	28
1402.5	27
1403.5	28
1404.5	28
1405.5	22
1406.5	33
1407.5	31
1408.5	20
1409.5	28
1410.5	27
1411.5	18
1412.5	31
1413.5	35
1414.5	24
1415.5	34
1416.5	24
1417.5	24
1418.5	31
1419.5	33
1420.5	25
1421.5	33
1422.5	48
1423.5	35
1424.5	38
1425.5	36
1426.5	23
1427.5	32
1428.5	36
1429.5	29
1430.5	38
1431.5	39
1432.5	40
1433.5	27
1434.5	46
1435.5	35
1436.5	50
1437.5	54
1438.5	33
1439.5	60
1440.5	48
1441.5	53
1442.5	50
1443.5	56
1444.5	49
1445.5	39
1446.5	52
1447.5	43
1448.5	48
1449.5	54
1450.5	64
1451.5	63
1452.5	49
1453.5	60
1454.5	56
1455.5	43
1456.5	62
1457.5	69
1458.5	50
1459.5	47
1460.5	54
1461.5	51
1462.5	46
1463.5	66
1464.5	54
1465.5	47
1466.5	54
1467.5	53
1468.5	48
1469.5	48
1470.5	43
1471.5	50
1472.5	66
1473.5	43
1474.5	40
1475.5	48
1476.5	41
1477.5	57
1478.5	50
1479.5	60
1480.5	51
1481.5	38
1482.5	37
1483.5	48
1484.5	47
1485.5	39
1486.5	52
1487.5	37
1488.5	29
1489.5	45
1490.5	42
1491.5	39
1492.5	33
1493.5	27
1494.5	32
1495.5	29
1496.5	25
1497.5	34
1498.5	30
1499.5	26
1500.5	21
1501.5	27
1502.5	27
1503.5	31
1504.5	24
1505.5	18
1506.5	16
1507.5	22
1508.5	12
1509.5	23
1510.5	19
1511.5	17
1512.5	19
1513.5	25
1514.5	22
1515.5	13
1516.5	23
1517.5	23
1518.5	21
1519.5	15
1520.5	10
1521.5	19
1522.5	15
1523.5	15
1524.5	20
1525.5	15
1526.5	13
1527.5	11
1528.5	15
1529.5	10
1530.5	9
1531.5	16
1532.5	14
1533.5	12
1534.5	12
1535.5	15
1536.5	10
1537.5	10
1538.5	15
1539.5	11
1540.5	9
1541.5	12
1542.5	15
1543.5	7
1544.5	17
1545.5	16
1546.5	14
1547.5	15
1548.5	11
1549.5	25
1550.5	13
1551.5	8
1552.5	11
1553.5	6
1554.5	12
1555.5	13
1556.5	16
1557.5	13
1558.5	11
1559.5	6
1560.5	11
1561.5	10
1562.5	8
1563.5	10
1564.5	11
1565.5	7
1566.5	13
1567.5	13
1568.5	13
1569.5	10
1570.5	12
1571.5	12
1572.5	15
1573.5	9
1574.5	11
1575.5	11
1576.5	9
1577.5	14
1578.5	19
1579.5	10
1580.5	10
1581.5	5
1582.5	8
1583.5	15
1584.5	11
1585.5	11
1586.5	10
1587.5	11
1588.5	11
1589.5	15
1590.5	12
1591.5	12
1592.5	12
1593.5	10
1594.5	7
1595.5	13
1596.5	23
1597.5	4
1598.5	12
1599.5	15
1600.5	6
1601.5	16
1602.5	5
1603.5	9
1604.5	14
1605.5	13
1606.5	8
1607.5	13
1608.5	17
1609.5	19
1610.5	16
1611.5	9
1612.5	12
1613.5	14
1614.5	9
1615.5	12
1616.5	16
1617.5	11
1618.5	13
1619.5	12
1620.5	17
1621.5	11
1622.5	13
1623.5	11
1624.5	12
1625.5	10
1626.5	11
1627.5	10
1628.5	13
1629.5	15
1630.5	8
1631.5	18
1632.5	14
1633.5	11
1634.5	12
1635.5	18
1636.5	16
1637.5	12
1638.5	9
1639.5	12
1640.5	13
1641.5	12
1642.5	10
1643.5	14
1644.5	11
1645.5	10
1646.5	7
1647.5	12
1648.5	10
1649.5	11
1650.5	12
1651.5	6
1652.5	11
1653.5	13
1654.5	13
1655.5	10
1656.5	12
1657.5	7
1658.5	12
1659.5	7
1660.5	17
1661.5	7
1662.5	10
1663.5	12
1664.5	9
1665.5	13
1666.5	5
1667.5	10
1668.5	7
1669.5	9
1670.5	14
1671.5	9
1672.5	9
1673.5	8
1674.5	7
1675.5	15
1676.5	9
1677.5	8
1678.5	13
1679.5	13
1680.5	14
1681.5	9
1682.5	9
1683.5	4
1684.5	10
1685.5	6
1686.5	11
1687.5	8
1688.5	9
1689.5	13
1690.5	10
1691.5	10
1692.5	6
1693.5	11
1694.5	9
1695.5	10
1696.5	6
1697.5	13
1698.5	9
1699.5	12
1700.5	12
1701.5	13
1702.5	12
1703.5	14
1704.5	8
1705.5	7
1706.5	7
1707.5	13
1708.5	11
1709.5	8
1710.5	4
1711.5	11
1712.5	5
1713.5	9
1714.5	13
1715.5	11
1716.5	8
1717.5	11
1718.5	13
1719.5	15
1720.5	12
1721.5	6
1722.5	12
1723.5	10
1724.5	12
1725.5	10
1726.5	15
1727.5	12
1728.5	5
1729.5	2
1730.5	14
1731.5	9
1732.5	8
1733.5	9
1734.5	12
1735.5	7
1736.5	15
1737.5	16
1738.5	10
1739.5	12
1740.5	10
1741.5	10
1742.5	15
1743.5	11
1744.5	18
1745.5	11
1746.5	19
1747.5	13
1748.5	16
1749.5	11
1750.5	14
1751.5	12
1752.5	12
1753.5	13
1754.5	8
1755.5	15
1756.5	19
1757.5	11
1758.5	19
1759.5	11
1760.5	14
1761.5	18
1762.5	15
1763.5	16
1764.5	24
1765.5	20
1766.5	20
1767.5	13
1768.5	10
1769.5	14
1770.5	23
1771.5	15
1772.5	24
1773.5	17
1774.5	16
1775.5	20
1776.5	14
1777.5	20
1778.5	15
1779.5	15
1780.5	17
1781.5	11
1782.5	22
1783.5	22
1784.5	13
1785.5	12
1786.5	12
1787.5	14
1788.5	20
1789.5	20
1790.5	14
1791.5	10
1792.5	14
1793.5	13
1794.5	20
1795.5	14
1796.5	16
1797.5	18
1798.5	18
1799.5	21
1800.5	17
1801.5	13
1802.5	19
1803.5	14
1804.5	15
1805.5	11
1806.5	20
1807.5	13
1808.5	14
1809.5	20
1810.5	15
1811.5	17
1812.5	10
1813.5	17
1814.5	10
1815.5	16
1816.5	10
1817.5	9
1818.5	9
1819.5	15
1820.5	10
1821.5	7
1822.5	9
1823.5	13
1824.5	10
1825.5	4
1826.5	11
1827.5	16
1828.5	13
1829.5	9
1830.5	13
1831.5	13
1832.5	13
1833.5	9
1834.5	8
1835.5	14
1836.5	8
1837.5	10
1838.5	5
1839.5	9
1840.5	17
1841.5	8
1842.5	9
1843.5	8
1844.5	11
1845.5	8
1846.5	10
1847.5	7
1848.5	10
1849.5	10
1850.5	16
1851.5	11
1852.5	9
1853.5	8
1854.5	9
1855.5	1
1856.5	12
1857.5	12
1858.5	11
1859.5	9
1860.5	9
1861.5	13
1862.5	14
1863.5	9
1864.5	9
1865.5	12
1866.5	9
1867.5	13
1868.5	10
1869.5	12
1870.5	14
1871.5	5
1872.5	6
1873.5	8
1874.5	8
1875.5	7
1876.5	13
1877.5	11
1878.5	9
1879.5	9
1880.5	11
1881.5	8
1882.5	12
1883.5	6
1884.5	15
1885.5	9
1886.5	16
1887.5	9
1888.5	10
1889.5	7
1890.5	11
1891.5	7
1892.5	9
1893.5	7
1894.5	8
1895.5	11
1896.5	8
1897.5	15
1898.5	7
1899.5	12
1900.5	13
1901.5	7
1902.5	10
1903.5	7
1904.5	6
1905.5	14
1906.5	12
1907.5	8
1908.5	13
1909.5	9
1910.5	10
1911.5	10
1912.5	4
1913.5	12
1914.5	10
1915.5	18
1916.5	14
1917.5	10
1918.5	11
1919.5	14
1920.5	16
1921.5	12
1922.5	7
1923.5	12
1924.5	6
1925.5	13
1926.5	9
1927.5	15
1928.5	8
1929.5	8
1930.5	12
1931.5	14
1932.5	4
1933.5	11
1934.5	11
1935.5	13
1936.5	11
1937.5	11
1938.5	9
1939.5	7
1940.5	5
1941.5	15
1942.5	9
1943.5	5
1944.5	9
1945.5	7
1946.5	11
1947.5	15
1948.5	14
1949.5	15
1950.5	14
1951.5	12
1952.5	14
1953.5	15
1954.5	8
1955.5	14
1956.5	12
1957.5	13
1958.5	13
1959.5	11
1960.5	3
1961.5	7
1962.5	12
1963.5	15
1964.5	14
1965.5	14
1966.5	12
1967.5	9
1968.5	8
1969.5	10
1970.5	11
1971.5	7
1972.5	11
1973.5	8
1974.5	8
1975.5	11
1976.5	7
1977.5	13
1978.5	10
1979.5	8
1980.5	9
1981.5	18
1982.5	8
1983.5	11
1984.5	12
1985.5	7
1986.5	11
1987.5	8
1988.5	13
1989.5	20
1990.5	13
1991.5	19
1992.5	11
1993.5	11
1994.5	11
1995.5	12
1996.5	11
1997.5	10
1998.5	11
1999.5	6
2000.5	6
2001.5	18
2002.5	13
2003.5	9
2004.5	9
2005.5	13
2006.5	2
2007.5	8
2008.5	14
2009.5	7
2010.5	10
2011.5	11
2012.5	9
2013.5	9
2014.5	11
2015.5	11
2016.5	14
2017.5	18
2018.5	9
2019.5	10
2020.5	7
2021.5	11
2022.5	12
2023.5	17
2024.5	15
2025.5	11
2026.5	18
2027.5	9
2028.5	12
2029.5	12
2030.5	6
2031.5	9
2032.5	9
2033.5	8
2034.5	12
2035.5	11
2036.5	18
2037.5	14
2038.5	6
2039.5	15
2040.5	10
2041.5	13
2042.5	13
2043.5	18
2044.5	17
2045.5	10
2046.5	11
2047.5	16
2048.5	9
2049.5	13
2050.5	8
2051.5	6
2052.5	13
2053.5	11
2054.5	19
2055.5	14
2056.5	18
2057.5	16
2058.5	11
2059.5	9
2060.5	9
2061.5	13
2062.5	12
2063.5	14
2064.5	13
2065.5	4
2066.5	8
2067.5	11
2068.5	10
2069.5	13
2070.5	13
2071.5	9
2072.5	15
2073.5	9
2074.5	9
2075.5	11
2076.5	12
2077.5	16
2078.5	14
2079.5	11
2080.5	12
2081.5	12
2082.5	10
2083.5	10
2084.5	9
2085.5	10
2086.5	9
2087.5	16
2088.5	12
2089.5	12
2090.5	11
2091.5	8
2092.5	12
2093.5	13
2094.5	9
2095.5	9
2096.5	12
2097.5	12
2098.5	9
2099.5	15
2100.5	11
2101.5	4
2102.5	13
2103.5	13
2104.5	7
2105.5	9
2106.5	12
2107.5	11
2108.5	8
2109.5	11
2110.5	13
2111.5	11
2112.5	8
2113.5	11
2114.5	9
2115.5	6
2116.5	15
2117.5	12
2118.5	15
2119.5	9
2120.5	12
2121.5	14
2122.5	10
2123.5	12
2124.5	8
2125.5	12
2126.5	12
2127.5	14
2128.5	9
2129.5	15
2130.5	8
2131.5	8
2132.5	12
2133.5	18
2134.5	9
2135.5	6
2136.5	6
2137.5	5
2138.5	11
2139.5	8
2140.5	10
2141.5	8
2142.5	12
2143.5	14
2144.5	10
2145.5	12
2146.5	14
2147.5	10
2148.5	14
2149.5	9
2150.5	12
2151.5	11
2152.5	8
2153.5	14
2154.5	8
2155.5	11
2156.5	12
2157.5	25
2158.5	9
2159.5	11
2160.5	13
2161.5	10
2162.5	9
2163.5	17
2164.5	15
2165.5	11
2166.5	10
2167.5	13
2168.5	12
2169.5	11
2170.5	11
2171.5	6
2172.5	16
2173.5	3
2174.5	12
2175.5	8
2176.5	9
2177.5	7
2178.5	8
2179.5	17
2180.5	12
2181.5	8
2182.5	7
2183.5	8
2184.5	15
2185.5	5
2186.5	5
2187.5	8
2188.5	14
2189.5	18
2190.5	8
2191.5	6
2192.5	7
2193.5	7
2194.5	9
2195.5	11
2196.5	11
2197.5	9
2198.5	9
2199.5	12
2200.5	9
2201.5	15
2202.5	16
2203.5	12
2204.5	11
2205.5	6
2206.5	14
2207.5	16
2208.5	14
2209.5	8
2210.5	7
2211.5	5
2212.5	19
2213.5	8
2214.5	19
2215.5	11
2216.5	11
2217.5	8
2218.5	14
2219.5	11
2220.5	11
2221.5	10
2222.5	11
2223.5	8
2224.5	10
2225.5	16
2226.5	11
2227.5	11
2228.5	13
2229.5	9
2230.5	15
2231.5	10
2232.5	11
2233.5	16
2234.5	9
2235.5	4
2236.5	10
2237.5	9
2238.5	6
2239.5	13
2240.5	11
2241.5	9
2242.5	7
2243.5	13
2244.5	7
2245.5	13
2246.5	5
2247.5	10
2248.5	13
2249.5	13
2250.5	9
2251.5	11
2252.5	8
2253.5	14
2254.5	11
2255.5	11
2256.5	10
2257.5	14
2258.5	9
2259.5	22
2260.5	7
2261.5	7
2262.5	12
2263.5	20
2264.5	10
2265.5	9
2266.5	11
2267.5	7
2268.5	8
2269.5	7
2270.5	9
2271.5	6
2272.5	18
2273.5	11
2274.5	15
2275.5	15
2276.5	13
2277.5	19
2278.5	8
2279.5	14
2280.5	10
2281.5	13
2282.5	7
2283.5	8
2284.5	8
2285.5	9
2286.5	10
2287.5	15
2288.5	22
2289.5	17
2290.5	7
2291.5	12
2292.5	7
2293.5	14
2294.5	15
2295.5	13
2296.5	8
2297.5	11
2298.5	16
2299.5	15
2300.5	11
2301.5	11
2302.5	12
2303.5	9
2304.5	12
2305.5	11
2306.5	6
2307.5	17
2308.5	13
2309.5	18
2310.5	14
2311.5	22
2312.5	8
2313.5	12
2314.5	14
2315.5	12
2316.5	5
2317.5	6
2318.5	14
2319.5	13
2320.5	10
2321.5	12
2322.5	6
2323.5	17
2324.5	2
2325.5	18
2326.5	7
2327.5	8
2328.5	12
2329.5	9
2330.5	7
2331.5	14
2332.5	9
2333.5	10
2334.5	6
2335.5	9
2336.5	14
2337.5	14
2338.5	10
2339.5	12
2340.5	18
2341.5	7
2342.5	14
2343.5	14
2344.5	7
2345.5	9
2346.5	8
2347.5	11
2348.5	8
2349.5	19
2350.5	11
2351.5	13
2352.5	10
2353.5	9
2354.5	12
2355.5	9
2356.5	11
2357.5	7
2358.5	6
2359.5	10
2360.5	6
2361.5	7
2362.5	8
2363.5	2
2364.5	10
2365.5	14
2366.5	5
2367.5	16
2368.5	7
2369.5	8
2370.5	12
2371.5	7
2372.5	14
2373.5	9
2374.5	11
2375.5	12
2376.5	22
2377.5	11
2378.5	5
2379.5	8
2380.5	5
2381.5	14
2382.5	12
2383.5	10
2384.5	9
2385.5	13
2386.5	6
2387.5	8
2388.5	11
2389.5	9
2390.5	8
2391.5	11
2392.5	8
2393.5	9
2394.5	8
2395.5	9
2396.5	8
2397.5	6
2398.5	6
2399.5	8
2400.5	7
2401.5	10
2402.5	12
2403.5	9
2404.5	12
2405.5	11
2406.5	5
2407.5	9
2408.5	6
2409.5	10
2410.5	7
2411.5	6
2412.5	10
2413.5	12
2414.5	9
2415.5	5
2416.5	13
2417.5	10
2418.5	11
2419.5	8
2420.5	8
2421.5	5
2422.5	7
2423.5	6
2424.5	6
2425.5	17
2426.5	10
2427.5	8
2428.5	4
2429.5	9
2430.5	5
2431.5	6
2432.5	7
2433.5	5
2434.5	9
2435.5	9
2436.5	9
2437.5	11
2438.5	6
2439.5	14
2440.5	5
2441.5	16
2442.5	7
2443.5	14
2444.5	9
2445.5	6
2446.5	10
2447.5	5
2448.5	11
2449.5	13
2450.5	15
2451.5	9
2452.5	14
2453.5	9
2454.5	10
2455.5	14
2456.5	11
2457.5	15
2458.5	11
2459.5	8
2460.5	11
2461.5	11
2462.5	4
2463.5	11
2464.5	6
2465.5	12
2466.5	8
2467.5	8
2468.5	5
2469.5	9
2470.5	8
2471.5	11
2472.5	6
2473.5	10
2474.5	8
2475.5	10
2476.5	7
2477.5	5
2478.5	3
2479.5	9
2480.5	10
2481.5	8
2482.5	13
2483.5	13
2484.5	9
2485.5	13
2486.5	8
2487.5	8
2488.5	3
2489.5	11
2490.5	8
2491.5	8
2492.5	11
2493.5	9
2494.5	11
2495.5	8
2496.5	8
2497.5	6
2498.5	10
2499.5	6
2500.5	12
2501.5	14
2502.5	8
2503.5	5
2504.5	8
2505.5	2
2506.5	12
2507.5	6
2508.5	4
2509.5	10
2510.5	8
2511.5	10
2512.5	9
2513.5	11
2514.5	10
2515.5	10
2516.5	7
2517.5	13
2518.5	11
2519.5	11
2520.5	12
2521.5	11
2522.5	11
2523.5	11
2524.5	19
2525.5	5
2526.5	6
2527.5	17
2528.5	12
2529.5	6
2530.5	11
2531.5	10
2532.5	9
2533.5	10
2534.5	11
2535.5	8
2536.5	11
2537.5	11
2538.5	14
2539.5	8
2540.5	8
2541.5	15
2542.5	15
2543.5	6
2544.5	6
2545.5	6
2546.5	8
2547.5	20
2548.5	4
2549.5	5
2550.5	15
2551.5	11
2552.5	8
2553.5	9
2554.5	15
2555.5	9
2556.5	8
2557.5	9
2558.5	6
2559.5	12
2560.5	11
2561.5	12
2562.5	8
2563.5	6
2564.5	17
2565.5	8
2566.5	10
2567.5	17
2568.5	8
2569.5	15
2570.5	9
2571.5	12
2572.5	10
2573.5	7
2574.5	8
2575.5	5
2576.5	10
2577.5	9
2578.5	12
2579.5	10
2580.5	11
2581.5	18
2582.5	10
2583.5	9
2584.5	7
2585.5	10
2586.5	11
2587.5	11
2588.5	4
2589.5	9
2590.5	9
2591.5	8
2592.5	13
2593.5	7
2594.5	10
2595.5	13
2596.5	6
2597.5	6
2598.5	9
2599.5	7
2600.5	15
2601.5	10
2602.5	14
2603.5	17
2604.5	12
2605.5	10
2606.5	7
2607.5	6
2608.5	11
2609.5	10
2610.5	15
2611.5	12
2612.5	11
2613.5	8
2614.5	9
2615.5	14
2616.5	6
2617.5	15
2618.5	10
2619.5	9
2620.5	11
2621.5	13
2622.5	6
2623.5	7
2624.5	14
2625.5	4
2626.5	8
2627.5	9
2628.5	14
2629.5	8
2630.5	10
2631.5	15
2632.5	14
2633.5	6
2634.5	12
2635.5	10
2636.5	7
2637.5	13
2638.5	9
2639.5	6
2640.5	11
2641.5	4
2642.5	16
2643.5	11
2644.5	10
2645.5	10
2646.5	15
2647.5	9
2648.5	13
2649.5	12
2650.5	19
2651.5	10
2652.5	9
2653.5	4
2654.5	11
2655.5	4
2656.5	13
2657.5	8
2658.5	4
2659.5	10
2660.5	10
2661.5	15
2662.5	14
2663.5	13
2664.5	10
2665.5	8
2666.5	8
2667.5	7
2668.5	10
2669.5	7
2670.5	5
2671.5	7
2672.5	11
2673.5	9
2674.5	7
2675.5	9
2676.5	11
2677.5	8
2678.5	13
2679.5	17
2680.5	11
2681.5	7
2682.5	2
2683.5	9
2684.5	17
2685.5	9
2686.5	9
2687.5	8
2688.5	8
2689.5	6
2690.5	6
2691.5	8
2692.5	6
2693.5	9
2694.5	4
2695.5	9
2696.5	8
2697.5	9
2698.5	15
2699.5	4
2700.5	14
2701.5	10
2702.5	8
2703.5	11
2704.5	7
2705.5	6
2706.5	6
2707.5	7
2708.5	14
2709.5	7
2710.5	8
2711.5	10
2712.5	10
2713.5	9
2714.5	9
2715.5	7
2716.5	9
2717.5	10
2718.5	9
2719.5	6
2720.5	9
2721.5	14
2722.5	7
2723.5	7
2724.5	10
2725.5	10
2726.5	7
2727.5	8
2728.5	11
2729.5	7
2730.5	8
2731.5	9
2732.5	7
2733.5	6
2734.5	11
2735.5	10
2736.5	13
2737.5	7
2738.5	9
2739.5	12
2740.5	6
2741.5	5
2742.5	9
2743.5	8
2744.5	5
2745.5	9
2746.5	7
2747.5	8
2748.5	3
2749.5	11
2750.5	8
2751.5	5
2752.5	8
2753.5	7
2754.5	7
2755.5	8
2756.5	7
2757.5	5
2758.5	5
2759.5	6
2760.5	9
2761.5	9
2762.5	8
2763.5	12
2764.5	5
2765.5	11
2766.5	5
2767.5	8
2768.5	7
2769.5	6
2770.5	10
2771.5	10
2772.5	10
2773.5	11
2774.5	13
2775.5	7
2776.5	6
2777.5	16
2778.5	9
2779.5	6
2780.5	9
2781.5	11
2782.5	8
2783.5	16
2784.5	10
2785.5	14
2786.5	11
2787.5	8
2788.5	9
2789.5	13
2790.5	9
2791.5	8
2792.5	9
2793.5	8
2794.5	9
2795.5	5
2796.5	9
2797.5	4
2798.5	7
2799.5	7
2800.5	12
2801.5	5
2802.5	5
2803.5	19
2804.5	7
2805.5	4
2806.5	10
2807.5	5
2808.5	9
2809.5	13
2810.5	5
2811.5	14
2812.5	9
2813.5	12
2814.5	12
2815.5	11
2816.5	6
2817.5	10
2818.5	6
2819.5	8
2820.5	8
2821.5	6
2822.5	6
2823.5	11
2824.5	15
2825.5	8
2826.5	12
2827.5	5
2828.5	8
2829.5	11
2830.5	11
2831.5	5
2832.5	9
2833.5	4
2834.5	9
2835.5	7
2836.5	11
2837.5	8
2838.5	9
2839.5	8
2840.5	11
2841.5	9
2842.5	9
2843.5	9
2844.5	5
2845.5	4
2846.5	5
2847.5	7
2848.5	7
2849.5	11
2850.5	12
2851.5	10
2852.5	3
2853.5	10
2854.5	16
2855.5	8
2856.5	10
2857.5	13
2858.5	13
2859.5	8
2860.5	6
2861.5	10
2862.5	6
2863.5	3
2864.5	2
2865.5	4
2866.5	6
2867.5	11
2868.5	10
2869.5	14
2870.5	11
2871.5	11
2872.5	9
2873.5	7
2874.5	9
2875.5	8
2876.5	8
2877.5	9
2878.5	9
2879.5	10
2880.5	6
2881.5	9
2882.5	6
2883.5	7
2884.5	12
2885.5	10
2886.5	15
2887.5	7
2888.5	7
2889.5	5
2890.5	9
2891.5	13
2892.5	7
2893.5	7
2894.5	5
2895.5	5
2896.5	9
2897.5	8
2898.5	7
2899.5	8
2900.5	12
2901.5	11
2902.5	15
2903.5	9
2904.5	11
2905.5	7
2906.5	11
2907.5	5
2908.5	6
2909.5	8
2910.5	9
2911.5	4
2912.5	8
2913.5	8
2914.5	9
2915.5	8
2916.5	8
2917.5	11
2918.5	9
2919.5	10
2920.5	9
2921.5	7
2922.5	8
2923.5	3
2924.5	11
2925.5	6
2926.5	9
2927.5	9
2928.5	9
2929.5	11
2930.5	14
2931.5	10
2932.5	12
2933.5	8
2934.5	7
2935.5	9
2936.5	10
2937.5	7
2938.5	5
2939.5	4
2940.5	11
2941.5	7
2942.5	9
2943.5	10
2944.5	11
2945.5	12
2946.5	9
2947.5	6
2948.5	3
2949.5	7
2950.5	11
2951.5	12
2952.5	8
2953.5	7
2954.5	10
2955.5	5
2956.5	11
2957.5	6
2958.5	9
2959.5	7
2960.5	9
2961.5	6
2962.5	9
2963.5	9
2964.5	11
2965.5	5
2966.5	11
2967.5	16
2968.5	6
2969.5	8
2970.5	9
2971.5	7
2972.5	13
2973.5	8
2974.5	8
2975.5	7
2976.5	19
2977.5	15
2978.5	4
2979.5	10
2980.5	10
2981.5	8
2982.5	10
2983.5	10
2984.5	10
2985.5	8
2986.5	12
2987.5	8
2988.5	9
2989.5	10
2990.5	5
2991.5	6
2992.5	10
2993.5	14
2994.5	12
2995.5	12
2996.5	4
2997.5	10
2998.5	8
2999.5	16
3000.5	8
3001.5	9
3002.5	9
3003.5	4
3004.5	13
3005.5	12
3006.5	7
3007.5	10
3008.5	8
3009.5	13
3010.5	6
3011.5	8
3012.5	8
3013.5	9
3014.5	6
3015.5	10
3016.5	15
3017.5	11
3018.5	6
3019.5	10
3020.5	13
3021.5	11
3022.5	3
3023.5	9
3024.5	13
3025.5	12
3026.5	14
3027.5	9
3028.5	10
3029.5	3
3030.5	6
3031.5	9
3032.5	6
3033.5	16
3034.5	5
3035.5	14
3036.5	10
3037.5	7
3038.5	12
3039.5	8
3040.5	9
3041.5	8
3042.5	5
3043.5	10
3044.5	12
3045.5	12
3046.5	4
3047.5	8
3048.5	13
3049.5	7
3050.5	5
3051.5	16
3052.5	15
3053.5	9
3054.5	8
3055.5	6
3056.5	10
3057.5	13
3058.5	12
3059.5	9
3060.5	11
3061.5	8
3062.5	12
3063.5	10
3064.5	9
3065.5	10
3066.5	11
3067.5	10
3068.5	6
3069.5	8
3070.5	7
3071.5	13
3072.5	9
3073.5	6
3074.5	13
3075.5	10
3076.5	10
3077.5	7
3078.5	7
3079.5	15
3080.5	10
3081.5	8
3082.5	5
3083.5	7
3084.5	8
3085.5	14
3086.5	19
3087.5	5
3088.5	14
3089.5	10
3090.5	16
3091.5	7
3092.5	10
3093.5	9
3094.5	8
3095.5	16
3096.5	10
3097.5	13
3098.5	9
3099.5	3
3100.5	11
3101.5	10
3102.5	8
3103.5	9
3104.5	5
3105.5	8
3106.5	13
3107.5	14
3108.5	14
3109.5	9
3110.5	11
3111.5	8
3112.5	8
3113.5	9
3114.5	8
3115.5	12
3116.5	6
3117.5	11
3118.5	8
3119.5	15
3120.5	10
3121.5	12
3122.5	12
3123.5	11
3124.5	10
3125.5	14
3126.5	11
3127.5	13
3128.5	16
3129.5	8
3130.5	9
3131.5	14
3132.5	11
3133.5	14
3134.5	12
3135.5	6
3136.5	12
3137.5	12
3138.5	5
3139.5	7
3140.5	11
3141.5	7
3142.5	12
3143.5	16
3144.5	13
3145.5	12
3146.5	17
3147.5	10
3148.5	10
3149.5	15
3150.5	14
3151.5	21
3152.5	14
3153.5	14
3154.5	10
3155.5	13
3156.5	16
3157.5	10
3158.5	14
3159.5	15
3160.5	11
3161.5	9
3162.5	9
3163.5	9
3164.5	10
3165.5	15
3166.5	13
3167.5	11
3168.5	10
3169.5	7
3170.5	18
3171.5	5
3172.5	11
3173.5	18
3174.5	9
3175.5	9
3176.5	10
3177.5	13
3178.5	8
3179.5	10
3180.5	11
3181.5	16
3182.5	8
3183.5	10
3184.5	10
3185.5	13
3186.5	6
3187.5	8
3188.5	7
3189.5	13
3190.5	11
3191.5	13
3192.5	11
3193.5	9
3194.5	16
3195.5	12
3196.5	19
3197.5	13
3198.5	12
3199.5	15
3200.5	8
3201.5	12
3202.5	14
3203.5	10
3204.5	13
3205.5	10
3206.5	16
3207.5	15
3208.5	12
3209.5	9
3210.5	15
3211.5	7
3212.5	13
3213.5	9
3214.5	17
3215.5	10
3216.5	17
3217.5	11
3218.5	16
3219.5	10
3220.5	17
3221.5	8
3222.5	12
3223.5	9
3224.5	5
3225.5	19
3226.5	16
3227.5	14
3228.5	10
3229.5	10
3230.5	18
3231.5	8
3232.5	9
3233.5	13
3234.5	15
3235.5	16
3236.5	14
3237.5	16
3238.5	18
3239.5	14
3240.5	19
3241.5	10
3242.5	14
3243.5	14
3244.5	13
3245.5	12
3246.5	8
3247.5	13
3248.5	15
3249.5	13
3250.5	16
3251.5	15
3252.5	16
3253.5	25
3254.5	14
3255.5	20
3256.5	20
3257.5	16
3258.5	18
3259.5	19
3260.5	14
3261.5	19
3262.5	20
3263.5	14
3264.5	16
3265.5	15
3266.5	23
3267.5	16
3268.5	16
3269.5	14
3270.5	28
3271.5	18
3272.5	16
3273.5	26
3274.5	19
3275.5	13
3276.5	18
3277.5	17
3278.5	27
3279.5	15
3280.5	31
3281.5	24
3282.5	17
3283.5	17
3284.5	21
3285.5	27
3286.5	21
3287.5	24
3288.5	23
3289.5	18
3290.5	27
3291.5	22
3292.5	30
3293.5	25
3294.5	21
3295.5	22
3296.5	23
3297.5	33
3298.5	21
3299.5	26
3300.5	30
3301.5	26
3302.5	17
3303.5	16
3304.5	23
3305.5	26
3306.5	24
3307.5	24
3308.5	37
3309.5	25
3310.5	34
3311.5	24
3312.5	29
3313.5	27
3314.5	29
3315.5	27
3316.5	14
3317.5	19
3318.5	18
3319.5	29
3320.5	29
3321.5	25
3322.5	21
3323.5	27
3324.5	25
3325.5	34
3326.5	28
3327.5	28
3328.5	25
3329.5	29
3330.5	31
3331.5	40
3332.5	25
3333.5	17
3334.5	31
3335.5	25
3336.5	28
3337.5	28
3338.5	26
3339.5	23
3340.5	19
3341.5	17
3342.5	34
3343.5	23
3344.5	34
3345.5	21
3346.5	32
3347.5	26
3348.5	30
3349.5	29
3350.5	28
3351.5	29
3352.5	28
3353.5	34
3354.5	27
3355.5	33
3356.5	32
3357.5	23
3358.5	19
3359.5	21
3360.5	21
3361.5	21
3362.5	28
3363.5	18
3364.5	19
3365.5	21
3366.5	27
3367.5	16
3368.5	20
3369.5	23
3370.5	25
3371.5	21
3372.5	26
3373.5	17
3374.5	20
3375.5	19
3376.5	16
3377.5	18
3378.5	14
3379.5	15
3380.5	22
3381.5	27
3382.5	13
3383.5	16
3384.5	24
3385.5	20
3386.5	17
3387.5	20
3388.5	18
3389.5	15
3390.5	22
3391.5	14
3392.5	27
3393.5	24
3394.5	18
3395.5	22
3396.5	21
3397.5	14
3398.5	17
3399.5	19
3400.5	24
3401.5	16
3402.5	10
3403.5	16
3404.5	18
3405.5	20
3406.5	20
3407.5	19
3408.5	18
3409.5	19
3410.5	18
3411.5	25
3412.5	25
3413.5	12
3414.5	16
3415.5	19
3416.5	11
3417.5	19
3418.5	20
3419.5	24
3420.5	20
3421.5	16
3422.5	16
3423.5	14
3424.5	17
3425.5	18
3426.5	18
3427.5	12
3428.5	11
3429.5	13
3430.5	21
3431.5	13
3432.5	20
3433.5	13
3434.5	23
3435.5	12
3436.5	16
3437.5	14
3438.5	16
3439.5	14
3440.5	16
3441.5	23
3442.5	19
3443.5	13
3444.5	19
3445.5	18
3446.5	20
3447.5	18
3448.5	20
3449.5	13
3450.5	19
3451.5	19
3452.5	16
3453.5	14
3454.5	29
3455.5	12
3456.5	21
3457.5	23
3458.5	24
3459.5	15
3460.5	18
3461.5	19
3462.5	15
3463.5	16
3464.5	17
3465.5	23
3466.5	17
3467.5	24
3468.5	9
3469.5	25
3470.5	13
3471.5	15
3472.5	25
3473.5	14
3474.5	20
3475.5	19
3476.5	18
3477.5	6
3478.5	21
3479.5	16
3480.5	19
3481.5	13
3482.5	15
3483.5	15
3484.5	20
3485.5	15
3486.5	18
3487.5	23
3488.5	24
3489.5	14
3490.5	15
3491.5	22
3492.5	26
3493.5	20
3494.5	13
3495.5	17
3496.5	23
3497.5	13
3498.5	17
3499.5	11
3500.5	19
3501.5	23
3502.5	17
3503.5	18
3504.5	18
3505.5	18
3506.5	16
3507.5	19
3508.5	23
3509.5	23
3510.5	21
3511.5	18
3512.5	22
3513.5	16
3514.5	16
3515.5	13
3516.5	23
3517.5	19
3518.5	15
3519.5	19
3520.5	22
3521.5	15
3522.5	18
3523.5	18
3524.5	18
3525.5	20
3526.5	17
3527.5	25
3528.5	16
3529.5	28
3530.5	17
3531.5	22
3532.5	19
3533.5	12
3534.5	25
3535.5	18
3536.5	17
3537.5	17
3538.5	21
3539.5	16
3540.5	17
3541.5	18
3542.5	11
3543.5	17
3544.5	23
3545.5	22
3546.5	19
3547.5	13
3548.5	20
3549.5	22
3550.5	16
3551.5	13
3552.5	16
3553.5	20
3554.5	11
3555.5	18
3556.5	16
3557.5	18
3558.5	21
3559.5	18
3560.5	16
3561.5	14
3562.5	23
3563.5	11
3564.5	12
3565.5	13
3566.5	10
3567.5	18
3568.5	15
3569.5	14
3570.5	19
3571.5	21
3572.5	18
3573.5	14
3574.5	12
3575.5	16
3576.5	13
3577.5	12
3578.5	18
3579.5	12
3580.5	23
3581.5	18
3582.5	18
3583.5	14
3584.5	10
3585.5	17
3586.5	27
3587.5	21
3588.5	18
3589.5	17
3590.5	15
3591.5	19
3592.5	18
3593.5	14
3594.5	18
3595.5	16
3596.5	19
3597.5	21
3598.5	15
3599.5	20
3600.5	14
3601.5	15
3602.5	15
3603.5	17
3604.5	13
3605.5	7
3606.5	14
3607.5	13
3608.5	12
3609.5	18
3610.5	18
3611.5	23
3612.5	15
3613.5	15
3614.5	21
3615.5	11
3616.5	21
3617.5	8
3618.5	15
3619.5	21
3620.5	11
3621.5	7
3622.5	13
3623.5	13
3624.5	16
3625.5	8
3626.5	12
3627.5	14
3628.5	16
3629.5	12
3630.5	17
3631.5	18
3632.5	15
3633.5	28
3634.5	17
3635.5	24
3636.5	15
3637.5	19
3638.5	23
3639.5	21
3640.5	24
3641.5	19
3642.5	22
3643.5	18
3644.5	18
3645.5	15
3646.5	20
3647.5	26
3648.5	17
3649.5	24
3650.5	19
3651.5	21
3652.5	24
3653.5	19
3654.5	18
3655.5	13
3656.5	21
3657.5	20
3658.5	23
3659.5	23
3660.5	11
3661.5	17
3662.5	18
3663.5	18
3664.5	27
3665.5	21
3666.5	23
3667.5	23
3668.5	16
3669.5	14
3670.5	23
3671.5	24
3672.5	20
3673.5	35
3674.5	27
3675.5	28
3676.5	14
3677.5	27
3678.5	34
3679.5	18
3680.5	21
3681.5	16
3682.5	18
3683.5	30
3684.5	23
3685.5	28
3686.5	26
3687.5	21
3688.5	39
3689.5	31
3690.5	24
3691.5	34
3692.5	31
3693.5	35
3694.5	28
3695.5	36
3696.5	32
3697.5	31
3698.5	31
3699.5	39
3700.5	46
3701.5	32
3702.5	35
3703.5	52
3704.5	49
3705.5	36
3706.5	36
3707.5	41
3708.5	43
3709.5	39
3710.5	38
3711.5	33
3712.5	34
3713.5	45
3714.5	40
3715.5	52
3716.5	32
3717.5	34
3718.5	47
3719.5	36
3720.5	33
3721.5	45
3722.5	44
3723.5	35
3724.5	61
3725.5	44
3726.5	43
3727.5	40
3728.5	37
3729.5	49
3730.5	40
3731.5	36
3732.5	36
3733.5	47
3734.5	47
3735.5	40
3736.5	47
3737.5	44
3738.5	43
3739.5	38
3740.5	30
3741.5	46
3742.5	48
3743.5	45
3744.5	30
3745.5	44
3746.5	39
3747.5	47
3748.5	50
3749.5	37
3750.5	37
3751.5	39
3752.5	33
3753.5	45
3754.5	37
3755.5	39
3756.5	37
3757.5	39
3758.5	34
3759.5	40
3760.5	30
3761.5	37
3762.5	32
3763.5	43
3764.5	23
3765.5	39
3766.5	33
3767.5	29
3768.5	26
3769.5	30
3770.5	35
3771.5	31
3772.5	43
3773.5	24
3774.5	32
3775.5	30
3776.5	37
3777.5	34
3778.5	23
3779.5	22
3780.5	32
3781.5	30
3782.5	38
3783.5	30
3784.5	20
3785.5	23
3786.5	25
3787.5	31
3788.5	19
3789.5	21
3790.5	31
3791.5	25
3792.5	25
3793.5	23
3794.5	27
3795.5	18
3796.5	23
3797.5	22
3798.5	22
3799.5	18
3800.5	26
3801.5	22
3802.5	30
3803.5	21
3804.5	19
3805.5	23
3806.5	21
3807.5	20
3808.5	21
3809.5	23
3810.5	19
3811.5	17
3812.5	17
3813.5	24
3814.5	13
3815.5	16
3816.5	16
3817.5	17
3818.5	23
3819.5	18
3820.5	17
3821.5	15
3822.5	25
3823.5	25
3824.5	21
3825.5	22
3826.5	19
3827.5	20
3828.5	20
3829.5	27
3830.5	17
3831.5	14
3832.5	14
3833.5	17
3834.5	18
3835.5	22
3836.5	13
3837.5	26
3838.5	15
3839.5	17
3840.5	14
3841.5	21
3842.5	18
3843.5	19
3844.5	15
3845.5	17
3846.5	12
3847.5	24
3848.5	27
3849.5	21
3850.5	25
3851.5	25
3852.5	15
3853.5	23
3854.5	22
3855.5	21
3856.5	18
3857.5	23
3858.5	13
3859.5	14
3860.5	18
3861.5	21
3862.5	21
3863.5	18
3864.5	18
3865.5	14
3866.5	24
3867.5	25
3868.5	20
3869.5	15
3870.5	18
3871.5	26
3872.5	16
3873.5	24
3874.5	26
3875.5	17
3876.5	20
3877.5	24
3878.5	13
3879.5	16
3880.5	28
3881.5	28
3882.5	17
3883.5	18
3884.5	19
3885.5	21
3886.5	15
3887.5	22
3888.5	14
3889.5	18
3890.5	18
3891.5	17
3892.5	14
3893.5	15
3894.5	17
3895.5	25
3896.5	19
3897.5	25
3898.5	22
3899.5	21
3900.5	20
3901.5	16
3902.5	18
3903.5	20
3904.5	22
3905.5	12
3906.5	17
3907.5	18
3908.5	12
3909.5	20
3910.5	20
3911.5	10
3912.5	24
3913.5	19
3914.5	19
3915.5	15
3916.5	11
3917.5	20
3918.5	30
3919.5	14
3920.5	17
3921.5	14
3922.5	15
3923.5	19
3924.5	21
3925.5	11
3926.5	19
3927.5	12
3928.5	9
3929.5	22
3930.5	14
3931.5	16
3932.5	19
3933.5	13
3934.5	24
3935.5	15
3936.5	9
3937.5	14
3938.5	16
3939.5	14
3940.5	17
3941.5	17
3942.5	15
3943.5	12
3944.5	14
3945.5	9
3946.5	11
3947.5	17
3948.5	16
3949.5	6
3950.5	12
3951.5	14
3952.5	13
3953.5	18
3954.5	13
3955.5	12
3956.5	10
3957.5	11
3958.5	17
3959.5	9
3960.5	16
3961.5	14
3962.5	10
3963.5	10
3964.5	13
3965.5	11
3966.5	16
3967.5	9
3968.5	16
3969.5	16
3970.5	11
3971.5	4
3972.5	16
3973.5	10
3974.5	9
3975.5	10
3976.5	11
3977.5	5
3978.5	2
3979.5	7
3980.5	4
3981.5	10
3982.5	5
3983.5	9
3984.5	8
3985.5	13
3986.5	16
3987.5	7
3988.5	5
3989.5	5
3990.5	5
3991.5	11
3992.5	8
3993.5	7
3994.5	5
3995.5	10
3996.5	4
3997.5	4
3998.5	8
3999.5	5
4000.5	7
4001.5	14
4002.5	5
4003.5	9
4004.5	4
4005.5	6
4006.5	5
4007.5	3
4008.5	7
4009.5	11
4010.5	6
4011.5	6
4012.5	9
4013.5	9
4014.5	9
4015.5	7
4016.5	5
4017.5	7
4018.5	7
4019.5	4
4020.5	8
4021.5	7
4022.5	7
4023.5	6
4024.5	7
4025.5	6
4026.5	14
4027.5	9
4028.5	19
4029.5	5
4030.5	12
4031.5	5
4032.5	7
4033.5	14
4034.5	13
4035.5	4
4036.5	11
4037.5	8
4038.5	10
4039.5	6
4040.5	12
4041.5	11
4042.5	17
4043.5	10
4044.5	13
4045.5	8
4046.5	17
4047.5	18
4048.5	20
4049.5	17
4050.5	9
4051.5	11
4052.5	14
4053.5	13
4054.5	18
4055.5	18
4056.5	18
4057.5	18
4058.5	18
4059.5	19
4060.5	19
4061.5	17
4062.5	15
4063.5	21
4064.5	22
4065.5	24
4066.5	23
4067.5	21
4068.5	24
4069.5	34
4070.5	26
4071.5	20
4072.5	23
4073.5	25
4074.5	22
4075.5	22
4076.5	23
4077.5	29
4078.5	24
4079.5	35
4080.5	26
4081.5	31
4082.5	28
4083.5	29
4084.5	34
4085.5	26
4086.5	38
4087.5	33
4088.5	19
4089.5	32
4090.5	38
4091.5	32
4092.5	32
4093.5	31
4094.5	31
4095.5	25
4096.5	33
4097.5	29
4098.5	32
4099.5	38
4100.5	42
4101.5	29
4102.5	40
4103.5	34
4104.5	37
4105.5	35
4106.5	43
4107.5	43
4108.5	50
4109.5	32
4110.5	42
4111.5	37
4112.5	43
4113.5	38
4114.5	45
4115.5	49
4116.5	49
4117.5	33
4118.5	39
4119.5	33
4120.5	41
4121.5	37
4122.5	40
4123.5	33
4124.5	33
4125.5	43
4126.5	34
4127.5	40
4128.5	39
4129.5	34
4130.5	33
4131.5	32
4132.5	28
4133.5	24
4134.5	27
4135.5	37
4136.5	33
4137.5	30
4138.5	33
4139.5	28
4140.5	28
4141.5	28
4142.5	25
4143.5	24
4144.5	34
4145.5	32
4146.5	24
4147.5	24
4148.5	17
4149.5	23
4150.5	15
4151.5	17
4152.5	12
4153.5	24
4154.5	14
4155.5	20
4156.5	20
4157.5	12
4158.5	20
4159.5	20
4160.5	13
4161.5	18
4162.5	18
4163.5	12
4164.5	12
4165.5	13
4166.5	14
4167.5	9
4168.5	15
4169.5	8
4170.5	10
4171.5	8
4172.5	3
4173.5	8
4174.5	9
4175.5	10
4176.5	2
4177.5	7
4178.5	2
4179.5	5
4180.5	12
4181.5	5
4182.5	4
4183.5	7
4184.5	6
4185.5	2
4186.5	4
4187.5	4
4188.5	3
4189.5	6
4190.5	3
4191.5	2
4192.5	5
4193.5	0
4194.5	8
4195.5	1
4196.5	4
4197.5	0
4198.5	0
4199.5	2
4200.5	1
4201.5	3
4202.5	5
4203.5	0
4204.5	1
4205.5	1
4206.5	3
4207.5	1
4208.5	0
4209.5	1
4210.5	0
4211.5	1
4212.5	3
4213.5	3
4214.5	1
4215.5	1
4216.5	0
4217.5	1
4218.5	1
4219.5	2
4220.5	2
4221.5	2
4222.5	0
4223.5	3
4224.5	1
4225.5	2
4226.5	7
4227.5	1
4228.5	0
4229.5	1
4230.5	4
4231.5	2
4232.5	1
4233.5	2
4234.5	2
4235.5	3
4236.5	1
4237.5	1
4238.5	0
4239.5	2
4240.5	2
4241.5	1
4242.5	2
4243.5	0
4244.5	1
4245.5	3
4246.5	2
4247.5	1
4248.5	3
4249.5	0
4250.5	0
4251.5	0
4252.5	3
4253.5	1
4254.5	1
4255.5	1
4256.5	1
4257.5	2
4258.5	1
4259.5	0
4260.5	0
4261.5	1
4262.5	3
4263.5	1
4264.5	2
4265.5	2
4266.5	2
4267.5	1
4268.5	3
4269.5	0
4270.5	3
4271.5	1
4272.5	2
4273.5	1
4274.5	1
4275.5	2
4276.5	1
4277.5	2
4278.5	0
4279.5	0
4280.5	2
4281.5	3
4282.5	1
4283.5	3
4284.5	7
4285.5	2
4286.5	1
4287.5	2
4288.5	3
4289.5	0
4290.5	2
4291.5	1
4292.5	0
4293.5	0
4294.5	0
4295.5	1
4296.5	0
4297.5	0
4298.5	0
4299.5	3
4300.5	0
4301.5	1
4302.5	2
4303.5	0
4304.5	3
4305.5	0
4306.5	1
4307.5	1
4308.5	0
4309.5	0
4310.5	1
4311.5	1
4312.5	0
4313.5	1
4314.5	2
4315.5	1
4316.5	1
4317.5	3
4318.5	1
4319.5	2
4320.5	0
4321.5	2
4322.5	2
4323.5	2
4324.5	2
4325.5	4
4326.5	2
4327.5	3
4328.5	3
4329.5	1
4330.5	3
4331.5	1
4332.5	3
4333.5	3
4334.5	2
4335.5	3
4336.5	2
4337.5	3
4338.5	1
4339.5	1
4340.5	2
4341.5	3
4342.5	0
4343.5	0
4344.5	2
4345.5	1
4346.5	4
4347.5	0
4348.5	0
4349.5	0
4350.5	6
4351.5	1
4352.5	4
4353.5	2
4354.5	2
4355.5	1
4356.5	0
4357.5	1
4358.5	0
4359.5	0
4360.5	1
4361.5	1
4362.5	5
4363.5	2
4364.5	4
4365.5	1
4366.5	2
4367.5	1
4368.5	0
4369.5	3
4370.5	2
4371.5	5
4372.5	4
4373.5	0
4374.5	2
4375.5	0
4376.5	6
4377.5	3
4378.5	2
4379.5	0
4380.5	1
4381.5	2
4382.5	1
4383.5	5
4384.5	1
4385.5	2
4386.5	1
4387.5	2
4388.5	1
4389.5	3
4390.5	2
4391.5	0
4392.5	2
4393.5	1
4394.5	2
4395.5	2
4396.5	2
4397.5	0
4398.5	4
4399.5	0
4400.5	3
4401.5	2
4402.5	1
4403.5	1
4404.5	1
4405.5	3
4406.5	1
4407.5	2
4408.5	3
4409.5	3
4410.5	0
4411.5	1
4412.5	2
4413.5	1
4414.5	1
4415.5	2
4416.5	1
4417.5	2
4418.5	1
4419.5	0
4420.5	2
4421.5	1
4422.5	0
4423.5	3
4424.5	1
4425.5	2
4426.5	1
4427.5	2
4428.5	4
4429.5	4
4430.5	0
4431.5	2
4432.5	3
4433.5	2
4434.5	1
4435.5	1
4436.5	1
4437.5	1
4438.5	1
4439.5	4
4440.5	0
4441.5	2
4442.5	5
4443.5	0
4444.5	1
4445.5	2
4446.5	1
4447.5	2
4448.5	3
4449.5	2
4450.5	2
4451.5	2
4452.5	1
4453.5	1
4454.5	6
4455.5	0
4456.5	2
4457.5	1
4458.5	2
4459.5	1
4460.5	0
4461.5	0
4462.5	1
4463.5	3
4464.5	1
4465.5	2
4466.5	1
4467.5	1
4468.5	2
4469.5	1
4470.5	0
4471.5	3
4472.5	2
4473.5	1
4474.5	3
4475.5	6
4476.5	0
4477.5	0
4478.5	0
4479.5	1
4480.5	1
4481.5	4
4482.5	1
4483.5	2
4484.5	2
4485.5	1
4486.5	0
4487.5	5
4488.5	0
4489.5	1
4490.5	1
4491.5	1
4492.5	3
4493.5	0
4494.5	3
4495.5	1
4496.5	1
4497.5	1
4498.5	2
4499.5	0
4500.5	1
4501.5	0
4502.5	1
4503.5	1
4504.5	3
4505.5	0
4506.5	2
4507.5	2
4508.5	1
4509.5	2
4510.5	1
4511.5	4
4512.5	2
4513.5	5
4514.5	1
4515.5	2
4516.5	6
4517.5	2
4518.5	4
4519.5	1
4520.5	2
4521.5	3
4522.5	1
4523.5	1
4524.5	4
4525.5	2
4526.5	1
4527.5	4
4528.5	1
4529.5	3
4530.5	1
4531.5	0
4532.5	2
4533.5	1
4534.5	1
4535.5	2
4536.5	3
4537.5	1
4538.5	1
4539.5	0
4540.5	2
4541.5	0
4542.5	2
4543.5	0
4544.5	0
4545.5	2
4546.5	2
4547.5	0
4548.5	1
4549.5	3
4550.5	3
4551.5	1
4552.5	3
4553.5	3
4554.5	1
4555.5	1
4556.5	2
4557.5	2
4558.5	0
4559.5	0
4560.5	3
4561.5	5
4562.5	4
4563.5	3
4564.5	1
4565.5	0
4566.5	1
4567.5	0
4568.5	1
4569.5	2
4570.5	2
4571.5	3
4572.5	4
4573.5	4
4574.5	2
4575.5	2
4576.5	1
4577.5	2
4578.5	2
4579.5	2
4580.5	0
4581.5	4
4582.5	4
4583.5	3
4584.5	1
4585.5	4
4586.5	3
4587.5	4
4588.5	0
4589.5	1
4590.5	1
4591.5	2
4592.5	0
4593.5	6
4594.5	2
4595.5	2
4596.5	1
4597.5	4
4598.5	2
4599.5	1
4600.5	1
4601.5	2
4602.5	3
4603.5	2
4604.5	4
4605.5	2
4606.5	2
4607.5	3
4608.5	1
4609.5	3
4610.5	8
4611.5	1
4612.5	2
4613.5	1
4614.5	2
4615.5	1
4616.5	5
4617.5	2
4618.5	4
4619.5	3
4620.5	1
4621.5	4
4622.5	4
4623.5	1
4624.5	3
4625.5	2
4626.5	4
4627.5	0
4628.5	1
4629.5	1
4630.5	2
4631.5	4
4632.5	2
4633.5	0
4634.5	5
4635.5	2
4636.5	2
4637.5	1
4638.5	0
4639.5	1
4640.5	1
4641.5	0
4642.5	2
4643.5	1
4644.5	3
4645.5	2
4646.5	1
4647.5	4
4648.5	2
4649.5	1
4650.5	1
4651.5	0
4652.5	3
4653.5	1
4654.5	2
4655.5	2
4656.5	2
4657.5	1
4658.5	2
4659.5	1
4660.5	1
4661.5	1
4662.5	1
4663.5	1
4664.5	1
4665.5	2
4666.5	4
4667.5	1
4668.5	2
4669.5	0
4670.5	2
4671.5	2
4672.5	3
4673.5	2
4674.5	0
4675.5	1
4676.5	1
4677.5	0
4678.5	2
4679.5	4
4680.5	1
4681.5	0
4682.5	0
4683.5	0
4684.5	1
4685.5	1
4686.5	3
4687.5	1
4688.5	4
4689.5	2
4690.5	3
4691.5	0
4692.5	3
4693.5	4
4694.5	1
4695.5	3
4696.5	1
4697.5	1
4698.5	3
4699.5	2
4700.5	3
4701.5	3
4702.5	1
4703.5	2
4704.5	1
4705.5	3
4706.5	1
4707.5	1
4708.5	1
4709.5	4
4710.5	1
4711.5	1
4712.5	1
4713.5	2
4714.5	0
4715.5	1
4716.5	4
4717.5	2
4718.5	3
4719.5	2
4720.5	0
4721.5	0
4722.5	2
4723.5	1
4724.5	1
4725.5	2
4726.5	3
4727.5	2
4728.5	1
4729.5	3
4730.5	2
4731.5	1
4732.5	1
4733.5	0
4734.5	0
4735.5	5
4736.5	2
4737.5	2
4738.5	0
4739.5	0
4740.5	3
4741.5	2
4742.5	2
4743.5	2
4744.5	3
4745.5	0
4746.5	2
4747.5	3
4748.5	0
4749.5	1
4750.5	1
4751.5	1
4752.5	1
4753.5	3
4754.5	3
4755.5	2
4756.5	2
4757.5	3
4758.5	0
4759.5	2
4760.5	2
4761.5	2
4762.5	0
4763.5	5
4764.5	4
4765.5	6
4766.5	2
4767.5	1
4768.5	0
4769.5	2
4770.5	1
4771.5	0
4772.5	2
4773.5	1
4774.5	2
4775.5	3
4776.5	0
4777.5	1
4778.5	2
4779.5	2
4780.5	2
4781.5	3
4782.5	2
4783.5	0
4784.5	2
4785.5	4
4786.5	2
4787.5	0
4788.5	3
4789.5	2
4790.5	2
4791.5	1
4792.5	1
4793.5	0
4794.5	3
4795.5	2
4796.5	2
4797.5	4
4798.5	1
4799.5	1
4800.5	0
4801.5	4
4802.5	2
4803.5	5
4804.5	3
4805.5	4
4806.5	2
4807.5	4
4808.5	2
4809.5	1
4810.5	1
4811.5	2
4812.5	0
4813.5	7
4814.5	2
4815.5	3
4816.5	2
4817.5	3
4818.5	0
4819.5	3
4820.5	0
4821.5	3
4822.5	2
4823.5	2
4824.5	5
4825.5	2
4826.5	2
4827.5	3
4828.5	2
4829.5	1
4830.5	4
4831.5	1
4832.5	1
4833.5	1
4834.5	4
4835.5	1
4836.5	1
4837.5	3
4838.5	1
4839.5	1
4840.5	3
4841.5	3
4842.5	3
4843.5	3
4844.5	1
4845.5	2
4846.5	3
4847.5	1
4848.5	5
4849.5	3
4850.5	2
4851.5	0
4852.5	3
4853.5	2
4854.5	2
4855.5	4
4856.5	1
4857.5	0
4858.5	7
4859.5	1
4860.5	2
4861.5	0
4862.5	3
4863.5	2
4864.5	0
4865.5	4
4866.5	3
4867.5	2
4868.5	5
4869.5	0
4870.5	3
4871.5	0
4872.5	2
4873.5	5
4874.5	1
4875.5	2
4876.5	1
4877.5	1
4878.5	3
4879.5	1
4880.5	3
4881.5	1
4882.5	2
4883.5	0
4884.5	2
4885.5	2
4886.5	1
4887.5	2
4888.5	3
4889.5	5
4890.5	2
4891.5	1
4892.5	1
4893.5	2
4894.5	1
4895.5	1
4896.5	4
4897.5	0
4898.5	0
4899.5	1
4900.5	0
4901.5	4
4902.5	2
4903.5	3
4904.5	3
4905.5	2
4906.5	1
4907.5	4
4908.5	1
4909.5	2
4910.5	1
4911.5	0
4912.5	1
4913.5	3
4914.5	2
4915.5	2
4916.5	3
4917.5	4
4918.5	1
4919.5	0
4920.5	1
4921.5	5
4922.5	2
4923.5	1
4924.5	1
4925.5	3
4926.5	0
4927.5	0
4928.5	1
4929.5	0
4930.5	3
4931.5	0
4932.5	3
4933.5	3
4934.5	1
4935.5	1
4936.5	0
4937.5	1
4938.5	1
4939.5	1
4940.5	5
4941.5	0
4942.5	2
4943.5	0
4944.5	0
4945.5	1
4946.5	3
4947.5	3
4948.5	1
4949.5	3
4950.5	1
4951.5	3
4952.5	4
4953.5	3
4954.5	0
4955.5	4
4956.5	3
4957.5	2
4958.5	5
4959.5	1
4960.5	2
4961.5	2
4962.5	4
4963.5	1
4964.5	0
4965.5	1
4966.5	2
4967.5	2
4968.5	2
4969.5	4
4970.5	3
4971.5	3
4972.5	2
4973.5	1
4974.5	3
4975.5	1
4976.5	1
4977.5	0
4978.5	1
4979.5	0
4980.5	0
4981.5	1
4982.5	0
4983.5	0
4984.5	4
4985.5	3
4986.5	4
4987.5	4
4988.5	2
4989.5	3
4990.5	1
4991.5	3
4992.5	1
4993.5	2
4994.5	2
4995.5	1
4996.5	2
4997.5	3
4998.5	3
4999.5	1
5000.5	3
5001.5	2
5002.5	2
5003.5	2
5004.5	2
5005.5	0
5006.5	3
5007.5	4
5008.5	2
5009.5	0
5010.5	3
5011.5	2
5012.5	1
5013.5	1
5014.5	1
5015.5	1
5016.5	1
5017.5	1
5018.5	2
5019.5	0
5020.5	3
5021.5	1
5022.5	3
5023.5	2
5024.5	4
5025.5	2
5026.5	2
5027.5	1
5028.5	0
5029.5	0
5030.5	2
5031.5	2
5032.5	2
5033.5	2
5034.5	0
5035.5	3
5036.5	0
5037.5	3
5038.5	1
5039.5	2
5040.5	3
5041.5	5
5042.5	2
5043.5	1
5044.5	2
5045.5	1
5046.5	1
5047.5	2
5048.5	4
5049.5	3
5050.5	5
5051.5	2
5052.5	4
5053.5	4
5054.5	2
5055.5	2
5056.5	0
5057.5	3
5058.5	3
5059.5	4
5060.5	2
5061.5	1
5062.5	1
5063.5	1
5064.5	5
5065.5	4
5066.5	3
5067.5	4
5068.5	3
5069.5	1
5070.5	1
5071.5	2
5072.5	1
5073.5	3
5074.5	4
5075.5	1
5076.5	2
5077.5	0
5078.5	5
5079.5	3
5080.5	1
5081.5	1
5082.5	1
5083.5	1
5084.5	2
5085.5	1
5086.5	2
5087.5	3
5088.5	1
5089.5	1
5090.5	1
5091.5	0
5092.5	0
5093.5	5
5094.5	1
5095.5	2
5096.5	1
5097.5	3
5098.5	0
5099.5	1
5100.5	1
5101.5	2
5102.5	2
5103.5	2
5104.5	2
5105.5	6
5106.5	3
5107.5	3
5108.5	2
5109.5	2
5110.5	2
5111.5	2
5112.5	2
5113.5	1
5114.5	1
5115.5	4
5116.5	2
5117.5	1
5118.5	3
5119.5	5
5120.5	2
5121.5	3
5122.5	2
5123.5	2
5124.5	3
5125.5	1
5126.5	1
5127.5	2
5128.5	2
5129.5	6
5130.5	3
5131.5	2
5132.5	2
5133.5	1
5134.5	1
5135.5	0
5136.5	2
5137.5	4
5138.5	3
5139.5	3
5140.5	4
5141.5	3
5142.5	1
5143.5	3
5144.5	3
5145.5	3
5146.5	2
5147.5	2
5148.5	4
5149.5	1
5150.5	0
5151.5	2
5152.5	1
5153.5	1
5154.5	3
5155.5	2
5156.5	1
5157.5	2
5158.5	2
5159.5	2
5160.5	4
5161.5	1
5162.5	1
5163.5	1
5164.5	5
5165.5	1
5166.5	2
5167.5	2
5168.5	0
5169.5	4
5170.5	0
5171.5	3
5172.5	3
5173.5	1
5174.5	2
5175.5	3
5176.5	2
5177.5	5
5178.5	4
5179.5	1
5180.5	3
5181.5	3
5182.5	2
5183.5	1
5184.5	1
5185.5	1
5186.5	1
5187.5	3
5188.5	3
5189.5	1
5190.5	3
5191.5	3
5192.5	2
5193.5	4
5194.5	0
5195.5	6
5196.5	2
5197.5	4
5198.5	7
5199.5	4
5200.5	3
5201.5	0
5202.5	1
5203.5	5
5204.5	4
5205.5	3
5206.5	1
5207.5	2
5208.5	1
5209.5	1
5210.5	6
5211.5	4
5212.5	2
5213.5	5
5214.5	4
5215.5	1
5216.5	3
5217.5	3
5218.5	2
5219.5	1
5220.5	3
5221.5	3
5222.5	5
5223.5	2
5224.5	3
5225.5	1
5226.5	5
5227.5	3
5228.5	2
5229.5	5
5230.5	1
5231.5	4
5232.5	5
5233.5	3
5234.5	1
5235.5	1
5236.5	1
5237.5	4
5238.5	3
5239.5	0
5240.5	1
5241.5	0
5242.5	3
5243.5	0
5244.5	1
5245.5	1
5246.5	2
5247.5	4
5248.5	3
5249.5	1
5250.5	2
5251.5	2
5252.5	1
5253.5	2
5254.5	2
5255.5	4
5256.5	1
5257.5	3
5258.5	3
5259.5	1
5260.5	3
5261.5	2
5262.5	1
5263.5	2
5264.5	1
5265.5	2
5266.5	2
5267.5	2
5268.5	4
5269.5	2
5270.5	2
5271.5	2
5272.5	2
5273.5	2
5274.5	1
5275.5	3
5276.5	3
5277.5	1
5278.5	3
5279.5	2
5280.5	0
5281.5	3
5282.5	2
5283.5	5
5284.5	1
5285.5	2
5286.5	2
5287.5	1
5288.5	2
5289.5	1
5290.5	1
5291.5	0
5292.5	1
5293.5	0
5294.5	2
5295.5	3
5296.5	3
5297.5	1
5298.5	2
5299.5	3
5300.5	2
5301.5	0
5302.5	2
5303.5	0
5304.5	2
5305.5	3
5306.5	1
5307.5	2
5308.5	0
5309.5	0
5310.5	0
5311.5	5
5312.5	2
5313.5	3
5314.5	3
5315.5	5
5316.5	1
5317.5	4
5318.5	2
5319.5	1
5320.5	2
5321.5	5
5322.5	1
5323.5	3
5324.5	1
5325.5	3
5326.5	0
5327.5	2
5328.5	2
5329.5	2
5330.5	0
5331.5	2
5332.5	2
5333.5	0
5334.5	2
5335.5	2
5336.5	2
5337.5	2
5338.5	3
5339.5	0
5340.5	1
5341.5	1
5342.5	3
5343.5	2
5344.5	6
5345.5	5
5346.5	2
5347.5	3
5348.5	3
5349.5	2
5350.5	3
5351.5	4
5352.5	4
5353.5	0
5354.5	1
5355.5	1
5356.5	0
5357.5	4
5358.5	3
5359.5	0
5360.5	0
5361.5	1
5362.5	1
5363.5	3
5364.5	2
5365.5	0
5366.5	0
5367.5	2
5368.5	5
5369.5	0
5370.5	2
5371.5	0
5372.5	1
5373.5	2
5374.5	4
5375.5	1
5376.5	5
5377.5	0
5378.5	4
5379.5	1
5380.5	3
5381.5	1
5382.5	3
5383.5	1
5384.5	2
5385.5	1
5386.5	2
5387.5	1
5388.5	2
5389.5	4
5390.5	2
5391.5	6
5392.5	1
5393.5	3
5394.5	3
5395.5	1
5396.5	3
5397.5	0
5398.5	2
5399.5	4
5400.5	2
5401.5	2
5402.5	2
5403.5	2
5404.5	1
5405.5	4
5406.5	2
5407.5	2
5408.5	4
5409.5	3
5410.5	0
5411.5	1
5412.5	3
5413.5	1
5414.5	1
5415.5	2
5416.5	2
5417.5	1
5418.5	3
5419.5	5
5420.5	1
5421.5	1
5422.5	0
5423.5	2
5424.5	1
5425.5	1
5426.5	2
5427.5	3
5428.5	3
5429.5	4
5430.5	1
5431.5	1
5432.5	1
5433.5	1
5434.5	4
5435.5	2
5436.5	6
5437.5	0
5438.5	5
5439.5	3
5440.5	4
5441.5	1
5442.5	1
5443.5	3
5444.5	1
5445.5	5
5446.5	1
5447.5	1
5448.5	3
5449.5	0
5450.5	4
5451.5	5
5452.5	0
5453.5	2
5454.5	1
5455.5	1
5456.5	5
5457.5	1
5458.5	4
5459.5	1
5460.5	2
5461.5	2
5462.5	0
5463.5	3
5464.5	3
5465.5	1
5466.5	2
5467.5	1
5468.5	2
5469.5	2
5470.5	1
5471.5	2
5472.5	0
5473.5	2
5474.5	1
5475.5	3
5476.5	2
5477.5	0
5478.5	2
5479.5	7
5480.5	2
5481.5	1
5482.5	1
5483.5	1
5484.5	1
5485.5	3
5486.5	1
5487.5	2
5488.5	0
5489.5	2
5490.5	2
5491.5	1
5492.5	3
5493.5	2
5494.5	0
5495.5	3
5496.5	3
5497.5	3
5498.5	1
5499.5	3
5500.5	3
5501.5	1
5502.5	2
5503.5	1
5504.5	2
5505.5	5
5506.5	3
5507.5	2
5508.5	4
5509.5	1
5510.5	1
5511.5	2
5512.5	2
5513.5	2
5514.5	1
5515.5	1
5516.5	2
5517.5	2
5518.5	2
5519.5	1
5520.5	3
5521.5	2
5522.5	1
5523.5	0
5524.5	3
5525.5	2
5526.5	2
5527.5	1
5528.5	0
5529.5	1
5530.5	1
5531.5	3
5532.5	4
5533.5	1
5534.5	0
5535.5	1
5536.5	1
5537.5	0
5538.5	2
5539.5	3
5540.5	4
5541.5	1
5542.5	1
5543.5	2
5544.5	1
5545.5	5
5546.5	1
5547.5	0
5548.5	1
5549.5	1
5550.5	1
5551.5	3
5552.5	3
5553.5	2
5554.5	0
5555.5	2
5556.5	0
5557.5	0
5558.5	4
5559.5	3
5560.5	2
5561.5	1
5562.5	2
5563.5	2
5564.5	1
5565.5	1
5566.5	0
5567.5	3
5568.5	2
5569.5	1
5570.5	2
5571.5	0
5572.5	2
5573.5	1
5574.5	2
5575.5	2
5576.5	1
5577.5	4
5578.5	1
5579.5	3
5580.5	5
5581.5	3
5582.5	2
5583.5	4
5584.5	0
5585.5	0
5586.5	2
5587.5	0
5588.5	0
5589.5	0
5590.5	0
5591.5	0
5592.5	4
5593.5	1
5594.5	1
5595.5	0
5596.5	2
5597.5	2
5598.5	2
5599.5	1
5600.5	2
5601.5	2
5602.5	0
5603.5	1
5604.5	0
5605.5	2
5606.5	1
5607.5	2
5608.5	1
5609.5	0
5610.5	1
5611.5	1
5612.5	1
5613.5	3
5614.5	1
5615.5	2
5616.5	0
5617.5	3
5618.5	1
5619.5	0
5620.5	4
5621.5	1
5622.5	2
5623.5	1
5624.5	1
5625.5	1
5626.5	3
5627.5	0
5628.5	1
5629.5	1
5630.5	0
5631.5	0
5632.5	0
5633.5	0
5634.5	1
5635.5	3
5636.5	2
5637.5	1
5638.5	2
5639.5	1
5640.5	1
5641.5	2
5642.5	1
5643.5	1
5644.5	2
5645.5	2
5646.5	2
5647.5	2
5648.5	2
5649.5	1
5650.5	2
5651.5	2
5652.5	0
5653.5	2
5654.5	0
5655.5	1
5656.5	3
5657.5	0
5658.5	0
5659.5	1
5660.5	3
5661.5	1
5662.5	2
5663.5	2
5664.5	0
5665.5	1
5666.5	2
5667.5	2
5668.5	2
5669.5	3
5670.5	0
5671.5	1
5672.5	1
5673.5	0
5674.5	1
5675.5	1
5676.5	1
5677.5	3
5678.5	0
5679.5	1
5680.5	2
5681.5	3
5682.5	3
5683.5	0
5684.5	1
5685.5	0
5686.5	1
5687.5	2
5688.5	1
5689.5	1
5690.5	0
5691.5	1
5692.5	1
5693.5	1
5694.5	0
5695.5	2
5696.5	1
5697.5	1
5698.5	0
5699.5	0
5700.5	1
5701.5	0
5702.5	4
5703.5	0
5704.5	1
5705.5	1
5706.5	1
5707.5	0
5708.5	1
5709.5	4
5710.5	1
5711.5	1
5712.5	5
5713.5	1
5714.5	0
5715.5	2
5716.5	2
5717.5	1
5718.5	0
5719.5	0
5720.5	0
5721.5	1
5722.5	0
5723.5	2
5724.5	1
5725.5	2
5726.5	0
5727.5	3
5728.5	2
5729.5	2
5730.5	1
5731.5	1
5732.5	1
5733.5	1
5734.5	2
5735.5	0
5736.5	0
5737.5	1
5738.5	1
5739.5	0
5740.5	1
5741.5	2
5742.5	1
5743.5	0
5744.5	0
5745.5	2
5746.5	1
5747.5	0
5748.5	2
5749.5	1
5750.5	0
5751.5	2
5752.5	2
5753.5	1
5754.5	2
5755.5	6
5756.5	2
5757.5	0
5758.5	1
5759.5	0
5760.5	2
5761.5	1
5762.5	0
5763.5	0
5764.5	0
5765.5	1
5766.5	1
5767.5	1
5768.5	1
5769.5	2
5770.5	4
5771.5	2
5772.5	0
5773.5	3
5774.5	0
5775.5	3
5776.5	0
5777.5	0
5778.5	0
5779.5	0
5780.5	1
5781.5	0
5782.5	1
5783.5	2
5784.5	2
5785.5	1
5786.5	1
5787.5	1
5788.5	0
5789.5	1
5790.5	0
5791.5	0
5792.5	2
5793.5	0
5794.5	0
5795.5	3
5796.5	1
5797.5	0
5798.5	4
5799.5	1
5800.5	2
5801.5	2
5802.5	1
5803.5	1
5804.5	1
5805.5	0
5806.5	0
5807.5	0
5808.5	1
5809.5	1
5810.5	0
5811.5	4
5812.5	1
5813.5	1
5814.5	1
5815.5	1
5816.5	1
5817.5	0
5818.5	0
5819.5	0
5820.5	0
5821.5	1
5822.5	2
5823.5	1
5824.5	0
5825.5	1
5826.5	1
5827.5	1
5828.5	1
5829.5	1
5830.5	2
5831.5	1
5832.5	0
5833.5	0
5834.5	1
5835.5	0
5836.5	0
5837.5	1
5838.5	0
5839.5	1
5840.5	0
5841.5	2
5842.5	1
5843.5	1
5844.5	0
5845.5	1
5846.5	1
5847.5	0
5848.5	3
5849.5	1
5850.5	0
5851.5	0
5852.5	3
5853.5	1
5854.5	0
5855.5	0
5856.5	1
5857.5	0
5858.5	0
5859.5	1
5860.5	1
5861.5	0
5862.5	1
5863.5	1
5864.5	2
5865.5	0
5866.5	0
5867.5	1
5868.5	0
5869.5	2
5870.5	0
5871.5	1
5872.5	0
5873.5	2
5874.5	2
5875.5	1
5876.5	1
5877.5	0
5878.5	0
5879.5	0
5880.5	1
5881.5	0
5882.5	0
5883.5	0
5884.5	0
5885.5	2
5886.5	0
5887.5	0
5888.5	0
5889.5	1
5890.5	0
5891.5	0
5892.5	1
5893.5	0
5894.5	0
5895.5	2
5896.5	0
5897.5	0
5898.5	1
5899.5	2
5900.5	0
5901.5	0
5902.5	0
5903.5	0
5904.5	0
5905.5	1
5906.5	0
5907.5	0
5908.5	0
5909.5	0
5910.5	0
5911.5	0
5912.5	2
5913.5	0
5914.5	0
5915.5	0
5916.5	2
5917.5	0
5918.5	0
5919.5	0
5920.5	0
5921.5	1
5922.5	1
5923.5	0
5924.5	2
5925.5	2
5926.5	0
5927.5	0
5928.5	0
5929.5	1
5930.5	1
5931.5	1
5932.5	0
5933.5	0
5934.5	0
5935.5	0
5936.5	0
5937.5	1
5938.5	0
5939.5	0
5940.5	0
5941.5	0
5942.5	1
5943.5	0
5944.5	0
5945.5	1
5946.5	2
5947.5	1
5948.5	0
5949.5	0
5950.5	0
5951.5	0
5952.5	0
5953.5	1
5954.5	0
5955.5	0
5956.5	0
5957.5	0
5958.5	1
5959.5	0
5960.5	1
5961.5	1
5962.5	0
5963.5	0
5964.5	0
5965.5	0
5966.5	2
5967.5	1
5968.5	0
5969.5	0
5970.5	0
5971.5	0
5972.5	0
5973.5	0
5974.5	0
5975.5	0
5976.5	0
5977.5	1
5978.5	0
5979.5	0
5980.5	0
5981.5	0
5982.5	0
5983.5	0
5984.5	0
5985.5	0
5986.5	1
5987.5	0
5988.5	0
5989.5	1
5990.5	1
5991.5	2
5992.5	0
5993.5	0
5994.5	0
5995.5	0
5996.5	1
5997.5	1
5998.5	0
5999.5	1
6000.5	0
6001.5	0
6002.5	0
6003.5	0
6004.5	2
6005.5	0
6006.5	0
6007.5	1
6008.5	0
6009.5	1
6010.5	0
6011.5	0
6012.5	1
6013.5	0
6014.5	0
6015.5	0
6016.5	0
6017.5	1
6018.5	0
6019.5	0
6020.5	0
6021.5	2
6022.5	0
6023.5	0
6024.5	0
6025.5	1
6026.5	1
6027.5	1
6028.5	0
6029.5	0
6030.5	0
6031.5	0
6032.5	0
6033.5	1
6034.5	0
6035.5	2
6036.5	1
6037.5	1
6038.5	0
6039.5	1
6040.5	0
6041.5	0
6042.5	0
6043.5	1
6044.5	1
6045.5	0
6046.5	0
6047.5	0
6048.5	0
6049.5	0
6050.5	0
6051.5	1
6052.5	0
6053.5	0
6054.5	1
6055.5	0
6056.5	0
6057.5	0
6058.5	2
6059.5	0
6060.5	1
6061.5	1
6062.5	0
6063.5	0
6064.5	0
6065.5	0
6066.5	0
6067.5	0
6068.5	0
6069.5	0
6070.5	1
6071.5	0
6072.5	0
6073.5	1
6074.5	0
6075.5	0
6076.5	0
6077.5	0
6078.5	1
6079.5	0
6080.5	0
6081.5	0
6082.5	0
6083.5	1
6084.5	0
6085.5	1
6086.5	1
6087.5	0
6088.5	1
6089.5	0
6090.5	1
6091.5	1
6092.5	0
6093.5	0
6094.5	0
6095.5	0
6096.5	1
6097.5	1
6098.5	0
6099.5	2
6100.5	0
6101.5	0
6102.5	0
6103.5	0
6104.5	1
6105.5	1
6106.5	0
6107.5	0
6108.5	0
6109.5	0
6110.5	0
6111.5	0
6112.5	1
6113.5	0
6114.5	0
6115.5	1
6116.5	0
6117.5	0
6118.5	1
6119.5	1
6120.5	1
6121.5	0
6122.5	0
6123.5	0
6124.5	1
6125.5	0
6126.5	0
6127.5	0
6128.5	0
6129.5	0
6130.5	0
6131.5	0
6132.5	0
6133.5	0
6134.5	0
6135.5	0
6136.5	1
6137.5	0
6138.5	0
6139.5	0
6140.5	0
6141.5	1
6142.5	0
6143.5	1
6144.5	1
6145.5	0
6146.5	0
6147.5	0
6148.5	1
6149.5	0
6150.5	1
6151.5	0
6152.5	1
6153.5	0
6154.5	0
6155.5	0
6156.5	0
6157.5	1
6158.5	0
6159.5	0
6160.5	0
6161.5	0
6162.5	1
6163.5	0
6164.5	1
6165.5	1
6166.5	0
6167.5	2
6168.5	1
6169.5	0
6170.5	0
6171.5	0
6172.5	1
6173.5	0
6174.5	0
6175.5	2
6176.5	0
6177.5	0
6178.5	0
6179.5	0
6180.5	0
6181.5	1
6182.5	0
6183.5	1
6184.5	1
6185.5	1
6186.5	0
6187.5	0
6188.5	1
6189.5	0
6190.5	0
6191.5	0
6192.5	2
6193.5	1
6194.5	0
6195.5	0
6196.5	1
6197.5	0
6198.5	0
6199.5	0
6200.5	0
6201.5	0
6202.5	1
6203.5	1
6204.5	1
6205.5	0
6206.5	0
6207.5	1
6208.5	1
6209.5	2
6210.5	0
6211.5	0
6212.5	1
6213.5	0
6214.5	1
6215.5	0
6216.5	0
6217.5	1
6218.5	0
6219.5	0
6220.5	0
6221.5	0
6222.5	0
6223.5	0
6224.5	0
6225.5	1
6226.5	0
6227.5	0
6228.5	1
6229.5	0
6230.5	0
6231.5	0
6232.5	1
6233.5	1
6234.5	0
6235.5	0
6236.5	1
6237.5	0
6238.5	0
6239.5	0
6240.5	0
6241.5	0
6242.5	0
6243.5	1
6244.5	1
6245.5	0
6246.5	1
6247.5	1
6248.5	0
6249.5	0
6250.5	0
6251.5	0
6252.5	0
6253.5	0
6254.5	0
6255.5	0
6256.5	0
6257.5	1
6258.5	0
6259.5	1
6260.5	0
6261.5	0
6262.5	0
6263.5	1
6264.5	0
6265.5	0
6266.5	0
6267.5	0
6268.5	1
6269.5	0
6270.5	0
6271.5	0
6272.5	3
6273.5	1
6274.5	0
6275.5	0
6276.5	1
6277.5	0
6278.5	0
6279.5	0
6280.5	0
6281.5	0
6282.5	0
6283.5	0
6284.5	1
6285.5	0
6286.5	2
6287.5	0
6288.5	0
6289.5	0
6290.5	0
6291.5	0
6292.5	0
6293.5	0
6294.5	1
6295.5	0
6296.5	0
6297.5	0
6298.5	0
6299.5	0
6300.5	0
6301.5	1
6302.5	0
6303.5	0
6304.5	0
6305.5	1
6306.5	1
6307.5	0
6308.5	0
6309.5	0
6310.5	0
6311.5	1
6312.5	0
6313.5	0
6314.5	0
6315.5	0
6316.5	1
6317.5	0
6318.5	0
6319.5	0
6320.5	0
6321.5	0
6322.5	2
6323.5	0
6324.5	1
6325.5	0
6326.5	0
6327.5	0
6328.5	0
6329.5	1
6330.5	0
6331.5	0
6332.5	0
6333.5	0
6334.5	0
6335.5	0
6336.5	0
6337.5	1
6338.5	0
6339.5	0
6340.5	0
6341.5	0
6342.5	0
6343.5	0
6344.5	1
6345.5	0
6346.5	0
6347.5	0
6348.5	0
6349.5	0
6350.5	0
6351.5	0
6352.5	0
6353.5	0
6354.5	0
6355.5	2
6356.5	0
6357.5	0
6358.5	0
6359.5	0
6360.5	1
6361.5	0
6362.5	0
6363.5	1
6364.5	0
6365.5	0
6366.5	0
6367.5	0
6368.5	0
6369.5	0
6370.5	0
6371.5	0
6372.5	1
6373.5	0
6374.5	0
6375.5	0
6376.5	0
6377.5	0
6378.5	0
6379.5	0
6380.5	0
6381.5	0
6382.5	0
6383.5	0
6384.5	1
6385.5	0
6386.5	1
6387.5	0
6388.5	0
6389.5	0
6390.5	1
6391.5	0
6392.5	0
6393.5	0
6394.5	1
6395.5	0
6396.5	0
6397.5	0
6398.5	0
6399.5	0
6400.5	1
6401.5	0
6402.5	0
6403.5	0
6404.5	1
6405.5	1
6406.5	0
6407.5	1
6408.5	0
6409.5	0
6410.5	0
6411.5	0
6412.5	0
6413.5	0
6414.5	0
6415.5	0
6416.5	1
6417.5	0
6418.5	0
6419.5	0
6420.5	0
6421.5	0
6422.5	0
6423.5	0
6424.5	1
6425.5	0
6426.5	1
6427.5	0
6428.5	1
6429.5	0
6430.5	0
6431.5	0
6432.5	0
6433.5	0
6434.5	0
6435.5	0
6436.5	0
6437.5	0
6438.5	0
6439.5	1
6440.5	0
6441.5	0
6442.5	1
6443.5	1
6444.5	0
6445.5	0
6446.5	0
6447.5	0
6448.5	1
6449.5	0
6450.5	2
6451.5	0
6452.5	0
6453.5	0
6454.5	0
6455.5	0
6456.5	0
6457.5	0
6458.5	0
6459.5	0
6460.5	0
6461.5	0
6462.5	0
6463.5	1
6464.5	1
6465.5	0
6466.5	0
6467.5	0
6468.5	0
6469.5	0
6470.5	0
6471.5	0
6472.5	0
6473.5	0
6474.5	0
6475.5	0
6476.5	0
6477.5	0
6478.5	0
6479.5	0
6480.5	0
6481.5	1
6482.5	1
6483.5	0
6484.5	0
6485.5	0
6486.5	1
6487.5	0
6488.5	0
6489.5	0
6490.5	0
6491.5	2
6492.5	0
6493.5	0
6494.5	0
6495.5	1
6496.5	0
6497.5	0
6498.5	0
6499.5	0
6500.5	0
6501.5	0
6502.5	0
6503.5	1
6504.5	0
6505.5	0
6506.5	0
6507.5	0
6508.5	0
6509.5	0
6510.5	0
6511.5	0
6512.5	0
6513.5	0
6514.5	1
6515.5	0
6516.5	0
6517.5	0
6518.5	2
6519.5	0
6520.5	0
6521.5	0
6522.5	0
6523.5	2
6524.5	1
6525.5	0
6526.5	0
6527.5	0
6528.5	0
6529.5	0
6530.5	0
6531.5	0
6532.5	0
6533.5	2
6534.5	0
6535.5	1
6536.5	0
6537.5	1
6538.5	0
6539.5	0
6540.5	1
6541.5	1
6542.5	0
6543.5	0
6544.5	1
6545.5	0
6546.5	0
6547.5	1
6548.5	0
6549.5	0
6550.5	0
6551.5	0
6552.5	0
6553.5	0
6554.5	1
6555.5	1
6556.5	0
6557.5	0
6558.5	1
6559.5	0
6560.5	0
6561.5	0
6562.5	1
6563.5	1
6564.5	0
6565.5	1
6566.5	1
6567.5	0
6568.5	0
6569.5	0
6570.5	0
6571.5	0
6572.5	0
6573.5	0
6574.5	0
6575.5	0
6576.5	0
6577.5	0
6578.5	0
6579.5	0
6580.5	0
6581.5	1
6582.5	1
6583.5	0
6584.5	0
6585.5	0
6586.5	0
6587.5	1
6588.5	0
6589.5	0
6590.5	0
6591.5	0
6592.5	0
6593.5	0
6594.5	1
6595.5	0
6596.5	0
6597.5	1
6598.5	0
6599.5	0
6600.5	0
6601.5	0
6602.5	0
6603.5	0
6604.5	0
6605.5	0
6606.5	0
6607.5	0
6608.5	0
6609.5	0
6610.5	0
6611.5	0
6612.5	0
6613.5	1
6614.5	0
6615.5	0
6616.5	1
6617.5	0
6618.5	0
6619.5	0
6620.5	1
6621.5	0
6622.5	0
6623.5	0
6624.5	0
6625.5	0
6626.5	0
6627.5	0
6628.5	0
6629.5	0
6630.5	0
6631.5	0
6632.5	0
6633.5	1
6634.5	0
6635.5	2
6636.5	0
6637.5	0
6638.5	0
6639.5	0
6640.5	0
6641.5	0
6642.5	0
6643.5	0
6644.5	1
6645.5	0
6646.5	0
6647.5	0
6648.5	0
6649.5	0
6650.5	1
6651.5	0
6652.5	0
6653.5	0
6654.5	0
6655.5	0
6656.5	0
6657.5	0
6658.5	0
6659.5	0
6660.5	0
6661.5	0
6662.5	0
6663.5	0
6664.5	0
6665.5	0
6666.5	0
6667.5	0
6668.5	0
6669.5	0
6670.5	0
6671.5	1
6672.5	0
6673.5	0
6674.5	0
6675.5	0
6676.5	1
6677.5	0
6678.5	0
6679.5	0
6680.5	0
6681.5	0
6682.5	0
6683.5	0
6684.5	1
6685.5	0
6686.5	0
6687.5	1
6688.5	1
6689.5	0
6690.5	0
6691.5	0
6692.5	0
6693.5	0
6694.5	0
6695.5	0
6696.5	1
6697.5	0
6698.5	0
6699.5	0
6700.5	0
6701.5	0
6702.5	0
6703.5	0
6704.5	0
6705.5	1
6706.5	0
6707.5	1
6708.5	0
6709.5	0
6710.5	0
6711.5	0
6712.5	0
6713.5	0
6714.5	0
6715.5	0
6716.5	0
6717.5	0
6718.5	0
6719.5	0
6720.5	0
6721.5	0
6722.5	0
6723.5	0
6724.5	0
6725.5	0
6726.5	0
6727.5	0
6728.5	0
6729.5	0
6730.5	0
6731.5	0
6732.5	0
6733.5	0
6734.5	1
6735.5	0
6736.5	0
6737.5	0
6738.5	0
6739.5	0
6740.5	0
6741.5	0
6742.5	1
6743.5	0
6744.5	0
6745.5	0
6746.5	1
6747.5	0
6748.5	0
6749.5	0
6750.5	0
6751.5	0
6752.5	1
6753.5	0
6754.5	0
6755.5	1
6756.5	1
6757.5	0
6758.5	1
6759.5	1
6760.5	0
6761.5	1
6762.5	0
6763.5	0
6764.5	1
6765.5	0
6766.5	0
6767.5	0
6768.5	0
6769.5	0
6770.5	0
6771.5	0
6772.5	0
6773.5	0
6774.5	0
6775.5	0
6776.5	0
6777.5	0
6778.5	0
6779.5	0
6780.5	0
6781.5	0
6782.5	0
6783.5	0
6784.5	0
6785.5	0
6786.5	0
6787.5	1
6788.5	0
6789.5	0
6790.5	0
6791.5	0
6792.5	0
6793.5	0
6794.5	1
6795.5	0
6796.5	0
6797.5	0
6798.5	0
6799.5	0
6800.5	0
6801.5	0
6802.5	0
6803.5	0
6804.5	0
6805.5	0
6806.5	0
6807.5	0
6808.5	0
6809.5	0
6810.5	0
6811.5	0
6812.5	0
6813.5	0
6814.5	0
6815.5	0
6816.5	1
6817.5	0
6818.5	0
6819.5	0
6820.5	0
6821.5	0
6822.5	1
6823.5	0
6824.5	0
6825.5	0
6826.5	0
6827.5	0
6828.5	0
6829.5	0
6830.5	0
6831.5	0
6832.5	0
6833.5	0
6834.5	0
6835.5	0
6836.5	0
6837.5	0
6838.5	0
6839.5	0
6840.5	0
6841.5	0
6842.5	2
6843.5	0
6844.5	0
6845.5	0
6846.5	0
6847.5	0
6848.5	0
6849.5	0
6850.5	0
6851.5	0
6852.5	0
6853.5	0
6854.5	0
6855.5	0
6856.5	0
6857.5	0
6858.5	1
6859.5	0
6860.5	0
6861.5	0
6862.5	0
6863.5	0
6864.5	1
6865.5	0
6866.5	1
6867.5	0
6868.5	0
6869.5	0
6870.5	0
6871.5	0
6872.5	1
6873.5	0
6874.5	0
6875.5	0
6876.5	0
6877.5	0
6878.5	0
6879.5	0
6880.5	0
6881.5	0
6882.5	0
6883.5	0
6884.5	0
6885.5	0
6886.5	1
6887.5	0
6888.5	0
6889.5	0
6890.5	0
6891.5	0
6892.5	0
6893.5	0
6894.5	0
6895.5	0
6896.5	0
6897.5	0
6898.5	0
6899.5	0
6900.5	0
6901.5	0
6902.5	0
6903.5	1
6904.5	0
6905.5	1
6906.5	0
6907.5	0
6908.5	0
6909.5	0
6910.5	0
6911.5	0
6912.5	0
6913.5	0
6914.5	0
6915.5	0
6916.5	0
6917.5	0
6918.5	0
6919.5	0
6920.5	0
6921.5	0
6922.5	0
6923.5	0
6924.5	0
6925.5	0
6926.5	0
6927.5	0
6928.5	0
6929.5	0
6930.5	1
6931.5	0
6932.5	0
6933.5	0
6934.5	0
6935.5	0
6936.5	0
6937.5	0
6938.5	0
6939.5	0
6940.5	0
6941.5	0
6942.5	0
6943.5	0
6944.5	0
6945.5	0
6946.5	0
6947.5	0
6948.5	0
6949.5	0
6950.5	0
6951.5	1
6952.5	0
6953.5	1
6954.5	0
6955.5	0
6956.5	0
6957.5	0
6958.5	0
6959.5	1
6960.5	1
6961.5	0
6962.5	1
6963.5	0
6964.5	0
6965.5	0
6966.5	0
6967.5	0
6968.5	0
6969.5	0
6970.5	0
6971.5	0
6972.5	0
6973.5	0
6974.5	0
6975.5	0
6976.5	0
6977.5	0
6978.5	0
6979.5	0
6980.5	0
6981.5	0
6982.5	0
6983.5	0
6984.5	0
6985.5	1
6986.5	0
6987.5	0
6988.5	0
6989.5	0
6990.5	0
6991.5	0
6992.5	0
6993.5	0
6994.5	0
6995.5	0
6996.5	0
6997.5	0
6998.5	0
6999.5	0
7000.5	0
7001.5	0
7002.5	0
7003.5	0
7004.5	0
7005.5	0
7006.5	0
7007.5	0
7008.5	0
7009.5	0
7010.5	0
7011.5	0
7012.5	0
7013.5	0
7014.5	0
7015.5	0
7016.5	0
7017.5	0
7018.5	0
7019.5	0
7020.5	0
7021.5	0
7022.5	0
7023.5	0
7024.5	0
7025.5	0
7026.5	0
7027.5	0
7028.5	0
7029.5	0
7030.5	0
7031.5	0
7032.5	0
7033.5	0
7034.5	0
7035.5	1
7036.5	1
7037.5	0
7038.5	0
7039.5	0
7040.5	0
7041.5	0
7042.5	0
7043.5	0
7044.5	0
7045.5	0
7046.5	0
7047.5	0
7048.5	0
7049.5	0
7050.5	0
7051.5	0
7052.5	0
7053.5	0
7054.5	0
7055.5	0
7056.5	0
7057.5	0
7058.5	0
7059.5	0
7060.5	0
7061.5	0
7062.5	0
7063.5	0
7064.5	0
7065.5	0
7066.5	0
7067.5	0
7068.5	0
7069.5	0
7070.5	0
7071.5	0
7072.5	0
7073.5	0
7074.5	0
7075.5	0
7076.5	0
7077.5	0
7078.5	0
7079.5	0
7080.5	0
7081.5	0
7082.5	0
7083.5	0
7084.5	0
7085.5	0
7086.5	0
7087.5	0
7088.5	0
7089.5	1
7090.5	0
7091.5	0
7092.5	0
7093.5	0
7094.5	0
7095.5	0
7096.5	0
7097.5	0
7098.5	0
7099.5	0
7100.5	0
7101.5	0
7102.5	0
7103.5	0
7104.5	0
7105.5	0
7106.5	0
7107.5	0
7108.5	0
7109.5	0
7110.5	1
7111.5	0
7112.5	0
7113.5	0
7114.5	0
7115.5	0
7116.5	0
7117.5	0
7118.5	0
7119.5	0
7120.5	0
7121.5	0
7122.5	0
7123.5	0
7124.5	0
7125.5	0
7126.5	0
7127.5	0
7128.5	0
7129.5	0
7130.5	0
7131.5	0
7132.5	0
7133.5	0
7134.5	0
7135.5	0
7136.5	0
7137.5	0
7138.5	0
7139.5	0
7140.5	0
7141.5	0
7142.5	0
7143.5	0
7144.5	0
7145.5	0
7146.5	0
7147.5	0
7148.5	0
7149.5	0
7150.5	0
7151.5	0
7152.5	0
7153.5	0
7154.5	0
7155.5	0
7156.5	0
7157.5	0
7158.5	0
7159.5	0
7160.5	0
7161.5	0
7162.5	0
7163.5	0
7164.5	0
7165.5	0
7166.5	0
7167.5	0
7168.5	0
7169.5	0
7170.5	0
7171.5	0
7172.5	0
7173.5	0
7174.5	0
7175.5	0
7176.5	1
7177.5	0
7178.5	0
7179.5	0
7180.5	0
7181.5	0
7182.5	0
7183.5	0
7184.5	0
7185.5	0
7186.5	0
7187.5	0
7188.5	0
7189.5	0
7190.5	0
7191.5	0
7192.5	0
7193.5	0
7194.5	0
7195.5	0
7196.5	0
7197.5	0
7198.5	0
7199.5	0
7200.5	0
7201.5	0
7202.5	0
7203.5	0
7204.5	0
7205.5	0
7206.5	0
7207.5	0
7208.5	0
7209.5	0
7210.5	0
7211.5	0
7212.5	0
7213.5	0
7214.5	0
7215.5	0
7216.5	1
7217.5	0
7218.5	0
7219.5	0
7220.5	0
7221.5	0
7222.5	0
7223.5	0
7224.5	0
7225.5	0
7226.5	0
7227.5	0
7228.5	0
7229.5	0
7230.5	0
7231.5	0
7232.5	0
7233.5	0
7234.5	0
7235.5	0
7236.5	0
7237.5	0
7238.5	0
7239.5	0
7240.5	0
7241.5	0
7242.5	0
7243.5	0
7244.5	0
7245.5	0
7246.5	0
7247.5	0
7248.5	0
7249.5	0
7250.5	0
7251.5	0
7252.5	0
7253.5	0
7254.5	0
7255.5	0
7256.5	0
7257.5	0
7258.5	0
7259.5	0
7260.5	0
7261.5	0
7262.5	0
7263.5	0
7264.5	0
7265.5	0
7266.5	0
7267.5	0
7268.5	0
7269.5	0
7270.5	0
7271.5	0
7272.5	0
7273.5	0
7274.5	0
7275.5	0
7276.5	0
7277.5	0
7278.5	0
7279.5	0
7280.5	0
7281.5	0
7282.5	0
7283.5	0
7284.5	1
7285.5	0
7286.5	0
7287.5	0
7288.5	0
7289.5	0
7290.5	0
7291.5	0
7292.5	0
7293.5	0
7294.5	0
7295.5	0
7296.5	0
7297.5	0
7298.5	0
7299.5	0
7300.5	0
7301.5	0
7302.5	0
7303.5	0
7304.5	0
7305.5	0
7306.5	0
7307.5	0
7308.5	0
7309.5	0
7310.5	0
7311.5	0
7312.5	0
7313.5	0
7314.5	0
7315.5	0
7316.5	0
7317.5	0
7318.5	0
7319.5	0
7320.5	0
7321.5	0
7322.5	0
7323.5	0
7324.5	0
7325.5	1
7326.5	0
7327.5	0
7328.5	0
7329.5	0
7330.5	0
7331.5	0
7332.5	0
7333.5	0
7334.5	0
7335.5	0
7336.5	0
7337.5	0
7338.5	0
7339.5	0
7340.5	0
7341.5	0
7342.5	0
7343.5	0
7344.5	0
7345.5	0
7346.5	0
7347.5	0
7348.5	0
7349.5	0
7350.5	0
7351.5	0
7352.5	0
7353.5	0
7354.5	0
7355.5	0
7356.5	0
7357.5	0
7358.5	0
7359.5	0
7360.5	0
7361.5	0
7362.5	0
7363.5	0
7364.5	0
7365.5	0
7366.5	0
7367.5	0
7368.5	0
7369.5	0
7370.5	0
7371.5	0
7372.5	0
7373.5	0
7374.5	0
7375.5	0
7376.5	0
7377.5	0
7378.5	0
7379.5	0
7380.5	0
7381.5	0
7382.5	0
7383.5	0
7384.5	0
7385.5	0
7386.5	0
7387.5	0
7388.5	0
7389.5	0
7390.5	0
7391.5	0
7392.5	0
7393.5	0
7394.5	0
7395.5	0
7396.5	0
7397.5	0
7398.5	0
7399.5	0
7400.5	0
7401.5	0
7402.5	0
7403.5	0
7404.5	0
7405.5	0
7406.5	0
7407.5	0
7408.5	0
7409.5	0
7410.5	0
7411.5	0
7412.5	0
7413.5	0
7414.5	0
7415.5	0
7416.5	0
7417.5	0
7418.5	0
7419.5	0
7420.5	0
7421.5	0
7422.5	0
7423.5	0
7424.5	0
7425.5	0
7426.5	0
7427.5	0
7428.5	0
7429.5	0
7430.5	0
7431.5	0
7432.5	0
7433.5	0
7434.5	0
7435.5	0
7436.5	0
7437.5	0
7438.5	0
7439.5	0
7440.5	0
7441.5	0
7442.5	1
7443.5	0
7444.5	0
7445.5	0
7446.5	0
7447.5	0
7448.5	0
7449.5	0
7450.5	0
7451.5	0
7452.5	0
7453.5	0
7454.5	0
7455.5	0
7456.5	0
7457.5	0
7458.5	0
7459.5	0
7460.5	0
7461.5	0
7462.5	0
7463.5	0
7464.5	0
7465.5	0
7466.5	0
7467.5	0
7468.5	0
7469.5	0
7470.5	0
7471.5	0
7472.5	0
7473.5	0
7474.5	0
7475.5	0
7476.5	0
7477.5	0
7478.5	0
7479.5	0
7480.5	0
7481.5	0
7482.5	0
7483.5	0
7484.5	0
7485.5	0
7486.5	0
7487.5	0
7488.5	0
7489.5	0
7490.5	0
7491.5	0
7492.5	0
7493.5	0
7494.5	0
7495.5	0
7496.5	0
7497.5	0
7498.5	0
7499.5	0
7500.5	0
7501.5	0
7502.5	0
7503.5	0
7504.5	0
7505.5	0
7506.5	0
7507.5	0
7508.5	0
7509.5	0
7510.5	0
7511.5	0
7512.5	0
7513.5	0
7514.5	0
7515.5	0
7516.5	0
7517.5	0
7518.5	0
7519.5	0
7520.5	0
7521.5	0
7522.5	0
7523.5	0
7524.5	0
7525.5	0
7526.5	0
7527.5	0
7528.5	0
7529.5	0
7530.5	0
7531.5	0
7532.5	0
7533.5	0
7534.5	0
7535.5	0
7536.5	0
7537.5	0
7538.5	0
7539.5	0
7540.5	0
7541.5	0
7542.5	0
7543.5	0
7544.5	0
7545.5	0
7546.5	0
7547.5	0
7548.5	0
7549.5	0
7550.5	0
7551.5	0
7552.5	0
7553.5	0
7554.5	0
7555.5	0
7556.5	0
7557.5	0
7558.5	0
7559.5	0
7560.5	0
7561.5	0
7562.5	0
7563.5	0
7564.5	0
7565.5	0
7566.5	0
7567.5	0
7568.5	0
7569.5	0
7570.5	0
7571.5	0
7572.5	0
7573.5	0
7574.5	0
7575.5	0
7576.5	0
7577.5	0
7578.5	0
7579.5	0
7580.5	0
7581.5	0
7582.5	0
7583.5	0
7584.5	0
7585.5	0
7586.5	0
7587.5	0
7588.5	0
7589.5	0
7590.5	0
7591.5	0
7592.5	0
7593.5	0
7594.5	0
7595.5	0
7596.5	0
7597.5	0
7598.5	0
7599.5	0
7600.5	0
7601.5	0
7602.5	0
7603.5	0
7604.5	0
7605.5	0
7606.5	0
7607.5	0
7608.5	0
7609.5	0
7610.5	0
7611.5	0
7612.5	0
7613.5	0
7614.5	0
7615.5	0
7616.5	0
7617.5	0
7618.5	0
7619.5	0
7620.5	0
7621.5	0
7622.5	0
7623.5	0
7624.5	0
7625.5	0
7626.5	0
7627.5	0
7628.5	0
7629.5	0
7630.5	0
7631.5	0
7632.5	0
7633.5	0
7634.5	0
7635.5	0
7636.5	0
7637.5	0
7638.5	0
7639.5	0
7640.5	0
7641.5	0
7642.5	0
7643.5	0
7644.5	0
7645.5	0
7646.5	0
7647.5	0
7648.5	0
7649.5	0
7650.5	0
7651.5	0
7652.5	0
7653.5	0
7654.5	0
7655.5	0
7656.5	0
7657.5	0
7658.5	0
7659.5	0
7660.5	0
7661.5	0
7662.5	0
7663.5	0
7664.5	0
7665.5	0
7666.5	0
7667.5	0
7668.5	0
7669.5	0
7670.5	0
7671.5	0
7672.5	0
7673.5	0
7674.5	0
7675.5	0
7676.5	0
7677.5	0
7678.5	0
7679.5	0
7680.5	0
7681.5	0
7682.5	0
7683.5	0
7684.5	0
7685.5	0
7686.5	0
7687.5	0
7688.5	0
7689.5	0
7690.5	0
7691.5	0
7692.5	0
7693.5	0
7694.5	0
7695.5	0
7696.5	0
7697.5	0
7698.5	0
7699.5	0
7700.5	0
7701.5	0
7702.5	0
7703.5	0
7704.5	0
7705.5	0
7706.5	0
7707.5	0
7708.5	0
7709.5	0
7710.5	0
7711.5	0
7712.5	0
7713.5	0
7714.5	0
7715.5	0
7716.5	0
7717.5	0
7718.5	0
7719.5	0
7720.5	0
7721.5	0
7722.5	0
7723.5	0
7724.5	0
7725.5	0
7726.5	0
7727.5	0
7728.5	0
7729.5	0
7730.5	0
7731.5	0
7732.5	0
7733.5	0
7734.5	0
7735.5	0
7736.5	0
7737.5	0
7738.5	0
7739.5	0
7740.5	0
7741.5	0
7742.5	0
7743.5	0
7744.5	0
7745.5	0
7746.5	0
7747.5	0
7748.5	0
7749.5	0
7750.5	0
7751.5	0
7752.5	0
7753.5	0
7754.5	0
7755.5	0
7756.5	0
7757.5	0
7758.5	0
7759.5	0
7760.5	0
7761.5	0
7762.5	0
7763.5	0
7764.5	0
7765.5	0
7766.5	0
7767.5	0
7768.5	0
7769.5	0
7770.5	0
7771.5	0
7772.5	0
7773.5	0
7774.5	0
7775.5	0
7776.5	0
7777.5	0
7778.5	0
7779.5	0
7780.5	0
7781.5	0
7782.5	0
7783.5	0
7784.5	0
7785.5	0
7786.5	0
7787.5	0
7788.5	0
7789.5	0
7790.5	0
7791.5	0
7792.5	0
7793.5	0
7794.5	0
7795.5	0
7796.5	0
7797.5	0
7798.5	0
7799.5	0
7800.5	0
7801.5	0
7802.5	0
7803.5	0
7804.5	0
7805.5	0
7806.5	0
7807.5	0
7808.5	0
7809.5	0
7810.5	0
7811.5	0
7812.5	0
7813.5	0
7814.5	0
7815.5	0
7816.5	0
7817.5	0
7818.5	0
7819.5	0
7820.5	0
7821.5	0
7822.5	0
7823.5	0
7824.5	0
7825.5	0
7826.5	0
7827.5	0
7828.5	0
7829.5	0
7830.5	0
7831.5	0
7832.5	0
7833.5	0
7834.5	0
7835.5	0
7836.5	0
7837.5	0
7838.5	0
7839.5	0
7840.5	0
7841.5	0
7842.5	0
7843.5	0
7844.5	0
7845.5	0
7846.5	0
7847.5	0
7848.5	0
7849.5	0
7850.5	0
7851.5	0
7852.5	0
7853.5	0
7854.5	0
7855.5	0
7856.5	0
7857.5	0
7858.5	0
7859.5	0
7860.5	0
7861.5	0
7862.5	0
7863.5	0
7864.5	0
7865.5	0
7866.5	0
7867.5	0
7868.5	0
7869.5	0
7870.5	0
7871.5	0
7872.5	0
7873.5	0
7874.5	0
7875.5	0
7876.5	0
7877.5	0
7878.5	0
7879.5	0
7880.5	0
7881.5	0
7882.5	0
7883.5	0
7884.5	0
7885.5	0
7886.5	0
7887.5	0
7888.5	0
7889.5	0
7890.5	0
7891.5	0
7892.5	0
7893.5	0
7894.5	0
7895.5	0
7896.5	0
7897.5	0
7898.5	0
7899.5	0
7900.5	0
7901.5	0
7902.5	0
7903.5	0
7904.5	0
7905.5	0
7906.5	0
7907.5	0
7908.5	0
7909.5	0
7910.5	0
7911.5	0
7912.5	0
7913.5	0
7914.5	0
7915.5	0
7916.5	0
7917.5	0
7918.5	0
7919.5	0
7920.5	0
7921.5	0
7922.5	0
7923.5	0
7924.5	0
7925.5	0
7926.5	0
7927.5	0
7928.5	0
7929.5	0
7930.5	0
7931.5	0
7932.5	0
7933.5	0
7934.5	0
7935.5	0
7936.5	0
7937.5	0
7938.5	0
7939.5	0
7940.5	0
7941.5	0
7942.5	0
7943.5	0
7944.5	0
7945.5	0
7946.5	0
7947.5	0
7948.5	0
7949.5	0
7950.5	0
7951.5	0
7952.5	0
7953.5	0
7954.5	0
7955.5	0
7956.5	0
7957.5	0
7958.5	0
7959.5	0
7960.5	0
7961.5	0
7962.5	0
7963.5	0
7964.5	0
7965.5	0
7966.5	0
7967.5	0
7968.5	0
7969.5	0
7970.5	0
7971.5	0
7972.5	0
7973.5	0
7974.5	0
7975.5	0
7976.5	0
7977.5	0
7978.5	0
7979.5	0
7980.5	0
7981.5	0
7982.5	0
7983.5	0
7984.5	0
7985.5	0
7986.5	0
7987.5	0
7988.5	0
7989.5	0
7990.5	0
7991.5	0
7992.5	0
7993.5	0
7994.5	0
7995.5	0
7996.5	0
7997.5	0
7998.5	0
7999.5	0
8000.5	0
8001.5	0
8002.5	0
8003.5	0
8004.5	0
8005.5	0
8006.5	0
8007.5	0
8008.5	0
8009.5	0
8010.5	0
8011.5	0
8012.5	0
8013.5	0
8014.5	0
8015.5	0
8016.5	0
8017.5	0
8018.5	0
8019.5	0
8020.5	0
8021.5	0
8022.5	0
8023.5	0
8024.5	0
8025.5	0
8026.5	0
8027.5	0
8028.5	0
8029.5	0
8030.5	0
8031.5	0
8032.5	0
8033.5	0
8034.5	0
8035.5	0
8036.5	0
8037.5	0
8038.5	0
8039.5	0
8040.5	0
8041.5	0
8042.5	0
8043.5	0
8044.5	0
8045.5	0
8046.5	0
8047.5	0
8048.5	0
8049.5	0
8050.5	0
8051.5	0
8052.5	0
8053.5	0
8054.5	0
8055.5	0
8056.5	0
8057.5	0
8058.5	0
8059.5	0
8060.5	0
8061.5	0
8062.5	0
8063.5	0
8064.5	0
8065.5	0
8066.5	0
8067.5	0
8068.5	0
8069.5	0
8070.5	0
8071.5	0
8072.5	0
8073.5	0
8074.5	0
8075.5	0
8076.5	0
8077.5	0
8078.5	0
8079.5	0
8080.5	0
8081.5	0
8082.5	0
8083.5	0
8084.5	0
8085.5	0
8086.5	0
8087.5	0
8088.5	0
8089.5	0
8090.5	0
8091.5	0
8092.5	0
8093.5	0
8094.5	0
8095.5	0
8096.5	0
8097.5	0
8098.5	0
8099.5	0
8100.5	0
8101.5	0
8102.5	0
8103.5	0
8104.5	0
8105.5	0
8106.5	0
8107.5	0
8108.5	0
8109.5	0
8110.5	0
8111.5	0
8112.5	0
8113.5	0
8114.5	0
8115.5	0
8116.5	0
8117.5	0
8118.5	0
8119.5	0
8120.5	0
8121.5	0
8122.5	0
8123.5	0
8124.5	0
8125.5	0
8126.5	0
8127.5	0
8128.5	0
8129.5	0
8130.5	0
8131.5	0
8132.5	0
8133.5	0
8134.5	0
8135.5	0
8136.5	0
8137.5	0
8138.5	0
8139.5	0
8140.5	0
8141.5	0
8142.5	0
8143.5	0
8144.5	0
8145.5	0
8146.5	0
8147.5	0
8148.5	0
8149.5	0
8150.5	0
8151.5	0
8152.5	0
8153.5	0
8154.5	0
8155.5	0
8156.5	0
8157.5	0
8158.5	0
8159.5	0
8160.5	0
8161.5	0
8162.5	0
8163.5	0
8164.5	0
8165.5	0
8166.5	0
8167.5	0
8168.5	0
8169.5	0
8170.5	0
8171.5	0
8172.5	0
8173.5	0
8174.5	0
8175.5	0
8176.5	0
8177.5	0
8178.5	0
8179.5	0
8180.5	0
8181.5	0
8182.5	0
8183.5	0
8184.5	0
8185.5	0
8186.5	0
8187.5	0
8188.5	0
8189.5	0
8190.5	0
8191.5	0
