0.5	216
1.5	88
2.5	19
3.5	2
4.5	2
5.5	0
6.5	2
7.5	1
8.5	3
9.5	0
10.5	2
11.5	0
12.5	0
13.5	0
14.5	0
15.5	1
16.5	3
17.5	1
18.5	1
19.5	4
20.5	2
21.5	1
22.5	1
23.5	2
24.5	4
25.5	1
26.5	2
27.5	2
28.5	0
29.5	1
30.5	3
31.5	0
32.5	1
33.5	3
34.5	5
35.5	3
36.5	3
37.5	3
38.5	3
39.5	2
40.5	3
41.5	3
42.5	4
43.5	3
44.5	2
45.5	3
46.5	6
47.5	5
48.5	1
49.5	1
50.5	2
51.5	1
52.5	2
53.5	7
54.5	1
55.5	4
56.5	6
57.5	2
58.5	5
59.5	6
60.5	7
61.5	3
62.5	10
63.5	3
64.5	4
65.5	8
66.5	3
67.5	3
68.5	5
69.5	4
70.5	6
71.5	5
72.5	5
73.5	4
74.5	7
75.5	7
76.5	4
77.5	5
78.5	2
79.5	7
80.5	7
81.5	1
82.5	4
83.5	1
84.5	5
85.5	1
86.5	9
87.5	8
88.5	4
89.5	6
90.5	2
91.5	4
92.5	6
93.5	5
94.5	4
95.5	3
96.5	5
97.5	10
98.5	6
99.5	10
100.5	16
101.5	16
102.5	17
103.5	33
104.5	41
105.5	38
106.5	68
107.5	96
108.5	109
109.5	132
110.5	204
111.5	221
112.5	244
113.5	326
114.5	408
115.5	470
116.5	601
117.5	691
118.5	784
119.5	881
120.5	1032
121.5	1252
122.5	1437
123.5	1739
124.5	2034
125.5	2530
126.5	3170
127.5	4180
128.5	5541
129.5	7322
130.5	9901
131.5	12457
132.5	15003
133.5	17336
134.5	18675
135.5	19060
136.5	18296
137.5	16168
138.5	13802
139.5	11154
140.5	8344
141.5	6291
142.5	4647
143.5	3623
144.5	2836
145.5	2513
146.5	2359
147.5	2227
148.5	2192
149.5	2220
150.5	2226
151.5	2205
152.5	2353
153.5	2375
154.5	2511
155.5	2733
156.5	3121
157.5	3283
158.5	3803
159.5	4420
160.5	4861
161.5	5518
162.5	5959
163.5	6169
164.5	6247
165.5	5871
166.5	5418
167.5	4804
168.5	4166
169.5	3619
170.5	2890
171.5	2478
172.5	2141
173.5	1963
174.5	1722
175.5	1669
176.5	1628
177.5	1560
178.5	1536
179.5	1466
180.5	1547
181.5	1468
182.5	1549
183.5	1545
184.5	1462
185.5	1433
186.5	1485
187.5	1473
188.5	1458
189.5	1517
190.5	1475
191.5	1343
192.5	1399
193.5	1458
194.5	1478
195.5	1436
196.5	1413
197.5	1511
198.5	1425
199.5	1461
200.5	1350
201.5	1340
202.5	1393
203.5	1358
204.5	1354
205.5	1334
206.5	1250
207.5	1343
208.5	1325
209.5	1264
210.5	1308
211.5	1308
212.5	1307
213.5	1248
214.5	1231
215.5	1308
216.5	1308
217.5	1244
218.5	1297
219.5	1315
220.5	1304
221.5	1296
222.5	1268
223.5	1279
224.5	1327
225.5	1279
226.5	1260
227.5	1233
228.5	1186
229.5	1195
230.5	1131
231.5	1130
232.5	1097
233.5	1088
234.5	1035
235.5	1012
236.5	1045
237.5	1039
238.5	1020
239.5	966
240.5	1023
241.5	1007
242.5	940
243.5	1048
244.5	893
245.5	969
246.5	987
247.5	997
248.5	917
249.5	984
250.5	953
251.5	955
252.5	960
253.5	926
254.5	947
255.5	874
256.5	934
257.5	988
258.5	898
259.5	912
260.5	937
261.5	948
262.5	945
263.5	891
264.5	936
265.5	908
266.5	887
267.5	941
268.5	849
269.5	871
270.5	897
271.5	866
272.5	919
273.5	853
274.5	886
275.5	920
276.5	896
277.5	876
278.5	854
279.5	823
280.5	788
281.5	781
282.5	843
283.5	859
284.5	802
285.5	857
286.5	849
287.5	938
288.5	1023
289.5	1227
290.5	1385
291.5	1612
292.5	1782
293.5	2150
294.5	2344
295.5	2724
296.5	3083
297.5	3512
298.5	3644
299.5	3896
300.5	4045
301.5	3986
302.5	3827
303.5	3488
304.5	3281
305.5	2967
306.5	2567
307.5	2191
308.5	1883
309.5	1584
310.5	1322
311.5	1110
312.5	883
313.5	764
314.5	678
315.5	598
316.5	546
317.5	492
318.5	574
319.5	527
320.5	503
321.5	477
322.5	459
323.5	478
324.5	482
325.5	454
326.5	447
327.5	462
328.5	505
329.5	455
330.5	472
331.5	412
332.5	431
333.5	438
334.5	461
335.5	463
336.5	444
337.5	448
338.5	463
339.5	444
340.5	410
341.5	388
342.5	411
343.5	442
344.5	421
345.5	389
346.5	412
347.5	406
348.5	408
349.5	450
350.5	385
351.5	415
352.5	412
353.5	414
354.5	401
355.5	372
356.5	373
357.5	410
358.5	377
359.5	378
360.5	351
361.5	374
362.5	362
363.5	420
364.5	421
365.5	416
366.5	377
367.5	434
368.5	444
369.5	426
370.5	459
371.5	434
372.5	480
373.5	464
374.5	552
375.5	502
376.5	528
377.5	515
378.5	562
379.5	520
380.5	512
381.5	496
382.5	441
383.5	430
384.5	449
385.5	409
386.5	415
387.5	363
388.5	352
389.5	310
390.5	312
391.5	357
392.5	295
393.5	302
394.5	299
395.5	304
396.5	305
397.5	312
398.5	300
399.5	324
400.5	305
401.5	293
402.5	320
403.5	298
404.5	320
405.5	285
406.5	335
407.5	339
408.5	311
409.5	318
410.5	304
411.5	304
412.5	291
413.5	312
414.5	317
415.5	290
416.5	299
417.5	322
418.5	315
419.5	306
420.5	271
421.5	299
422.5	276
423.5	274
424.5	258
425.5	262
426.5	269
427.5	260
428.5	276
429.5	272
430.5	266
431.5	264
432.5	276
433.5	251
434.5	274
435.5	278
436.5	268
437.5	264
438.5	258
439.5	261
440.5	279
441.5	241
442.5	254
443.5	263
444.5	274
445.5	248
446.5	269
447.5	261
448.5	262
449.5	242
450.5	245
451.5	251
452.5	230
453.5	241
454.5	217
455.5	238
456.5	242
457.5	241
458.5	238
459.5	254
460.5	231
461.5	256
462.5	240
463.5	249
464.5	259
465.5	235
466.5	271
467.5	245
468.5	263
469.5	274
470.5	268
471.5	257
472.5	251
473.5	265
474.5	248
475.5	256
476.5	280
477.5	283
478.5	278
479.5	248
480.5	260
481.5	261
482.5	270
483.5	258
484.5	236
485.5	257
486.5	217
487.5	225
488.5	235
489.5	238
490.5	276
491.5	233
492.5	262
493.5	279
494.5	287
495.5	289
496.5	346
497.5	340
498.5	370
499.5	398
500.5	435
501.5	499
502.5	522
503.5	584
504.5	623
505.5	665
506.5	688
507.5	754
508.5	762
509.5	829
510.5	840
511.5	739
512.5	784
513.5	771
514.5	706
515.5	665
516.5	663
517.5	550
518.5	543
519.5	510
520.5	475
521.5	422
522.5	380
523.5	327
524.5	353
525.5	271
526.5	263
527.5	262
528.5	238
529.5	274
530.5	241
531.5	225
532.5	217
533.5	240
534.5	232
535.5	228
536.5	211
537.5	243
538.5	227
539.5	198
540.5	200
541.5	210
542.5	199
543.5	231
544.5	222
545.5	192
546.5	201
547.5	196
548.5	204
549.5	223
550.5	216
551.5	235
552.5	197
553.5	190
554.5	208
555.5	201
556.5	187
557.5	188
558.5	229
559.5	209
560.5	190
561.5	212
562.5	209
563.5	196
564.5	200
565.5	239
566.5	211
567.5	210
568.5	216
569.5	198
570.5	208
571.5	229
572.5	203
573.5	192
574.5	230
575.5	199
576.5	199
577.5	214
578.5	200
579.5	207
580.5	194
581.5	211
582.5	217
583.5	180
584.5	202
585.5	194
586.5	226
587.5	194
588.5	181
589.5	236
590.5	189
591.5	218
592.5	185
593.5	199
594.5	203
595.5	175
596.5	206
597.5	190
598.5	207
599.5	202
600.5	190
601.5	220
602.5	206
603.5	191
604.5	214
605.5	182
606.5	167
607.5	249
608.5	196
609.5	203
610.5	188
611.5	198
612.5	194
613.5	227
614.5	207
615.5	192
616.5	197
617.5	226
618.5	192
619.5	181
620.5	214
621.5	189
622.5	197
623.5	200
624.5	182
625.5	172
626.5	173
627.5	198
628.5	198
629.5	185
630.5	197
631.5	199
632.5	203
633.5	191
634.5	165
635.5	183
636.5	184
637.5	152
638.5	175
639.5	160
640.5	176
641.5	166
642.5	178
643.5	170
644.5	175
645.5	173
646.5	167
647.5	168
648.5	185
649.5	156
650.5	169
651.5	165
652.5	162
653.5	140
654.5	165
655.5	149
656.5	163
657.5	154
658.5	142
659.5	159
660.5	167
661.5	142
662.5	130
663.5	125
664.5	158
665.5	157
666.5	149
667.5	176
668.5	146
669.5	164
670.5	132
671.5	133
672.5	139
673.5	135
674.5	130
675.5	135
676.5	140
677.5	137
678.5	126
679.5	127
680.5	131
681.5	126
682.5	109
683.5	102
684.5	121
685.5	115
686.5	138
687.5	118
688.5	131
689.5	143
690.5	132
691.5	107
692.5	125
693.5	120
694.5	119
695.5	112
696.5	132
697.5	123
698.5	112
699.5	121
700.5	129
701.5	136
702.5	131
703.5	123
704.5	122
705.5	122
706.5	111
707.5	134
708.5	98
709.5	93
710.5	115
711.5	115
712.5	110
713.5	114
714.5	116
715.5	103
716.5	116
717.5	120
718.5	122
719.5	117
720.5	109
721.5	113
722.5	114
723.5	106
724.5	114
725.5	100
726.5	100
727.5	102
728.5	106
729.5	119
730.5	95
731.5	102
732.5	140
733.5	111
734.5	110
735.5	112
736.5	114
737.5	117
738.5	117
739.5	109
740.5	102
741.5	91
742.5	101
743.5	120
744.5	112
745.5	109
746.5	102
747.5	100
748.5	100
749.5	138
750.5	122
751.5	97
752.5	131
753.5	131
754.5	114
755.5	99
756.5	104
757.5	121
758.5	103
759.5	149
760.5	93
761.5	118
762.5	137
763.5	126
764.5	118
765.5	105
766.5	123
767.5	119
768.5	110
769.5	114
770.5	112
771.5	121
772.5	116
773.5	123
774.5	124
775.5	102
776.5	117
777.5	108
778.5	126
779.5	112
780.5	147
781.5	123
782.5	113
783.5	120
784.5	122
785.5	129
786.5	142
787.5	130
788.5	121
789.5	125
790.5	111
791.5	101
792.5	103
793.5	108
794.5	110
795.5	105
796.5	122
797.5	93
798.5	97
799.5	102
800.5	98
801.5	100
802.5	96
803.5	100
804.5	118
805.5	88
806.5	96
807.5	98
808.5	91
809.5	99
810.5	82
811.5	107
812.5	102
813.5	82
814.5	89
815.5	94
816.5	98
817.5	113
818.5	111
819.5	142
820.5	147
821.5	150
822.5	153
823.5	182
824.5	201
825.5	211
826.5	237
827.5	278
828.5	319
829.5	350
830.5	396
831.5	467
832.5	491
833.5	550
834.5	657
835.5	657
836.5	796
837.5	823
838.5	880
839.5	959
840.5	986
841.5	1019
842.5	1077
843.5	1048
844.5	1169
845.5	1182
846.5	1065
847.5	1082
848.5	1058
849.5	997
850.5	1012
851.5	978
852.5	876
853.5	847
854.5	753
855.5	747
856.5	580
857.5	539
858.5	476
859.5	453
860.5	377
861.5	334
862.5	295
863.5	232
864.5	213
865.5	206
866.5	171
867.5	139
868.5	144
869.5	124
870.5	112
871.5	102
872.5	94
873.5	98
874.5	88
875.5	94
876.5	96
877.5	82
878.5	108
879.5	102
880.5	125
881.5	130
882.5	143
883.5	123
884.5	116
885.5	101
886.5	107
887.5	119
888.5	120
889.5	109
890.5	123
891.5	105
892.5	106
893.5	127
894.5	109
895.5	119
896.5	107
897.5	101
898.5	101
899.5	90
900.5	103
901.5	88
902.5	95
903.5	83
904.5	86
905.5	81
906.5	77
907.5	71
908.5	78
909.5	75
910.5	89
911.5	81
912.5	81
913.5	73
914.5	92
915.5	69
916.5	74
917.5	72
918.5	85
919.5	80
920.5	92
921.5	99
922.5	89
923.5	81
924.5	78
925.5	87
926.5	90
927.5	94
928.5	98
929.5	111
930.5	100
931.5	74
932.5	101
933.5	84
934.5	85
935.5	69
936.5	77
937.5	70
938.5	90
939.5	59
940.5	75
941.5	76
942.5	60
943.5	59
944.5	82
945.5	70
946.5	66
947.5	71
948.5	66
949.5	58
950.5	64
951.5	68
952.5	62
953.5	58
954.5	77
955.5	77
956.5	77
957.5	96
958.5	96
959.5	121
960.5	108
961.5	120
962.5	113
963.5	160
964.5	143
965.5	177
966.5	210
967.5	194
968.5	229
969.5	219
970.5	261
971.5	273
972.5	323
973.5	349
974.5	374
975.5	330
976.5	403
977.5	399
978.5	407
979.5	399
980.5	424
981.5	411
982.5	407
983.5	378
984.5	312
985.5	376
986.5	376
987.5	324
988.5	318
989.5	325
990.5	282
991.5	233
992.5	266
993.5	203
994.5	179
995.5	173
996.5	152
997.5	130
998.5	141
999.5	111
1000.5	123
1001.5	106
1002.5	84
1003.5	96
1004.5	104
1005.5	72
1006.5	86
1007.5	82
1008.5	79
1009.5	92
1010.5	90
1011.5	81
1012.5	78
1013.5	99
1014.5	97
1015.5	71
1016.5	96
1017.5	70
1018.5	84
1019.5	74
1020.5	83
1021.5	64
1022.5	73
1023.5	68
1024.5	81
1025.5	60
1026.5	59
1027.5	67
1028.5	50
1029.5	46
1030.5	59
1031.5	60
1032.5	52
1033.5	51
1034.5	45
1035.5	42
1036.5	44
1037.5	39
1038.5	51
1039.5	52
1040.5	53
1041.5	51
1042.5	42
1043.5	50
1044.5	45
1045.5	54
1046.5	44
1047.5	57
1048.5	36
1049.5	56
1050.5	32
1051.5	34
1052.5	36
1053.5	41
1054.5	29
1055.5	35
1056.5	45
1057.5	45
1058.5	40
1059.5	35
1060.5	45
1061.5	47
1062.5	41
1063.5	50
1064.5	28
1065.5	40
1066.5	36
1067.5	31
1068.5	49
1069.5	34
1070.5	54
1071.5	43
1072.5	45
1073.5	32
1074.5	44
1075.5	45
1076.5	40
1077.5	55
1078.5	57
1079.5	43
1080.5	35
1081.5	32
1082.5	37
1083.5	49
1084.5	49
1085.5	39
1086.5	37
1087.5	44
1088.5	29
1089.5	43
1090.5	47
1091.5	41
1092.5	32
1093.5	34
1094.5	39
1095.5	39
1096.5	39
1097.5	41
1098.5	33
1099.5	56
1100.5	42
1101.5	49
1102.5	45
1103.5	39
1104.5	47
1105.5	35
1106.5	35
1107.5	36
1108.5	33
1109.5	42
1110.5	51
1111.5	49
1112.5	52
1113.5	41
1114.5	38
1115.5	39
1116.5	42
1117.5	48
1118.5	44
1119.5	38
1120.5	41
1121.5	45
1122.5	40
1123.5	35
1124.5	20
1125.5	57
1126.5	49
1127.5	37
1128.5	46
1129.5	35
1130.5	32
1131.5	34
1132.5	41
1133.5	32
1134.5	42
1135.5	53
1136.5	34
1137.5	54
1138.5	53
1139.5	51
1140.5	46
1141.5	44
1142.5	54
1143.5	42
1144.5	30
1145.5	49
1146.5	56
1147.5	45
1148.5	52
1149.5	44
1150.5	57
1151.5	43
1152.5	35
1153.5	46
1154.5	52
1155.5	42
1156.5	37
1157.5	30
1158.5	41
1159.5	46
1160.5	43
1161.5	40
1162.5	43
1163.5	36
1164.5	38
1165.5	49
1166.5	37
1167.5	34
1168.5	29
1169.5	33
1170.5	32
1171.5	35
1172.5	40
1173.5	42
1174.5	34
1175.5	29
1176.5	48
1177.5	40
1178.5	38
1179.5	35
1180.5	25
1181.5	36
1182.5	43
1183.5	31
1184.5	34
1185.5	37
1186.5	38
1187.5	39
1188.5	40
1189.5	39
1190.5	38
1191.5	23
1192.5	40
1193.5	31
1194.5	29
1195.5	32
1196.5	42
1197.5	36
1198.5	40
1199.5	37
1200.5	35
1201.5	37
1202.5	27
1203.5	38
1204.5	38
1205.5	35
1206.5	29
1207.5	23
1208.5	39
1209.5	29
1210.5	41
1211.5	44
1212.5	33
1213.5	41
1214.5	42
1215.5	28
1216.5	37
1217.5	47
1218.5	33
1219.5	29
1220.5	31
1221.5	44
1222.5	41
1223.5	34
1224.5	34
1225.5	33
1226.5	38
1227.5	41
1228.5	34
1229.5	37
1230.5	29
1231.5	31
1232.5	37
1233.5	34
1234.5	33
1235.5	41
1236.5	30
1237.5	27
1238.5	40
1239.5	25
1240.5	39
1241.5	39
1242.5	33
1243.5	34
1244.5	41
1245.5	28
1246.5	33
1247.5	21
1248.5	29
1249.5	41
1250.5	31
1251.5	40
1252.5	32
1253.5	22
1254.5	34
1255.5	24
1256.5	26
1257.5	37
1258.5	26
1259.5	33
1260.5	32
1261.5	40
1262.5	31
1263.5	39
1264.5	30
1265.5	37
1266.5	31
1267.5	41
1268.5	35
1269.5	21
1270.5	35
1271.5	33
1272.5	39
1273.5	33
1274.5	31
1275.5	31
1276.5	44
1277.5	38
1278.5	29
1279.5	29
1280.5	37
1281.5	40
1282.5	30
1283.5	23
1284.5	41
1285.5	25
1286.5	36
1287.5	37
1288.5	47
1289.5	38
1290.5	29
1291.5	37
1292.5	35
1293.5	34
1294.5	25
1295.5	39
1296.5	33
1297.5	31
1298.5	36
1299.5	35
1300.5	39
1301.5	31
1302.5	28
1303.5	47
1304.5	42
1305.5	38
1306.5	35
1307.5	36
1308.5	47
1309.5	31
1310.5	37
1311.5	28
1312.5	33
1313.5	38
1314.5	45
1315.5	40
1316.5	41
1317.5	28
1318.5	37
1319.5	35
1320.5	34
1321.5	30
1322.5	31
1323.5	22
1324.5	32
1325.5	32
1326.5	32
1327.5	25
1328.5	28
1329.5	35
1330.5	28
1331.5	30
1332.5	34
1333.5	24
1334.5	24
1335.5	28
1336.5	24
1337.5	31
1338.5	37
1339.5	31
1340.5	29
1341.5	32
1342.5	24
1343.5	35
1344.5	34
1345.5	36
1346.5	34
1347.5	34
1348.5	40
1349.5	41
1350.5	43
1351.5	48
1352.5	41
1353.5	45
1354.5	34
1355.5	45
1356.5	42
1357.5	42
1358.5	35
1359.5	49
1360.5	51
1361.5	50
1362.5	46
1363.5	52
1364.5	46
1365.5	51
1366.5	46
1367.5	40
1368.5	60
1369.5	46
1370.5	39
1371.5	50
1372.5	33
1373.5	33
1374.5	45
1375.5	47
1376.5	47
1377.5	33
1378.5	37
1379.5	31
1380.5	45
1381.5	35
1382.5	47
1383.5	28
1384.5	37
1385.5	37
1386.5	37
1387.5	40
1388.5	33
1389.5	35
1390.5	33
1391.5	37
1392.5	37
1393.5	34
1394.5	42
1395.5	29
1396.5	34
1397.5	40
1398.5	43
1399.5	43
1400.5	52
1401.5	54
1402.5	46
1403.5	54
1404.5	63
1405.5	64
1406.5	46
1407.5	64
1408.5	73
1409.5	65
1410.5	74
1411.5	72
1412.5	77
1413.5	71
1414.5	78
1415.5	80
1416.5	96
1417.5	80
1418.5	82
1419.5	89
1420.5	73
1421.5	97
1422.5	84
1423.5	87
1424.5	94
1425.5	76
1426.5	81
1427.5	77
1428.5	83
1429.5	88
1430.5	77
1431.5	78
1432.5	79
1433.5	76
1434.5	71
1435.5	79
1436.5	74
1437.5	67
1438.5	87
1439.5	69
1440.5	67
1441.5	66
1442.5	60
1443.5	74
1444.5	61
1445.5	73
1446.5	53
1447.5	67
1448.5	69
1449.5	69
1450.5	80
1451.5	67
1452.5	63
1453.5	65
1454.5	62
1455.5	57
1456.5	67
1457.5	72
1458.5	45
1459.5	52
1460.5	50
1461.5	55
1462.5	59
1463.5	43
1464.5	43
1465.5	50
1466.5	41
1467.5	60
1468.5	35
1469.5	33
1470.5	35
1471.5	41
1472.5	35
1473.5	30
1474.5	33
1475.5	33
1476.5	30
1477.5	28
1478.5	25
1479.5	18
1480.5	29
1481.5	30
1482.5	26
1483.5	24
1484.5	26
1485.5	21
1486.5	25
1487.5	24
1488.5	22
1489.5	21
1490.5	31
1491.5	30
1492.5	18
1493.5	25
1494.5	24
1495.5	22
1496.5	23
1497.5	22
1498.5	22
1499.5	24
1500.5	28
1501.5	26
1502.5	23
1503.5	23
1504.5	26
1505.5	30
1506.5	23
1507.5	17
1508.5	29
1509.5	16
1510.5	22
1511.5	19
1512.5	18
1513.5	18
1514.5	23
1515.5	17
1516.5	26
1517.5	17
1518.5	19
1519.5	19
1520.5	24
1521.5	19
1522.5	13
1523.5	24
1524.5	16
1525.5	20
1526.5	13
1527.5	23
1528.5	21
1529.5	28
1530.5	18
1531.5	22
1532.5	18
1533.5	26
1534.5	14
1535.5	16
1536.5	8
1537.5	15
1538.5	19
1539.5	21
1540.5	20
1541.5	12
1542.5	18
1543.5	20
1544.5	27
1545.5	16
1546.5	24
1547.5	19
1548.5	15
1549.5	14
1550.5	14
1551.5	15
1552.5	16
1553.5	21
1554.5	20
1555.5	15
1556.5	18
1557.5	18
1558.5	22
1559.5	21
1560.5	13
1561.5	21
1562.5	19
1563.5	14
1564.5	14
1565.5	20
1566.5	17
1567.5	15
1568.5	16
1569.5	13
1570.5	15
1571.5	19
1572.5	19
1573.5	20
1574.5	11
1575.5	21
1576.5	14
1577.5	14
1578.5	18
1579.5	26
1580.5	12
1581.5	20
1582.5	18
1583.5	15
1584.5	22
1585.5	15
1586.5	17
1587.5	13
1588.5	28
1589.5	15
1590.5	16
1591.5	20
1592.5	18
1593.5	8
1594.5	10
1595.5	11
1596.5	22
1597.5	17
1598.5	24
1599.5	19
1600.5	17
1601.5	21
1602.5	20
1603.5	19
1604.5	25
1605.5	18
1606.5	17
1607.5	19
1608.5	21
1609.5	14
1610.5	22
1611.5	18
1612.5	15
1613.5	18
1614.5	19
1615.5	17
1616.5	21
1617.5	15
1618.5	23
1619.5	23
1620.5	18
1621.5	11
1622.5	16
1623.5	16
1624.5	13
1625.5	17
1626.5	20
1627.5	23
1628.5	10
1629.5	19
1630.5	22
1631.5	16
1632.5	19
1633.5	22
1634.5	19
1635.5	8
1636.5	17
1637.5	14
1638.5	7
1639.5	21
1640.5	13
1641.5	10
1642.5	15
1643.5	11
1644.5	10
1645.5	15
1646.5	12
1647.5	17
1648.5	13
1649.5	14
1650.5	17
1651.5	16
1652.5	12
1653.5	12
1654.5	17
1655.5	8
1656.5	12
1657.5	10
1658.5	10
1659.5	14
1660.5	15
1661.5	10
1662.5	15
1663.5	13
1664.5	13
1665.5	15
1666.5	9
1667.5	4
1668.5	11
1669.5	19
1670.5	10
1671.5	11
1672.5	10
1673.5	14
1674.5	13
1675.5	10
1676.5	24
1677.5	11
1678.5	8
1679.5	14
1680.5	21
1681.5	16
1682.5	19
1683.5	15
1684.5	13
1685.5	19
1686.5	16
1687.5	13
1688.5	12
1689.5	15
1690.5	14
1691.5	8
1692.5	15
1693.5	10
1694.5	19
1695.5	16
1696.5	15
1697.5	12
1698.5	15
1699.5	16
1700.5	10
1701.5	15
1702.5	16
1703.5	17
1704.5	21
1705.5	10
1706.5	6
1707.5	11
1708.5	17
1709.5	23
1710.5	19
1711.5	11
1712.5	17
1713.5	15
1714.5	15
1715.5	20
1716.5	15
1717.5	17
1718.5	11
1719.5	18
1720.5	22
1721.5	24
1722.5	18
1723.5	15
1724.5	23
1725.5	26
1726.5	15
1727.5	24
1728.5	16
1729.5	15
1730.5	20
1731.5	30
1732.5	21
1733.5	21
1734.5	25
1735.5	29
1736.5	25
1737.5	28
1738.5	30
1739.5	32
1740.5	29
1741.5	30
1742.5	29
1743.5	36
1744.5	25
1745.5	28
1746.5	40
1747.5	29
1748.5	45
1749.5	26
1750.5	32
1751.5	39
1752.5	39
1753.5	29
1754.5	30
1755.5	35
1756.5	29
1757.5	34
1758.5	22
1759.5	39
1760.5	25
1761.5	32
1762.5	25
1763.5	37
1764.5	25
1765.5	27
1766.5	25
1767.5	25
1768.5	26
1769.5	21
1770.5	34
1771.5	20
1772.5	23
1773.5	13
1774.5	17
1775.5	17
1776.5	14
1777.5	24
1778.5	17
1779.5	11
1780.5	15
1781.5	10
1782.5	13
1783.5	24
1784.5	12
1785.5	23
1786.5	17
1787.5	13
1788.5	10
1789.5	7
1790.5	16
1791.5	13
1792.5	17
1793.5	17
1794.5	19
1795.5	19
1796.5	14
1797.5	19
1798.5	14
1799.5	11
1800.5	21
1801.5	13
1802.5	5
1803.5	22
1804.5	10
1805.5	12
1806.5	17
1807.5	12
1808.5	13
1809.5	10
1810.5	6
1811.5	14
1812.5	11
1813.5	18
1814.5	25
1815.5	15
1816.5	12
1817.5	9
1818.5	24
1819.5	16
1820.5	10
1821.5	13
1822.5	13
1823.5	12
1824.5	10
1825.5	14
1826.5	12
1827.5	14
1828.5	10
1829.5	8
1830.5	14
1831.5	13
1832.5	12
1833.5	9
1834.5	15
1835.5	18
1836.5	18
1837.5	8
1838.5	6
1839.5	14
1840.5	11
1841.5	16
1842.5	7
1843.5	14
1844.5	17
1845.5	11
1846.5	18
1847.5	14
1848.5	9
1849.5	15
1850.5	18
1851.5	21
1852.5	12
1853.5	10
1854.5	16
1855.5	9
1856.5	7
1857.5	15
1858.5	19
1859.5	11
1860.5	14
1861.5	17
1862.5	23
1863.5	13
1864.5	14
1865.5	18
1866.5	15
1867.5	16
1868.5	13
1869.5	16
1870.5	22
1871.5	17
1872.5	17
1873.5	21
1874.5	15
1875.5	19
1876.5	14
1877.5	20
1878.5	15
1879.5	18
1880.5	13
1881.5	16
1882.5	20
1883.5	17
1884.5	10
1885.5	12
1886.5	19
1887.5	16
1888.5	13
1889.5	22
1890.5	10
1891.5	14
1892.5	13
1893.5	16
1894.5	12
1895.5	18
1896.5	19
1897.5	11
1898.5	7
1899.5	13
1900.5	20
1901.5	12
1902.5	15
1903.5	18
1904.5	15
1905.5	13
1906.5	11
1907.5	14
1908.5	18
1909.5	11
1910.5	15
1911.5	16
1912.5	14
1913.5	12
1914.5	19
1915.5	9
1916.5	17
1917.5	16
1918.5	5
1919.5	6
1920.5	18
1921.5	13
1922.5	15
1923.5	15
1924.5	17
1925.5	15
1926.5	12
1927.5	8
1928.5	18
1929.5	14
1930.5	24
1931.5	16
1932.5	13
1933.5	11
1934.5	9
1935.5	10
1936.5	11
1937.5	14
1938.5	17
1939.5	21
1940.5	18
1941.5	15
1942.5	17
1943.5	22
1944.5	13
1945.5	23
1946.5	13
1947.5	19
1948.5	13
1949.5	16
1950.5	10
1951.5	17
1952.5	15
1953.5	11
1954.5	19
1955.5	10
1956.5	13
1957.5	19
1958.5	19
1959.5	12
1960.5	18
1961.5	11
1962.5	22
1963.5	13
1964.5	17
1965.5	11
1966.5	11
1967.5	16
1968.5	19
1969.5	16
1970.5	13
1971.5	13
1972.5	12
1973.5	8
1974.5	16
1975.5	17
1976.5	13
1977.5	15
1978.5	21
1979.5	11
1980.5	18
1981.5	17
1982.5	9
1983.5	9
1984.5	15
1985.5	19
1986.5	10
1987.5	16
1988.5	19
1989.5	15
1990.5	15
1991.5	19
1992.5	13
1993.5	12
1994.5	17
1995.5	17
1996.5	12
1997.5	13
1998.5	10
1999.5	18
2000.5	16
2001.5	12
2002.5	12
2003.5	9
2004.5	17
2005.5	16
2006.5	18
2007.5	11
2008.5	18
2009.5	20
2010.5	16
2011.5	20
2012.5	14
2013.5	7
2014.5	9
2015.5	11
2016.5	9
2017.5	14
2018.5	10
2019.5	15
2020.5	17
2021.5	18
2022.5	9
2023.5	15
2024.5	17
2025.5	13
2026.5	14
2027.5	11
2028.5	14
2029.5	16
2030.5	9
2031.5	13
2032.5	15
2033.5	19
2034.5	9
2035.5	18
2036.5	12
2037.5	9
2038.5	14
2039.5	17
2040.5	15
2041.5	10
2042.5	17
2043.5	19
2044.5	18
2045.5	11
2046.5	17
2047.5	11
2048.5	7
2049.5	16
2050.5	9
2051.5	15
2052.5	17
2053.5	14
2054.5	12
2055.5	13
2056.5	8
2057.5	9
2058.5	18
2059.5	14
2060.5	13
2061.5	10
2062.5	19
2063.5	15
2064.5	15
2065.5	13
2066.5	14
2067.5	10
2068.5	19
2069.5	8
2070.5	13
2071.5	16
2072.5	19
2073.5	12
2074.5	6
2075.5	7
2076.5	12
2077.5	23
2078.5	15
2079.5	14
2080.5	13
2081.5	15
2082.5	12
2083.5	19
2084.5	13
2085.5	15
2086.5	14
2087.5	9
2088.5	19
2089.5	7
2090.5	20
2091.5	10
2092.5	10
2093.5	11
2094.5	15
2095.5	19
2096.5	14
2097.5	16
2098.5	17
2099.5	12
2100.5	14
2101.5	17
2102.5	15
2103.5	12
2104.5	17
2105.5	18
2106.5	12
2107.5	11
2108.5	11
2109.5	15
2110.5	10
2111.5	15
2112.5	13
2113.5	15
2114.5	24
2115.5	11
2116.5	8
2117.5	12
2118.5	13
2119.5	9
2120.5	16
2121.5	13
2122.5	13
2123.5	13
2124.5	15
2125.5	11
2126.5	16
2127.5	9
2128.5	12
2129.5	12
2130.5	16
2131.5	8
2132.5	14
2133.5	10
2134.5	11
2135.5	16
2136.5	16
2137.5	15
2138.5	16
2139.5	10
2140.5	13
2141.5	18
2142.5	8
2143.5	13
2144.5	15
2145.5	14
2146.5	6
2147.5	14
2148.5	16
2149.5	15
2150.5	14
2151.5	17
2152.5	10
2153.5	20
2154.5	19
2155.5	9
2156.5	16
2157.5	14
2158.5	10
2159.5	13
2160.5	15
2161.5	11
2162.5	16
2163.5	18
2164.5	21
2165.5	13
2166.5	15
2167.5	13
2168.5	11
2169.5	15
2170.5	16
2171.5	15
2172.5	15
2173.5	14
2174.5	9
2175.5	14
2176.5	9
2177.5	28
2178.5	21
2179.5	20
2180.5	20
2181.5	16
2182.5	11
2183.5	15
2184.5	10
2185.5	14
2186.5	12
2187.5	18
2188.5	13
2189.5	11
2190.5	12
2191.5	16
2192.5	14
2193.5	16
2194.5	16
2195.5	12
2196.5	13
2197.5	13
2198.5	16
2199.5	13
2200.5	13
2201.5	19
2202.5	22
2203.5	12
2204.5	15
2205.5	14
2206.5	12
2207.5	20
2208.5	16
2209.5	13
2210.5	13
2211.5	11
2212.5	20
2213.5	10
2214.5	22
2215.5	14
2216.5	13
2217.5	14
2218.5	6
2219.5	13
2220.5	15
2221.5	17
2222.5	16
2223.5	17
2224.5	15
2225.5	14
2226.5	13
2227.5	13
2228.5	18
2229.5	10
2230.5	19
2231.5	16
2232.5	19
2233.5	14
2234.5	13
2235.5	14
2236.5	11
2237.5	17
2238.5	17
2239.5	21
2240.5	18
2241.5	13
2242.5	15
2243.5	15
2244.5	12
2245.5	18
2246.5	17
2247.5	23
2248.5	21
2249.5	14
2250.5	19
2251.5	14
2252.5	17
2253.5	24
2254.5	13
2255.5	20
2256.5	14
2257.5	19
2258.5	22
2259.5	9
2260.5	15
2261.5	15
2262.5	18
2263.5	19
2264.5	16
2265.5	11
2266.5	10
2267.5	11
2268.5	18
2269.5	10
2270.5	16
2271.5	8
2272.5	12
2273.5	9
2274.5	9
2275.5	25
2276.5	13
2277.5	20
2278.5	12
2279.5	22
2280.5	11
2281.5	17
2282.5	16
2283.5	12
2284.5	16
2285.5	15
2286.5	12
2287.5	6
2288.5	18
2289.5	12
2290.5	19
2291.5	10
2292.5	9
2293.5	9
2294.5	15
2295.5	13
2296.5	13
2297.5	11
2298.5	8
2299.5	19
2300.5	15
2301.5	15
2302.5	11
2303.5	14
2304.5	17
2305.5	12
2306.5	11
2307.5	11
2308.5	13
2309.5	9
2310.5	6
2311.5	15
2312.5	4
2313.5	14
2314.5	15
2315.5	15
2316.5	12
2317.5	5
2318.5	12
2319.5	13
2320.5	6
2321.5	6
2322.5	12
2323.5	6
2324.5	9
2325.5	17
2326.5	13
2327.5	8
2328.5	11
2329.5	6
2330.5	6
2331.5	8
2332.5	10
2333.5	17
2334.5	9
2335.5	20
2336.5	6
2337.5	9
2338.5	16
2339.5	16
2340.5	12
2341.5	9
2342.5	5
2343.5	14
2344.5	11
2345.5	11
2346.5	5
2347.5	17
2348.5	10
2349.5	16
2350.5	8
2351.5	12
2352.5	12
2353.5	12
2354.5	10
2355.5	15
2356.5	12
2357.5	16
2358.5	6
2359.5	16
2360.5	10
2361.5	14
2362.5	8
2363.5	9
2364.5	11
2365.5	8
2366.5	8
2367.5	15
2368.5	9
2369.5	10
2370.5	11
2371.5	10
2372.5	8
2373.5	14
2374.5	15
2375.5	14
2376.5	18
2377.5	8
2378.5	12
2379.5	6
2380.5	14
2381.5	10
2382.5	14
2383.5	8
2384.5	10
2385.5	13
2386.5	11
2387.5	11
2388.5	10
2389.5	16
2390.5	13
2391.5	14
2392.5	15
2393.5	16
2394.5	10
2395.5	7
2396.5	8
2397.5	8
2398.5	11
2399.5	13
2400.5	7
2401.5	13
2402.5	12
2403.5	9
2404.5	17
2405.5	11
2406.5	14
2407.5	15
2408.5	11
2409.5	12
2410.5	12
2411.5	13
2412.5	11
2413.5	8
2414.5	11
2415.5	11
2416.5	10
2417.5	10
2418.5	15
2419.5	7
2420.5	15
2421.5	13
2422.5	13
2423.5	15
2424.5	10
2425.5	11
2426.5	21
2427.5	14
2428.5	9
2429.5	8
2430.5	14
2431.5	15
2432.5	7
2433.5	13
2434.5	8
2435.5	11
2436.5	13
2437.5	12
2438.5	8
2439.5	16
2440.5	7
2441.5	18
2442.5	13
2443.5	10
2444.5	14
2445.5	8
2446.5	7
2447.5	14
2448.5	15
2449.5	10
2450.5	9
2451.5	15
2452.5	10
2453.5	14
2454.5	6
2455.5	7
2456.5	15
2457.5	12
2458.5	8
2459.5	12
2460.5	11
2461.5	12
2462.5	6
2463.5	11
2464.5	18
2465.5	12
2466.5	11
2467.5	13
2468.5	15
2469.5	12
2470.5	10
2471.5	11
2472.5	16
2473.5	12
2474.5	12
2475.5	9
2476.5	13
2477.5	16
2478.5	8
2479.5	10
2480.5	14
2481.5	21
2482.5	10
2483.5	10
2484.5	14
2485.5	22
2486.5	7
2487.5	17
2488.5	18
2489.5	13
2490.5	14
2491.5	7
2492.5	17
2493.5	13
2494.5	12
2495.5	9
2496.5	10
2497.5	15
2498.5	11
2499.5	11
2500.5	12
2501.5	9
2502.5	12
2503.5	10
2504.5	9
2505.5	14
2506.5	12
2507.5	12
2508.5	9
2509.5	16
2510.5	20
2511.5	11
2512.5	9
2513.5	13
2514.5	19
2515.5	8
2516.5	12
2517.5	14
2518.5	15
2519.5	15
2520.5	13
2521.5	13
2522.5	18
2523.5	11
2524.5	13
2525.5	15
2526.5	20
2527.5	10
2528.5	16
2529.5	14
2530.5	13
2531.5	12
2532.5	9
2533.5	9
2534.5	13
2535.5	16
2536.5	18
2537.5	22
2538.5	7
2539.5	16
2540.5	23
2541.5	11
2542.5	14
2543.5	13
2544.5	15
2545.5	17
2546.5	5
2547.5	15
2548.5	12
2549.5	7
2550.5	12
2551.5	8
2552.5	9
2553.5	11
2554.5	10
2555.5	10
2556.5	13
2557.5	11
2558.5	11
2559.5	10
2560.5	8
2561.5	9
2562.5	15
2563.5	6
2564.5	8
2565.5	9
2566.5	5
2567.5	14
2568.5	16
2569.5	17
2570.5	16
2571.5	13
2572.5	12
2573.5	11
2574.5	10
2575.5	20
2576.5	11
2577.5	9
2578.5	6
2579.5	8
2580.5	14
2581.5	10
2582.5	8
2583.5	10
2584.5	10
2585.5	11
2586.5	11
2587.5	5
2588.5	10
2589.5	13
2590.5	9
2591.5	9
2592.5	8
2593.5	10
2594.5	17
2595.5	12
2596.5	11
2597.5	12
2598.5	10
2599.5	11
2600.5	11
2601.5	11
2602.5	11
2603.5	9
2604.5	10
2605.5	8
2606.5	6
2607.5	8
2608.5	14
2609.5	5
2610.5	8
2611.5	13
2612.5	10
2613.5	5
2614.5	13
2615.5	18
2616.5	12
2617.5	8
2618.5	9
2619.5	13
2620.5	6
2621.5	19
2622.5	10
2623.5	6
2624.5	7
2625.5	11
2626.5	12
2627.5	17
2628.5	12
2629.5	13
2630.5	11
2631.5	10
2632.5	7
2633.5	12
2634.5	10
2635.5	17
2636.5	13
2637.5	11
2638.5	12
2639.5	10
2640.5	6
2641.5	5
2642.5	14
2643.5	8
2644.5	7
2645.5	6
2646.5	20
2647.5	6
2648.5	5
2649.5	10
2650.5	10
2651.5	11
2652.5	11
2653.5	15
2654.5	9
2655.5	7
2656.5	3
2657.5	13
2658.5	9
2659.5	14
2660.5	6
2661.5	13
2662.5	11
2663.5	9
2664.5	10
2665.5	6
2666.5	12
2667.5	8
2668.5	16
2669.5	9
2670.5	7
2671.5	8
2672.5	8
2673.5	8
2674.5	5
2675.5	8
2676.5	13
2677.5	15
2678.5	9
2679.5	13
2680.5	6
2681.5	12
2682.5	4
2683.5	7
2684.5	9
2685.5	14
2686.5	10
2687.5	11
2688.5	12
2689.5	10
2690.5	7
2691.5	13
2692.5	12
2693.5	12
2694.5	8
2695.5	12
2696.5	12
2697.5	8
2698.5	12
2699.5	16
2700.5	11
2701.5	11
2702.5	11
2703.5	4
2704.5	8
2705.5	11
2706.5	15
2707.5	15
2708.5	7
2709.5	8
2710.5	8
2711.5	16
2712.5	10
2713.5	16
2714.5	12
2715.5	6
2716.5	11
2717.5	14
2718.5	12
2719.5	12
2720.5	11
2721.5	7
2722.5	17
2723.5	7
2724.5	8
2725.5	11
2726.5	12
2727.5	6
2728.5	7
2729.5	11
2730.5	5
2731.5	5
2732.5	2
2733.5	13
2734.5	8
2735.5	8
2736.5	7
2737.5	6
2738.5	12
2739.5	9
2740.5	13
2741.5	4
2742.5	9
2743.5	11
2744.5	10
2745.5	8
2746.5	13
2747.5	7
2748.5	16
2749.5	11
2750.5	9
2751.5	17
2752.5	8
2753.5	13
2754.5	9
2755.5	20
2756.5	14
2757.5	14
2758.5	6
2759.5	11
2760.5	7
2761.5	10
2762.5	7
2763.5	10
2764.5	8
2765.5	13
2766.5	14
2767.5	10
2768.5	14
2769.5	13
2770.5	14
2771.5	10
2772.5	12
2773.5	12
2774.5	9
2775.5	12
2776.5	10
2777.5	14
2778.5	9
2779.5	4
2780.5	14
2781.5	8
2782.5	16
2783.5	10
2784.5	10
2785.5	11
2786.5	12
2787.5	11
2788.5	12
2789.5	4
2790.5	11
2791.5	8
2792.5	15
2793.5	15
2794.5	11
2795.5	16
2796.5	8
2797.5	15
2798.5	10
2799.5	14
2800.5	7
2801.5	16
2802.5	5
2803.5	12
2804.5	13
2805.5	14
2806.5	8
2807.5	16
2808.5	11
2809.5	8
2810.5	12
2811.5	14
2812.5	16
2813.5	14
2814.5	10
2815.5	16
2816.5	7
2817.5	14
2818.5	8
2819.5	11
2820.5	9
2821.5	14
2822.5	17
2823.5	12
2824.5	8
2825.5	7
2826.5	9
2827.5	13
2828.5	13
2829.5	14
2830.5	12
2831.5	14
2832.5	12
2833.5	11
2834.5	13
2835.5	14
2836.5	11
2837.5	13
2838.5	9
2839.5	16
2840.5	12
2841.5	16
2842.5	9
2843.5	9
2844.5	12
2845.5	16
2846.5	12
2847.5	14
2848.5	11
2849.5	13
2850.5	7
2851.5	11
2852.5	9
2853.5	7
2854.5	16
2855.5	15
2856.5	14
2857.5	10
2858.5	12
2859.5	6
2860.5	11
2861.5	12
2862.5	9
2863.5	18
2864.5	11
2865.5	12
2866.5	12
2867.5	13
2868.5	12
2869.5	7
2870.5	8
2871.5	15
2872.5	14
2873.5	14
2874.5	13
2875.5	11
2876.5	12
2877.5	18
2878.5	8
2879.5	14
2880.5	8
2881.5	4
2882.5	8
2883.5	15
2884.5	5
2885.5	8
2886.5	15
2887.5	11
2888.5	10
2889.5	7
2890.5	18
2891.5	18
2892.5	8
2893.5	9
2894.5	8
2895.5	8
2896.5	10
2897.5	15
2898.5	8
2899.5	12
2900.5	10
2901.5	7
2902.5	15
2903.5	13
2904.5	6
2905.5	11
2906.5	9
2907.5	13
2908.5	12
2909.5	9
2910.5	11
2911.5	8
2912.5	8
2913.5	14
2914.5	8
2915.5	13
2916.5	11
2917.5	7
2918.5	15
2919.5	9
2920.5	13
2921.5	8
2922.5	13
2923.5	11
2924.5	10
2925.5	17
2926.5	12
2927.5	17
2928.5	7
2929.5	7
2930.5	16
2931.5	11
2932.5	9
2933.5	16
2934.5	11
2935.5	8
2936.5	11
2937.5	15
2938.5	8
2939.5	6
2940.5	9
2941.5	10
2942.5	7
2943.5	8
2944.5	9
2945.5	6
2946.5	12
2947.5	6
2948.5	11
2949.5	16
2950.5	13
2951.5	10
2952.5	13
2953.5	16
2954.5	12
2955.5	10
2956.5	11
2957.5	12
2958.5	13
2959.5	12
2960.5	15
2961.5	9
2962.5	16
2963.5	10
2964.5	7
2965.5	15
2966.5	13
2967.5	5
2968.5	16
2969.5	5
2970.5	13
2971.5	8
2972.5	11
2973.5	15
2974.5	11
2975.5	11
2976.5	6
2977.5	15
2978.5	16
2979.5	10
2980.5	10
2981.5	7
2982.5	16
2983.5	10
2984.5	15
2985.5	14
2986.5	9
2987.5	13
2988.5	8
2989.5	10
2990.5	20
2991.5	14
2992.5	9
2993.5	12
2994.5	14
2995.5	13
2996.5	13
2997.5	11
2998.5	12
2999.5	13
3000.5	11
3001.5	18
3002.5	11
3003.5	10
3004.5	10
3005.5	16
3006.5	14
3007.5	12
3008.5	16
3009.5	11
3010.5	10
3011.5	12
3012.5	8
3013.5	8
3014.5	10
3015.5	19
3016.5	12
3017.5	11
3018.5	19
3019.5	17
3020.5	12
3021.5	9
3022.5	13
3023.5	5
3024.5	12
3025.5	14
3026.5	16
3027.5	16
3028.5	11
3029.5	15
3030.5	11
3031.5	18
3032.5	14
3033.5	18
3034.5	12
3035.5	8
3036.5	13
3037.5	21
3038.5	15
3039.5	15
3040.5	14
3041.5	13
3042.5	17
3043.5	11
3044.5	12
3045.5	11
3046.5	8
3047.5	12
3048.5	17
3049.5	13
3050.5	15
3051.5	14
3052.5	14
3053.5	14
3054.5	9
3055.5	10
3056.5	13
3057.5	13
3058.5	11
3059.5	12
3060.5	11
3061.5	6
3062.5	11
3063.5	11
3064.5	17
3065.5	10
3066.5	14
3067.5	13
3068.5	14
3069.5	12
3070.5	15
3071.5	10
3072.5	17
3073.5	8
3074.5	13
3075.5	15
3076.5	10
3077.5	9
3078.5	12
3079.5	16
3080.5	11
3081.5	10
3082.5	11
3083.5	10
3084.5	12
3085.5	21
3086.5	14
3087.5	13
3088.5	7
3089.5	15
3090.5	21
3091.5	18
3092.5	16
3093.5	13
3094.5	14
3095.5	13
3096.5	21
3097.5	14
3098.5	16
3099.5	18
3100.5	15
3101.5	18
3102.5	11
3103.5	10
3104.5	11
3105.5	17
3106.5	17
3107.5	16
3108.5	10
3109.5	13
3110.5	11
3111.5	12
3112.5	11
3113.5	14
3114.5	19
3115.5	11
3116.5	12
3117.5	18
3118.5	16
3119.5	12
3120.5	18
3121.5	12
3122.5	15
3123.5	16
3124.5	9
3125.5	22
3126.5	15
3127.5	14
3128.5	16
3129.5	16
3130.5	16
3131.5	12
3132.5	11
3133.5	14
3134.5	16
3135.5	9
3136.5	12
3137.5	21
3138.5	12
3139.5	14
3140.5	24
3141.5	15
3142.5	13
3143.5	10
3144.5	13
3145.5	10
3146.5	20
3147.5	9
3148.5	16
3149.5	13
3150.5	15
3151.5	8
3152.5	6
3153.5	15
3154.5	15
3155.5	13
3156.5	12
3157.5	20
3158.5	13
3159.5	14
3160.5	19
3161.5	10
3162.5	26
3163.5	15
3164.5	13
3165.5	18
3166.5	17
3167.5	21
3168.5	22
3169.5	18
3170.5	12
3171.5	10
3172.5	20
3173.5	23
3174.5	18
3175.5	20
3176.5	32
3177.5	29
3178.5	17
3179.5	28
3180.5	17
3181.5	33
3182.5	21
3183.5	16
3184.5	25
3185.5	25
3186.5	23
3187.5	32
3188.5	23
3189.5	27
3190.5	32
3191.5	25
3192.5	26
3193.5	30
3194.5	33
3195.5	25
3196.5	25
3197.5	26
3198.5	24
3199.5	34
3200.5	39
3201.5	31
3202.5	37
3203.5	26
3204.5	25
3205.5	32
3206.5	29
3207.5	38
3208.5	24
3209.5	22
3210.5	41
3211.5	30
3212.5	39
3213.5	36
3214.5	34
3215.5	33
3216.5	33
3217.5	23
3218.5	42
3219.5	39
3220.5	39
3221.5	39
3222.5	38
3223.5	28
3224.5	31
3225.5	21
3226.5	31
3227.5	27
3228.5	23
3229.5	34
3230.5	39
3231.5	27
3232.5	37
3233.5	32
3234.5	25
3235.5	25
3236.5	31
3237.5	40
3238.5	51
3239.5	51
3240.5	31
3241.5	36
3242.5	25
3243.5	32
3244.5	33
3245.5	37
3246.5	29
3247.5	26
3248.5	33
3249.5	37
3250.5	30
3251.5	39
3252.5	42
3253.5	34
3254.5	31
3255.5	36
3256.5	31
3257.5	31
3258.5	34
3259.5	40
3260.5	38
3261.5	31
3262.5	35
3263.5	35
3264.5	20
3265.5	37
3266.5	25
3267.5	44
3268.5	27
3269.5	33
3270.5	32
3271.5	28
3272.5	36
3273.5	34
3274.5	30
3275.5	31
3276.5	28
3277.5	32
3278.5	33
3279.5	31
3280.5	27
3281.5	36
3282.5	23
3283.5	30
3284.5	21
3285.5	30
3286.5	26
3287.5	29
3288.5	34
3289.5	21
3290.5	27
3291.5	30
3292.5	23
3293.5	30
3294.5	23
3295.5	22
3296.5	18
3297.5	38
3298.5	20
3299.5	22
3300.5	24
3301.5	31
3302.5	29
3303.5	26
3304.5	18
3305.5	28
3306.5	21
3307.5	27
3308.5	18
3309.5	23
3310.5	17
3311.5	28
3312.5	31
3313.5	15
3314.5	27
3315.5	28
3316.5	32
3317.5	32
3318.5	15
3319.5	30
3320.5	25
3321.5	26
3322.5	22
3323.5	19
3324.5	22
3325.5	22
3326.5	19
3327.5	23
3328.5	27
3329.5	28
3330.5	27
3331.5	22
3332.5	23
3333.5	25
3334.5	23
3335.5	29
3336.5	20
3337.5	23
3338.5	21
3339.5	19
3340.5	26
3341.5	20
3342.5	27
3343.5	21
3344.5	22
3345.5	19
3346.5	21
3347.5	30
3348.5	24
3349.5	27
3350.5	21
3351.5	27
3352.5	23
3353.5	33
3354.5	24
3355.5	19
3356.5	12
3357.5	18
3358.5	15
3359.5	23
3360.5	30
3361.5	25
3362.5	18
3363.5	22
3364.5	20
3365.5	26
3366.5	28
3367.5	18
3368.5	16
3369.5	23
3370.5	26
3371.5	25
3372.5	19
3373.5	19
3374.5	21
3375.5	20
3376.5	31
3377.5	20
3378.5	18
3379.5	35
3380.5	25
3381.5	21
3382.5	31
3383.5	23
3384.5	25
3385.5	24
3386.5	28
3387.5	33
3388.5	21
3389.5	23
3390.5	18
3391.5	20
3392.5	31
3393.5	14
3394.5	18
3395.5	26
3396.5	29
3397.5	22
3398.5	22
3399.5	23
3400.5	27
3401.5	21
3402.5	20
3403.5	24
3404.5	21
3405.5	23
3406.5	28
3407.5	28
3408.5	18
3409.5	19
3410.5	33
3411.5	24
3412.5	29
3413.5	25
3414.5	27
3415.5	20
3416.5	20
3417.5	25
3418.5	28
3419.5	12
3420.5	25
3421.5	35
3422.5	25
3423.5	35
3424.5	20
3425.5	21
3426.5	18
3427.5	26
3428.5	22
3429.5	31
3430.5	21
3431.5	21
3432.5	26
3433.5	26
3434.5	18
3435.5	23
3436.5	26
3437.5	19
3438.5	27
3439.5	26
3440.5	25
3441.5	19
3442.5	17
3443.5	22
3444.5	30
3445.5	23
3446.5	20
3447.5	23
3448.5	28
3449.5	19
3450.5	30
3451.5	26
3452.5	15
3453.5	29
3454.5	30
3455.5	21
3456.5	25
3457.5	24
3458.5	21
3459.5	23
3460.5	19
3461.5	22
3462.5	19
3463.5	22
3464.5	23
3465.5	21
3466.5	26
3467.5	22
3468.5	17
3469.5	20
3470.5	18
3471.5	27
3472.5	31
3473.5	25
3474.5	18
3475.5	27
3476.5	24
3477.5	21
3478.5	19
3479.5	25
3480.5	21
3481.5	16
3482.5	21
3483.5	22
3484.5	19
3485.5	20
3486.5	22
3487.5	22
3488.5	15
3489.5	21
3490.5	17
3491.5	10
3492.5	22
3493.5	20
3494.5	21
3495.5	22
3496.5	31
3497.5	17
3498.5	23
3499.5	16
3500.5	20
3501.5	17
3502.5	19
3503.5	13
3504.5	21
3505.5	26
3506.5	21
3507.5	15
3508.5	23
3509.5	30
3510.5	29
3511.5	19
3512.5	24
3513.5	22
3514.5	16
3515.5	24
3516.5	24
3517.5	17
3518.5	18
3519.5	23
3520.5	11
3521.5	24
3522.5	24
3523.5	25
3524.5	29
3525.5	25
3526.5	19
3527.5	25
3528.5	23
3529.5	27
3530.5	17
3531.5	24
3532.5	21
3533.5	13
3534.5	19
3535.5	23
3536.5	28
3537.5	28
3538.5	21
3539.5	16
3540.5	22
3541.5	23
3542.5	25
3543.5	18
3544.5	19
3545.5	16
3546.5	19
3547.5	12
3548.5	16
3549.5	18
3550.5	21
3551.5	19
3552.5	14
3553.5	26
3554.5	20
3555.5	14
3556.5	17
3557.5	24
3558.5	17
3559.5	21
3560.5	17
3561.5	31
3562.5	25
3563.5	13
3564.5	16
3565.5	21
3566.5	10
3567.5	19
3568.5	17
3569.5	23
3570.5	16
3571.5	21
3572.5	22
3573.5	22
3574.5	15
3575.5	21
3576.5	20
3577.5	20
3578.5	24
3579.5	19
3580.5	20
3581.5	16
3582.5	22
3583.5	20
3584.5	23
3585.5	22
3586.5	18
3587.5	20
3588.5	24
3589.5	26
3590.5	22
3591.5	29
3592.5	36
3593.5	23
3594.5	26
3595.5	25
3596.5	29
3597.5	35
3598.5	30
3599.5	40
3600.5	32
3601.5	39
3602.5	41
3603.5	31
3604.5	36
3605.5	39
3606.5	46
3607.5	48
3608.5	41
3609.5	42
3610.5	45
3611.5	42
3612.5	37
3613.5	41
3614.5	47
3615.5	54
3616.5	42
3617.5	44
3618.5	49
3619.5	54
3620.5	41
3621.5	50
3622.5	39
3623.5	49
3624.5	45
3625.5	52
3626.5	39
3627.5	45
3628.5	53
3629.5	73
3630.5	50
3631.5	48
3632.5	49
3633.5	49
3634.5	44
3635.5	51
3636.5	52
3637.5	43
3638.5	48
3639.5	54
3640.5	45
3641.5	59
3642.5	56
3643.5	64
3644.5	51
3645.5	51
3646.5	57
3647.5	60
3648.5	63
3649.5	51
3650.5	39
3651.5	45
3652.5	52
3653.5	47
3654.5	48
3655.5	47
3656.5	48
3657.5	48
3658.5	50
3659.5	49
3660.5	72
3661.5	49
3662.5	43
3663.5	43
3664.5	39
3665.5	45
3666.5	39
3667.5	40
3668.5	63
3669.5	39
3670.5	40
3671.5	42
3672.5	43
3673.5	57
3674.5	43
3675.5	43
3676.5	56
3677.5	56
3678.5	45
3679.5	43
3680.5	41
3681.5	53
3682.5	33
3683.5	49
3684.5	37
3685.5	36
3686.5	34
3687.5	55
3688.5	44
3689.5	34
3690.5	34
3691.5	52
3692.5	46
3693.5	37
3694.5	45
3695.5	45
3696.5	49
3697.5	43
3698.5	48
3699.5	41
3700.5	35
3701.5	44
3702.5	41
3703.5	27
3704.5	37
3705.5	34
3706.5	36
3707.5	29
3708.5	28
3709.5	30
3710.5	38
3711.5	21
3712.5	40
3713.5	29
3714.5	31
3715.5	34
3716.5	23
3717.5	37
3718.5	30
3719.5	36
3720.5	27
3721.5	29
3722.5	27
3723.5	29
3724.5	37
3725.5	22
3726.5	20
3727.5	22
3728.5	29
3729.5	18
3730.5	33
3731.5	27
3732.5	29
3733.5	31
3734.5	30
3735.5	20
3736.5	17
3737.5	25
3738.5	19
3739.5	25
3740.5	24
3741.5	21
3742.5	19
3743.5	30
3744.5	25
3745.5	30
3746.5	25
3747.5	24
3748.5	19
3749.5	25
3750.5	27
3751.5	29
3752.5	25
3753.5	27
3754.5	26
3755.5	16
3756.5	32
3757.5	20
3758.5	29
3759.5	24
3760.5	25
3761.5	29
3762.5	24
3763.5	22
3764.5	23
3765.5	25
3766.5	21
3767.5	29
3768.5	20
3769.5	19
3770.5	25
3771.5	27
3772.5	32
3773.5	28
3774.5	35
3775.5	23
3776.5	34
3777.5	24
3778.5	23
3779.5	15
3780.5	27
3781.5	28
3782.5	27
3783.5	26
3784.5	31
3785.5	21
3786.5	24
3787.5	27
3788.5	37
3789.5	29
3790.5	33
3791.5	29
3792.5	30
3793.5	22
3794.5	25
3795.5	21
3796.5	21
3797.5	18
3798.5	26
3799.5	23
3800.5	19
3801.5	26
3802.5	23
3803.5	19
3804.5	25
3805.5	27
3806.5	16
3807.5	22
3808.5	26
3809.5	30
3810.5	21
3811.5	31
3812.5	23
3813.5	33
3814.5	23
3815.5	28
3816.5	31
3817.5	25
3818.5	26
3819.5	26
3820.5	26
3821.5	19
3822.5	23
3823.5	20
3824.5	29
3825.5	18
3826.5	24
3827.5	26
3828.5	20
3829.5	30
3830.5	27
3831.5	31
3832.5	18
3833.5	15
3834.5	24
3835.5	25
3836.5	28
3837.5	29
3838.5	31
3839.5	21
3840.5	19
3841.5	22
3842.5	19
3843.5	24
3844.5	24
3845.5	26
3846.5	28
3847.5	19
3848.5	18
3849.5	17
3850.5	14
3851.5	21
3852.5	32
3853.5	25
3854.5	18
3855.5	21
3856.5	15
3857.5	20
3858.5	11
3859.5	20
3860.5	22
3861.5	23
3862.5	25
3863.5	15
3864.5	18
3865.5	17
3866.5	14
3867.5	18
3868.5	10
3869.5	21
3870.5	14
3871.5	13
3872.5	16
3873.5	27
3874.5	16
3875.5	10
3876.5	17
3877.5	13
3878.5	12
3879.5	26
3880.5	16
3881.5	23
3882.5	17
3883.5	11
3884.5	17
3885.5	16
3886.5	12
3887.5	14
3888.5	15
3889.5	11
3890.5	16
3891.5	18
3892.5	13
3893.5	9
3894.5	12
3895.5	18
3896.5	12
3897.5	18
3898.5	16
3899.5	16
3900.5	16
3901.5	13
3902.5	8
3903.5	8
3904.5	9
3905.5	10
3906.5	15
3907.5	11
3908.5	11
3909.5	12
3910.5	16
3911.5	9
3912.5	4
3913.5	13
3914.5	10
3915.5	7
3916.5	7
3917.5	22
3918.5	5
3919.5	6
3920.5	11
3921.5	9
3922.5	12
3923.5	6
3924.5	8
3925.5	5
3926.5	7
3927.5	7
3928.5	12
3929.5	7
3930.5	15
3931.5	4
3932.5	4
3933.5	11
3934.5	3
3935.5	7
3936.5	6
3937.5	7
3938.5	3
3939.5	7
3940.5	10
3941.5	7
3942.5	9
3943.5	9
3944.5	10
3945.5	9
3946.5	10
3947.5	3
3948.5	6
3949.5	11
3950.5	6
3951.5	6
3952.5	6
3953.5	10
3954.5	9
3955.5	4
3956.5	4
3957.5	9
3958.5	9
3959.5	4
3960.5	9
3961.5	6
3962.5	2
3963.5	8
3964.5	7
3965.5	4
3966.5	14
3967.5	12
3968.5	6
3969.5	5
3970.5	5
3971.5	8
3972.5	8
3973.5	6
3974.5	7
3975.5	8
3976.5	19
3977.5	10
3978.5	8
3979.5	15
3980.5	13
3981.5	12
3982.5	15
3983.5	19
3984.5	19
3985.5	16
3986.5	18
3987.5	20
3988.5	21
3989.5	15
3990.5	25
3991.5	29
3992.5	26
3993.5	26
3994.5	31
3995.5	35
3996.5	28
3997.5	37
3998.5	32
3999.5	28
4000.5	27
4001.5	27
4002.5	32
4003.5	36
4004.5	33
4005.5	30
4006.5	40
4007.5	46
4008.5	35
4009.5	45
4010.5	41
4011.5	47
4012.5	62
4013.5	45
4014.5	44
4015.5	38
4016.5	37
4017.5	42
4018.5	49
4019.5	37
4020.5	39
4021.5	64
4022.5	44
4023.5	51
4024.5	50
4025.5	46
4026.5	62
4027.5	64
4028.5	52
4029.5	43
4030.5	61
4031.5	52
4032.5	57
4033.5	47
4034.5	52
4035.5	49
4036.5	50
4037.5	49
4038.5	48
4039.5	41
4040.5	48
4041.5	50
4042.5	49
4043.5	50
4044.5	50
4045.5	36
4046.5	43
4047.5	38
4048.5	45
4049.5	52
4050.5	50
4051.5	44
4052.5	50
4053.5	51
4054.5	46
4055.5	29
4056.5	34
4057.5	42
4058.5	42
4059.5	42
4060.5	42
4061.5	33
4062.5	37
4063.5	33
4064.5	23
4065.5	35
4066.5	42
4067.5	37
4068.5	36
4069.5	29
4070.5	40
4071.5	33
4072.5	30
4073.5	38
4074.5	31
4075.5	35
4076.5	31
4077.5	31
4078.5	37
4079.5	28
4080.5	33
4081.5	23
4082.5	27
4083.5	17
4084.5	23
4085.5	31
4086.5	31
4087.5	18
4088.5	16
4089.5	24
4090.5	22
4091.5	27
4092.5	24
4093.5	15
4094.5	25
4095.5	18
4096.5	18
4097.5	20
4098.5	15
4099.5	12
4100.5	10
4101.5	18
4102.5	11
4103.5	8
4104.5	15
4105.5	10
4106.5	11
4107.5	11
4108.5	9
4109.5	10
4110.5	9
4111.5	6
4112.5	7
4113.5	7
4114.5	8
4115.5	10
4116.5	9
4117.5	2
4118.5	3
4119.5	6
4120.5	4
4121.5	3
4122.5	6
4123.5	2
4124.5	2
4125.5	3
4126.5	3
4127.5	5
4128.5	3
4129.5	3
4130.5	1
4131.5	3
4132.5	1
4133.5	3
4134.5	1
4135.5	7
4136.5	4
4137.5	1
4138.5	3
4139.5	0
4140.5	3
4141.5	4
4142.5	2
4143.5	2
4144.5	1
4145.5	2
4146.5	2
4147.5	2
4148.5	2
4149.5	2
4150.5	2
4151.5	2
4152.5	5
4153.5	3
4154.5	2
4155.5	2
4156.5	2
4157.5	2
4158.5	6
4159.5	0
4160.5	6
4161.5	1
4162.5	3
4163.5	2
4164.5	1
4165.5	1
4166.5	1
4167.5	1
4168.5	1
4169.5	2
4170.5	3
4171.5	2
4172.5	1
4173.5	3
4174.5	6
4175.5	1
4176.5	2
4177.5	5
4178.5	2
4179.5	1
4180.5	2
4181.5	2
4182.5	1
4183.5	1
4184.5	5
4185.5	4
4186.5	1
4187.5	1
4188.5	8
4189.5	0
4190.5	3
4191.5	1
4192.5	4
4193.5	2
4194.5	1
4195.5	1
4196.5	1
4197.5	0
4198.5	3
4199.5	4
4200.5	1
4201.5	3
4202.5	1
4203.5	2
4204.5	3
4205.5	1
4206.5	0
4207.5	2
4208.5	3
4209.5	1
4210.5	0
4211.5	1
4212.5	2
4213.5	0
4214.5	4
4215.5	2
4216.5	3
4217.5	3
4218.5	1
4219.5	2
4220.5	1
4221.5	2
4222.5	0
4223.5	4
4224.5	2
4225.5	2
4226.5	1
4227.5	1
4228.5	4
4229.5	2
4230.5	1
4231.5	5
4232.5	0
4233.5	3
4234.5	1
4235.5	2
4236.5	4
4237.5	3
4238.5	0
4239.5	2
4240.5	3
4241.5	3
4242.5	5
4243.5	1
4244.5	2
4245.5	0
4246.5	2
4247.5	8
4248.5	3
4249.5	2
4250.5	7
4251.5	2
4252.5	4
4253.5	1
4254.5	2
4255.5	2
4256.5	1
4257.5	1
4258.5	2
4259.5	3
4260.5	1
4261.5	1
4262.5	0
4263.5	1
4264.5	1
4265.5	1
4266.5	1
4267.5	5
4268.5	1
4269.5	0
4270.5	5
4271.5	2
4272.5	2
4273.5	2
4274.5	1
4275.5	5
4276.5	0
4277.5	2
4278.5	5
4279.5	0
4280.5	2
4281.5	1
4282.5	1
4283.5	3
4284.5	0
4285.5	1
4286.5	1
4287.5	2
4288.5	0
4289.5	1
4290.5	1
4291.5	1
4292.5	1
4293.5	4
4294.5	3
4295.5	2
4296.5	1
4297.5	2
4298.5	2
4299.5	1
4300.5	6
4301.5	3
4302.5	0
4303.5	2
4304.5	2
4305.5	2
4306.5	0
4307.5	4
4308.5	1
4309.5	2
4310.5	2
4311.5	2
4312.5	4
4313.5	0
4314.5	2
4315.5	2
4316.5	3
4317.5	0
4318.5	4
4319.5	1
4320.5	3
4321.5	2
4322.5	4
4323.5	1
4324.5	1
4325.5	2
4326.5	4
4327.5	3
4328.5	2
4329.5	4
4330.5	3
4331.5	2
4332.5	2
4333.5	4
4334.5	3
4335.5	1
4336.5	3
4337.5	1
4338.5	1
4339.5	5
4340.5	2
4341.5	4
4342.5	4
4343.5	3
4344.5	0
4345.5	2
4346.5	0
4347.5	2
4348.5	2
4349.5	1
4350.5	4
4351.5	1
4352.5	0
4353.5	2
4354.5	0
4355.5	2
4356.5	4
4357.5	3
4358.5	1
4359.5	1
4360.5	4
4361.5	4
4362.5	2
4363.5	2
4364.5	4
4365.5	2
4366.5	1
4367.5	3
4368.5	3
4369.5	4
4370.5	2
4371.5	3
4372.5	2
4373.5	3
4374.5	0
4375.5	6
4376.5	1
4377.5	1
4378.5	0
4379.5	1
4380.5	3
4381.5	0
4382.5	1
4383.5	2
4384.5	1
4385.5	0
4386.5	1
4387.5	1
4388.5	1
4389.5	1
4390.5	1
4391.5	0
4392.5	1
4393.5	2
4394.5	1
4395.5	2
4396.5	1
4397.5	1
4398.5	3
4399.5	4
4400.5	2
4401.5	3
4402.5	1
4403.5	1
4404.5	2
4405.5	4
4406.5	4
4407.5	4
4408.5	2
4409.5	2
4410.5	1
4411.5	2
4412.5	2
4413.5	2
4414.5	1
4415.5	3
4416.5	3
4417.5	3
4418.5	2
4419.5	3
4420.5	2
4421.5	3
4422.5	1
4423.5	4
4424.5	3
4425.5	2
4426.5	2
4427.5	2
4428.5	1
4429.5	4
4430.5	0
4431.5	0
4432.5	3
4433.5	1
4434.5	4
4435.5	3
4436.5	0
4437.5	4
4438.5	0
4439.5	1
4440.5	4
4441.5	2
4442.5	1
4443.5	1
4444.5	1
4445.5	2
4446.5	2
4447.5	1
4448.5	0
4449.5	2
4450.5	0
4451.5	3
4452.5	3
4453.5	2
4454.5	1
4455.5	0
4456.5	0
4457.5	5
4458.5	0
4459.5	2
4460.5	3
4461.5	3
4462.5	4
4463.5	3
4464.5	2
4465.5	2
4466.5	3
4467.5	2
4468.5	2
4469.5	1
4470.5	4
4471.5	3
4472.5	1
4473.5	5
4474.5	0
4475.5	1
4476.5	1
4477.5	2
4478.5	4
4479.5	4
4480.5	2
4481.5	1
4482.5	0
4483.5	1
4484.5	4
4485.5	1
4486.5	0
4487.5	5
4488.5	1
4489.5	5
4490.5	2
4491.5	1
4492.5	2
4493.5	1
4494.5	0
4495.5	2
4496.5	4
4497.5	2
4498.5	4
4499.5	1
4500.5	0
4501.5	2
4502.5	2
4503.5	3
4504.5	3
4505.5	1
4506.5	1
4507.5	2
4508.5	3
4509.5	3
4510.5	4
4511.5	6
4512.5	4
4513.5	4
4514.5	3
4515.5	2
4516.5	3
4517.5	1
4518.5	3
4519.5	2
4520.5	1
4521.5	0
4522.5	2
4523.5	3
4524.5	2
4525.5	2
4526.5	0
4527.5	1
4528.5	2
4529.5	1
4530.5	5
4531.5	4
4532.5	0
4533.5	3
4534.5	4
4535.5	2
4536.5	4
4537.5	1
4538.5	1
4539.5	7
4540.5	3
4541.5	1
4542.5	2
4543.5	0
4544.5	0
4545.5	3
4546.5	1
4547.5	2
4548.5	1
4549.5	3
4550.5	2
4551.5	3
4552.5	5
4553.5	4
4554.5	0
4555.5	1
4556.5	4
4557.5	0
4558.5	1
4559.5	0
4560.5	3
4561.5	2
4562.5	3
4563.5	1
4564.5	1
4565.5	0
4566.5	3
4567.5	3
4568.5	1
4569.5	2
4570.5	1
4571.5	4
4572.5	1
4573.5	3
4574.5	0
4575.5	6
4576.5	1
4577.5	1
4578.5	4
4579.5	2
4580.5	3
4581.5	1
4582.5	4
4583.5	1
4584.5	5
4585.5	2
4586.5	2
4587.5	1
4588.5	1
4589.5	1
4590.5	3
4591.5	3
4592.5	2
4593.5	2
4594.5	3
4595.5	2
4596.5	2
4597.5	0
4598.5	1
4599.5	3
4600.5	2
4601.5	2
4602.5	2
4603.5	1
4604.5	6
4605.5	1
4606.5	2
4607.5	4
4608.5	5
4609.5	2
4610.5	1
4611.5	2
4612.5	1
4613.5	3
4614.5	4
4615.5	2
4616.5	1
4617.5	2
4618.5	2
4619.5	2
4620.5	2
4621.5	2
4622.5	0
4623.5	3
4624.5	2
4625.5	2
4626.5	2
4627.5	2
4628.5	5
4629.5	2
4630.5	0
4631.5	4
4632.5	1
4633.5	2
4634.5	2
4635.5	1
4636.5	1
4637.5	4
4638.5	1
4639.5	2
4640.5	3
4641.5	0
4642.5	0
4643.5	2
4644.5	0
4645.5	6
4646.5	4
4647.5	3
4648.5	1
4649.5	0
4650.5	1
4651.5	0
4652.5	2
4653.5	2
4654.5	1
4655.5	1
4656.5	1
4657.5	1
4658.5	1
4659.5	1
4660.5	2
4661.5	1
4662.5	2
4663.5	1
4664.5	0
4665.5	1
4666.5	0
4667.5	2
4668.5	3
4669.5	2
4670.5	1
4671.5	3
4672.5	2
4673.5	5
4674.5	0
4675.5	3
4676.5	1
4677.5	5
4678.5	1
4679.5	2
4680.5	5
4681.5	2
4682.5	3
4683.5	2
4684.5	2
4685.5	2
4686.5	2
4687.5	3
4688.5	2
4689.5	1
4690.5	2
4691.5	2
4692.5	3
4693.5	1
4694.5	2
4695.5	2
4696.5	3
4697.5	2
4698.5	5
4699.5	1
4700.5	1
4701.5	4
4702.5	2
4703.5	6
4704.5	1
4705.5	2
4706.5	2
4707.5	4
4708.5	2
4709.5	2
4710.5	1
4711.5	0
4712.5	3
4713.5	0
4714.5	1
4715.5	2
4716.5	0
4717.5	1
4718.5	2
4719.5	3
4720.5	5
4721.5	1
4722.5	1
4723.5	3
4724.5	6
4725.5	1
4726.5	2
4727.5	2
4728.5	3
4729.5	1
4730.5	3
4731.5	1
4732.5	4
4733.5	0
4734.5	1
4735.5	4
4736.5	1
4737.5	1
4738.5	0
4739.5	1
4740.5	3
4741.5	1
4742.5	1
4743.5	1
4744.5	1
4745.5	2
4746.5	5
4747.5	2
4748.5	0
4749.5	2
4750.5	3
4751.5	2
4752.5	0
4753.5	1
4754.5	1
4755.5	1
4756.5	1
4757.5	2
4758.5	0
4759.5	2
4760.5	1
4761.5	1
4762.5	2
4763.5	0
4764.5	1
4765.5	1
4766.5	1
4767.5	1
4768.5	3
4769.5	1
4770.5	3
4771.5	2
4772.5	2
4773.5	2
4774.5	2
4775.5	4
4776.5	1
4777.5	2
4778.5	1
4779.5	1
4780.5	2
4781.5	1
4782.5	1
4783.5	3
4784.5	1
4785.5	1
4786.5	1
4787.5	4
4788.5	1
4789.5	1
4790.5	3
4791.5	3
4792.5	4
4793.5	2
4794.5	1
4795.5	1
4796.5	2
4797.5	0
4798.5	1
4799.5	1
4800.5	3
4801.5	1
4802.5	3
4803.5	1
4804.5	1
4805.5	1
4806.5	5
4807.5	5
4808.5	2
4809.5	0
4810.5	2
4811.5	0
4812.5	2
4813.5	3
4814.5	3
4815.5	2
4816.5	1
4817.5	4
4818.5	1
4819.5	4
4820.5	4
4821.5	0
4822.5	0
4823.5	4
4824.5	1
4825.5	0
4826.5	4
4827.5	1
4828.5	5
4829.5	2
4830.5	5
4831.5	7
4832.5	1
4833.5	4
4834.5	3
4835.5	2
4836.5	2
4837.5	5
4838.5	4
4839.5	2
4840.5	4
4841.5	2
4842.5	1
4843.5	2
4844.5	3
4845.5	3
4846.5	1
4847.5	2
4848.5	2
4849.5	5
4850.5	5
4851.5	5
4852.5	2
4853.5	2
4854.5	3
4855.5	2
4856.5	6
4857.5	5
4858.5	1
4859.5	0
4860.5	7
4861.5	3
4862.5	2
4863.5	3
4864.5	1
4865.5	2
4866.5	3
4867.5	1
4868.5	3
4869.5	1
4870.5	2
4871.5	1
4872.5	2
4873.5	2
4874.5	2
4875.5	4
4876.5	3
4877.5	5
4878.5	2
4879.5	2
4880.5	4
4881.5	1
4882.5	5
4883.5	2
4884.5	3
4885.5	1
4886.5	2
4887.5	1
4888.5	1
4889.5	1
4890.5	0
4891.5	2
4892.5	0
4893.5	2
4894.5	2
4895.5	1
4896.5	3
4897.5	2
4898.5	2
4899.5	0
4900.5	1
4901.5	4
4902.5	0
4903.5	5
4904.5	1
4905.5	2
4906.5	4
4907.5	1
4908.5	0
4909.5	5
4910.5	3
4911.5	2
4912.5	2
4913.5	3
4914.5	1
4915.5	5
4916.5	1
4917.5	3
4918.5	1
4919.5	0
4920.5	4
4921.5	2
4922.5	1
4923.5	1
4924.5	5
4925.5	3
4926.5	1
4927.5	1
4928.5	6
4929.5	4
4930.5	3
4931.5	3
4932.5	0
4933.5	1
4934.5	1
4935.5	3
4936.5	1
4937.5	0
4938.5	2
4939.5	4
4940.5	3
4941.5	1
4942.5	1
4943.5	4
4944.5	0
4945.5	2
4946.5	1
4947.5	3
4948.5	0
4949.5	3
4950.5	2
4951.5	3
4952.5	0
4953.5	3
4954.5	2
4955.5	3
4956.5	1
4957.5	0
4958.5	4
4959.5	2
4960.5	2
4961.5	1
4962.5	2
4963.5	4
4964.5	1
4965.5	2
4966.5	0
4967.5	3
4968.5	6
4969.5	2
4970.5	6
4971.5	2
4972.5	4
4973.5	2
4974.5	1
4975.5	1
4976.5	3
4977.5	2
4978.5	1
4979.5	3
4980.5	5
4981.5	5
4982.5	0
4983.5	3
4984.5	2
4985.5	3
4986.5	0
4987.5	0
4988.5	3
4989.5	3
4990.5	1
4991.5	1
4992.5	1
4993.5	2
4994.5	3
4995.5	2
4996.5	4
4997.5	2
4998.5	1
4999.5	1
5000.5	2
5001.5	2
5002.5	1
5003.5	2
5004.5	3
5005.5	4
5006.5	1
5007.5	4
5008.5	3
5009.5	4
5010.5	0
5011.5	2
5012.5	3
5013.5	0
5014.5	2
5015.5	3
5016.5	2
5017.5	4
5018.5	3
5019.5	5
5020.5	0
5021.5	1
5022.5	2
5023.5	4
5024.5	3
5025.5	2
5026.5	0
5027.5	1
5028.5	1
5029.5	5
5030.5	1
5031.5	3
5032.5	3
5033.5	6
5034.5	4
5035.5	0
5036.5	0
5037.5	2
5038.5	4
5039.5	1
5040.5	1
5041.5	2
5042.5	2
5043.5	2
5044.5	1
5045.5	2
5046.5	1
5047.5	3
5048.5	6
5049.5	1
5050.5	0
5051.5	2
5052.5	3
5053.5	1
5054.5	4
5055.5	2
5056.5	3
5057.5	1
5058.5	1
5059.5	2
5060.5	2
5061.5	0
5062.5	3
5063.5	1
5064.5	2
5065.5	3
5066.5	4
5067.5	2
5068.5	1
5069.5	2
5070.5	2
5071.5	1
5072.5	2
5073.5	4
5074.5	3
5075.5	0
5076.5	2
5077.5	3
5078.5	6
5079.5	1
5080.5	4
5081.5	1
5082.5	1
5083.5	1
5084.5	0
5085.5	5
5086.5	5
5087.5	4
5088.5	1
5089.5	5
5090.5	2
5091.5	3
5092.5	3
5093.5	3
5094.5	1
5095.5	3
5096.5	2
5097.5	1
5098.5	3
5099.5	1
5100.5	0
5101.5	1
5102.5	0
5103.5	1
5104.5	0
5105.5	1
5106.5	0
5107.5	3
5108.5	2
5109.5	5
5110.5	3
5111.5	3
5112.5	7
5113.5	1
5114.5	3
5115.5	4
5116.5	0
5117.5	2
5118.5	1
5119.5	2
5120.5	2
5121.5	1
5122.5	5
5123.5	3
5124.5	0
5125.5	3
5126.5	0
5127.5	3
5128.5	5
5129.5	1
5130.5	4
5131.5	4
5132.5	4
5133.5	4
5134.5	5
5135.5	1
5136.5	1
5137.5	4
5138.5	5
5139.5	6
5140.5	2
5141.5	4
5142.5	0
5143.5	2
5144.5	4
5145.5	2
5146.5	3
5147.5	5
5148.5	0
5149.5	1
5150.5	1
5151.5	4
5152.5	3
5153.5	2
5154.5	4
5155.5	5
5156.5	6
5157.5	2
5158.5	5
5159.5	5
5160.5	2
5161.5	6
5162.5	1
5163.5	3
5164.5	2
5165.5	1
5166.5	2
5167.5	4
5168.5	1
5169.5	3
5170.5	3
5171.5	8
5172.5	3
5173.5	7
5174.5	3
5175.5	6
5176.5	5
5177.5	2
5178.5	2
5179.5	1
5180.5	8
5181.5	2
5182.5	3
5183.5	1
5184.5	5
5185.5	2
5186.5	2
5187.5	3
5188.5	2
5189.5	1
5190.5	3
5191.5	2
5192.5	3
5193.5	2
5194.5	2
5195.5	3
5196.5	0
5197.5	1
5198.5	1
5199.5	0
5200.5	2
5201.5	3
5202.5	3
5203.5	2
5204.5	3
5205.5	2
5206.5	1
5207.5	3
5208.5	2
5209.5	1
5210.5	4
5211.5	3
5212.5	1
5213.5	1
5214.5	1
5215.5	3
5216.5	3
5217.5	0
5218.5	3
5219.5	1
5220.5	2
5221.5	4
5222.5	1
5223.5	0
5224.5	0
5225.5	6
5226.5	5
5227.5	2
5228.5	1
5229.5	2
5230.5	3
5231.5	1
5232.5	2
5233.5	4
5234.5	2
5235.5	2
5236.5	0
5237.5	6
5238.5	2
5239.5	2
5240.5	2
5241.5	2
5242.5	3
5243.5	3
5244.5	1
5245.5	1
5246.5	2
5247.5	1
5248.5	2
5249.5	3
5250.5	2
5251.5	2
5252.5	2
5253.5	1
5254.5	3
5255.5	2
5256.5	2
5257.5	3
5258.5	3
5259.5	1
5260.5	2
5261.5	4
5262.5	2
5263.5	4
5264.5	1
5265.5	1
5266.5	2
5267.5	1
5268.5	1
5269.5	2
5270.5	2
5271.5	4
5272.5	5
5273.5	2
5274.5	6
5275.5	3
5276.5	3
5277.5	1
5278.5	3
5279.5	4
5280.5	2
5281.5	3
5282.5	3
5283.5	2
5284.5	2
5285.5	1
5286.5	1
5287.5	1
5288.5	3
5289.5	1
5290.5	4
5291.5	0
5292.5	4
5293.5	2
5294.5	3
5295.5	3
5296.5	3
5297.5	1
5298.5	6
5299.5	3
5300.5	1
5301.5	1
5302.5	3
5303.5	3
5304.5	5
5305.5	5
5306.5	5
5307.5	3
5308.5	1
5309.5	0
5310.5	0
5311.5	3
5312.5	3
5313.5	3
5314.5	5
5315.5	4
5316.5	0
5317.5	1
5318.5	5
5319.5	4
5320.5	5
5321.5	1
5322.5	2
5323.5	1
5324.5	5
5325.5	2
5326.5	3
5327.5	2
5328.5	2
5329.5	5
5330.5	3
5331.5	3
5332.5	3
5333.5	3
5334.5	3
5335.5	0
5336.5	0
5337.5	6
5338.5	6
5339.5	1
5340.5	5
5341.5	2
5342.5	5
5343.5	4
5344.5	2
5345.5	0
5346.5	3
5347.5	1
5348.5	2
5349.5	0
5350.5	3
5351.5	5
5352.5	2
5353.5	2
5354.5	0
5355.5	2
5356.5	1
5357.5	4
5358.5	1
5359.5	3
5360.5	2
5361.5	4
5362.5	3
5363.5	1
5364.5	3
5365.5	4
5366.5	2
5367.5	4
5368.5	2
5369.5	2
5370.5	3
5371.5	0
5372.5	1
5373.5	2
5374.5	3
5375.5	3
5376.5	1
5377.5	2
5378.5	1
5379.5	0
5380.5	3
5381.5	1
5382.5	1
5383.5	1
5384.5	1
5385.5	2
5386.5	3
5387.5	2
5388.5	4
5389.5	4
5390.5	2
5391.5	3
5392.5	3
5393.5	1
5394.5	2
5395.5	3
5396.5	4
5397.5	0
5398.5	3
5399.5	2
5400.5	2
5401.5	4
5402.5	3
5403.5	7
5404.5	3
5405.5	2
5406.5	1
5407.5	3
5408.5	2
5409.5	3
5410.5	3
5411.5	2
5412.5	2
5413.5	1
5414.5	1
5415.5	0
5416.5	1
5417.5	1
5418.5	3
5419.5	1
5420.5	3
5421.5	3
5422.5	2
5423.5	1
5424.5	2
5425.5	0
5426.5	1
5427.5	4
5428.5	1
5429.5	5
5430.5	0
5431.5	2
5432.5	2
5433.5	1
5434.5	3
5435.5	0
5436.5	1
5437.5	1
5438.5	2
5439.5	1
5440.5	1
5441.5	3
5442.5	3
5443.5	3
5444.5	2
5445.5	1
5446.5	0
5447.5	3
5448.5	2
5449.5	1
5450.5	2
5451.5	3
5452.5	3
5453.5	1
5454.5	4
5455.5	2
5456.5	3
5457.5	3
5458.5	4
5459.5	3
5460.5	5
5461.5	4
5462.5	2
5463.5	3
5464.5	4
5465.5	4
5466.5	1
5467.5	1
5468.5	3
5469.5	3
5470.5	3
5471.5	2
5472.5	4
5473.5	3
5474.5	1
5475.5	0
5476.5	2
5477.5	1
5478.5	1
5479.5	1
5480.5	1
5481.5	2
5482.5	0
5483.5	3
5484.5	0
5485.5	1
5486.5	2
5487.5	2
5488.5	0
5489.5	3
5490.5	1
5491.5	1
5492.5	6
5493.5	2
5494.5	0
5495.5	2
5496.5	2
5497.5	2
5498.5	3
5499.5	0
5500.5	0
5501.5	1
5502.5	4
5503.5	2
5504.5	1
5505.5	2
5506.5	2
5507.5	1
5508.5	0
5509.5	3
5510.5	2
5511.5	1
5512.5	0
5513.5	0
5514.5	1
5515.5	1
5516.5	3
5517.5	1
5518.5	3
5519.5	0
5520.5	1
5521.5	1
5522.5	0
5523.5	1
5524.5	3
5525.5	5
5526.5	1
5527.5	4
5528.5	0
5529.5	4
5530.5	2
5531.5	3
5532.5	1
5533.5	4
5534.5	2
5535.5	3
5536.5	0
5537.5	1
5538.5	3
5539.5	3
5540.5	0
5541.5	0
5542.5	1
5543.5	2
5544.5	1
5545.5	4
5546.5	1
5547.5	2
5548.5	2
5549.5	0
5550.5	1
5551.5	2
5552.5	2
5553.5	4
5554.5	3
5555.5	3
5556.5	2
5557.5	1
5558.5	0
5559.5	2
5560.5	0
5561.5	2
5562.5	1
5563.5	2
5564.5	1
5565.5	3
5566.5	1
5567.5	0
5568.5	2
5569.5	0
5570.5	3
5571.5	2
5572.5	2
5573.5	2
5574.5	6
5575.5	2
5576.5	0
5577.5	3
5578.5	2
5579.5	0
5580.5	1
5581.5	5
5582.5	0
5583.5	2
5584.5	1
5585.5	4
5586.5	3
5587.5	1
5588.5	1
5589.5	1
5590.5	1
5591.5	3
5592.5	2
5593.5	2
5594.5	0
5595.5	1
5596.5	0
5597.5	1
5598.5	1
5599.5	2
5600.5	1
5601.5	1
5602.5	3
5603.5	0
5604.5	3
5605.5	3
5606.5	2
5607.5	3
5608.5	2
5609.5	4
5610.5	0
5611.5	3
5612.5	1
5613.5	0
5614.5	0
5615.5	1
5616.5	0
5617.5	2
5618.5	1
5619.5	2
5620.5	0
5621.5	2
5622.5	0
5623.5	0
5624.5	0
5625.5	3
5626.5	1
5627.5	1
5628.5	2
5629.5	0
5630.5	0
5631.5	3
5632.5	1
5633.5	1
5634.5	0
5635.5	2
5636.5	1
5637.5	0
5638.5	0
5639.5	3
5640.5	0
5641.5	5
5642.5	0
5643.5	2
5644.5	3
5645.5	0
5646.5	2
5647.5	0
5648.5	1
5649.5	1
5650.5	3
5651.5	1
5652.5	0
5653.5	4
5654.5	1
5655.5	5
5656.5	2
5657.5	2
5658.5	1
5659.5	2
5660.5	4
5661.5	1
5662.5	2
5663.5	1
5664.5	1
5665.5	0
5666.5	2
5667.5	0
5668.5	2
5669.5	2
5670.5	2
5671.5	0
5672.5	0
5673.5	0
5674.5	2
5675.5	1
5676.5	1
5677.5	3
5678.5	2
5679.5	3
5680.5	1
5681.5	1
5682.5	1
5683.5	2
5684.5	2
5685.5	1
5686.5	1
5687.5	1
5688.5	3
5689.5	2
5690.5	1
5691.5	2
5692.5	1
5693.5	1
5694.5	1
5695.5	0
5696.5	2
5697.5	1
5698.5	1
5699.5	3
5700.5	2
5701.5	1
5702.5	1
5703.5	2
5704.5	3
5705.5	3
5706.5	2
5707.5	0
5708.5	1
5709.5	0
5710.5	1
5711.5	1
5712.5	2
5713.5	1
5714.5	5
5715.5	2
5716.5	0
5717.5	2
5718.5	0
5719.5	3
5720.5	1
5721.5	0
5722.5	1
5723.5	1
5724.5	3
5725.5	2
5726.5	1
5727.5	1
5728.5	0
5729.5	0
5730.5	0
5731.5	2
5732.5	0
5733.5	1
5734.5	1
5735.5	0
5736.5	2
5737.5	0
5738.5	0
5739.5	1
5740.5	0
5741.5	0
5742.5	0
5743.5	0
5744.5	3
5745.5	2
5746.5	1
5747.5	0
5748.5	2
5749.5	1
5750.5	1
5751.5	1
5752.5	1
5753.5	0
5754.5	0
5755.5	2
5756.5	0
5757.5	1
5758.5	0
5759.5	3
5760.5	1
5761.5	1
5762.5	0
5763.5	0
5764.5	0
5765.5	2
5766.5	0
5767.5	3
5768.5	2
5769.5	2
5770.5	2
5771.5	0
5772.5	5
5773.5	1
5774.5	0
5775.5	0
5776.5	1
5777.5	1
5778.5	1
5779.5	2
5780.5	1
5781.5	0
5782.5	0
5783.5	0
5784.5	0
5785.5	4
5786.5	1
5787.5	0
5788.5	1
5789.5	0
5790.5	1
5791.5	2
5792.5	0
5793.5	0
5794.5	0
5795.5	2
5796.5	1
5797.5	1
5798.5	0
5799.5	1
5800.5	0
5801.5	0
5802.5	1
5803.5	0
5804.5	0
5805.5	1
5806.5	1
5807.5	0
5808.5	2
5809.5	1
5810.5	1
5811.5	0
5812.5	1
5813.5	1
5814.5	1
5815.5	2
5816.5	1
5817.5	2
5818.5	0
5819.5	0
5820.5	0
5821.5	0
5822.5	1
5823.5	1
5824.5	0
5825.5	0
5826.5	0
5827.5	3
5828.5	0
5829.5	0
5830.5	0
5831.5	0
5832.5	0
5833.5	1
5834.5	0
5835.5	2
5836.5	0
5837.5	2
5838.5	0
5839.5	1
5840.5	0
5841.5	1
5842.5	2
5843.5	0
5844.5	1
5845.5	0
5846.5	1
5847.5	0
5848.5	0
5849.5	1
5850.5	0
5851.5	1
5852.5	1
5853.5	3
5854.5	1
5855.5	1
5856.5	0
5857.5	0
5858.5	0
5859.5	1
5860.5	1
5861.5	2
5862.5	1
5863.5	0
5864.5	0
5865.5	2
5866.5	1
5867.5	0
5868.5	0
5869.5	0
5870.5	0
5871.5	0
5872.5	2
5873.5	1
5874.5	0
5875.5	1
5876.5	0
5877.5	1
5878.5	1
5879.5	1
5880.5	0
5881.5	0
5882.5	1
5883.5	0
5884.5	2
5885.5	0
5886.5	0
5887.5	0
5888.5	0
5889.5	0
5890.5	1
5891.5	0
5892.5	0
5893.5	0
5894.5	0
5895.5	2
5896.5	1
5897.5	1
5898.5	0
5899.5	0
5900.5	0
5901.5	0
5902.5	0
5903.5	0
5904.5	1
5905.5	0
5906.5	2
5907.5	2
5908.5	0
5909.5	1
5910.5	1
5911.5	1
5912.5	1
5913.5	0
5914.5	3
5915.5	0
5916.5	2
5917.5	0
5918.5	2
5919.5	0
5920.5	0
5921.5	1
5922.5	0
5923.5	2
5924.5	0
5925.5	1
5926.5	0
5927.5	0
5928.5	0
5929.5	1
5930.5	2
5931.5	1
5932.5	0
5933.5	2
5934.5	0
5935.5	0
5936.5	0
5937.5	0
5938.5	0
5939.5	2
5940.5	0
5941.5	2
5942.5	1
5943.5	1
5944.5	1
5945.5	1
5946.5	0
5947.5	0
5948.5	1
5949.5	1
5950.5	0
5951.5	1
5952.5	0
5953.5	1
5954.5	0
5955.5	0
5956.5	1
5957.5	1
5958.5	1
5959.5	0
5960.5	1
5961.5	0
5962.5	1
5963.5	0
5964.5	1
5965.5	1
5966.5	0
5967.5	0
5968.5	0
5969.5	1
5970.5	1
5971.5	1
5972.5	0
5973.5	0
5974.5	0
5975.5	2
5976.5	1
5977.5	0
5978.5	0
5979.5	1
5980.5	1
5981.5	3
5982.5	1
5983.5	0
5984.5	1
5985.5	3
5986.5	2
5987.5	0
5988.5	0
5989.5	0
5990.5	1
5991.5	0
5992.5	0
5993.5	0
5994.5	0
5995.5	0
5996.5	1
5997.5	1
5998.5	1
5999.5	0
6000.5	1
6001.5	1
6002.5	0
6003.5	1
6004.5	1
6005.5	1
6006.5	0
6007.5	0
6008.5	1
6009.5	0
6010.5	0
6011.5	0
6012.5	0
6013.5	0
6014.5	0
6015.5	1
6016.5	0
6017.5	1
6018.5	0
6019.5	1
6020.5	0
6021.5	2
6022.5	0
6023.5	0
6024.5	0
6025.5	2
6026.5	1
6027.5	1
6028.5	2
6029.5	1
6030.5	0
6031.5	1
6032.5	0
6033.5	0
6034.5	0
6035.5	0
6036.5	1
6037.5	2
6038.5	0
6039.5	0
6040.5	1
6041.5	1
6042.5	1
6043.5	0
6044.5	0
6045.5	1
6046.5	2
6047.5	0
6048.5	1
6049.5	0
6050.5	0
6051.5	1
6052.5	2
6053.5	1
6054.5	2
6055.5	1
6056.5	0
6057.5	0
6058.5	1
6059.5	2
6060.5	0
6061.5	0
6062.5	1
6063.5	2
6064.5	1
6065.5	0
6066.5	0
6067.5	1
6068.5	2
6069.5	0
6070.5	0
6071.5	0
6072.5	0
6073.5	1
6074.5	0
6075.5	0
6076.5	1
6077.5	1
6078.5	0
6079.5	1
6080.5	1
6081.5	0
6082.5	0
6083.5	0
6084.5	2
6085.5	0
6086.5	0
6087.5	0
6088.5	0
6089.5	0
6090.5	1
6091.5	1
6092.5	0
6093.5	1
6094.5	0
6095.5	1
6096.5	0
6097.5	0
6098.5	0
6099.5	0
6100.5	1
6101.5	1
6102.5	1
6103.5	2
6104.5	0
6105.5	0
6106.5	0
6107.5	0
6108.5	0
6109.5	0
6110.5	0
6111.5	0
6112.5	2
6113.5	0
6114.5	0
6115.5	0
6116.5	0
6117.5	0
6118.5	0
6119.5	0
6120.5	1
6121.5	1
6122.5	1
6123.5	1
6124.5	0
6125.5	0
6126.5	0
6127.5	0
6128.5	0
6129.5	0
6130.5	2
6131.5	1
6132.5	0
6133.5	1
6134.5	0
6135.5	0
6136.5	1
6137.5	0
6138.5	0
6139.5	1
6140.5	0
6141.5	0
6142.5	1
6143.5	0
6144.5	0
6145.5	0
6146.5	0
6147.5	0
6148.5	0
6149.5	0
6150.5	0
6151.5	2
6152.5	1
6153.5	1
6154.5	0
6155.5	0
6156.5	1
6157.5	0
6158.5	0
6159.5	1
6160.5	2
6161.5	0
6162.5	0
6163.5	0
6164.5	0
6165.5	0
6166.5	1
6167.5	0
6168.5	0
6169.5	2
6170.5	0
6171.5	0
6172.5	1
6173.5	0
6174.5	1
6175.5	1
6176.5	1
6177.5	1
6178.5	0
6179.5	1
6180.5	0
6181.5	1
6182.5	0
6183.5	1
6184.5	0
6185.5	1
6186.5	0
6187.5	0
6188.5	1
6189.5	1
6190.5	0
6191.5	1
6192.5	0
6193.5	0
6194.5	1
6195.5	0
6196.5	0
6197.5	2
6198.5	0
6199.5	0
6200.5	0
6201.5	1
6202.5	0
6203.5	0
6204.5	0
6205.5	1
6206.5	0
6207.5	0
6208.5	1
6209.5	2
6210.5	1
6211.5	0
6212.5	0
6213.5	1
6214.5	0
6215.5	0
6216.5	1
6217.5	2
6218.5	0
6219.5	0
6220.5	1
6221.5	0
6222.5	0
6223.5	0
6224.5	1
6225.5	1
6226.5	2
6227.5	2
6228.5	0
6229.5	0
6230.5	0
6231.5	1
6232.5	0
6233.5	0
6234.5	0
6235.5	0
6236.5	0
6237.5	0
6238.5	0
6239.5	0
6240.5	0
6241.5	0
6242.5	0
6243.5	1
6244.5	1
6245.5	1
6246.5	0
6247.5	0
6248.5	1
6249.5	0
6250.5	0
6251.5	0
6252.5	0
6253.5	1
6254.5	2
6255.5	2
6256.5	1
6257.5	2
6258.5	0
6259.5	0
6260.5	0
6261.5	1
6262.5	0
6263.5	0
6264.5	0
6265.5	1
6266.5	0
6267.5	0
6268.5	0
6269.5	0
6270.5	1
6271.5	0
6272.5	0
6273.5	0
6274.5	0
6275.5	0
6276.5	0
6277.5	0
6278.5	0
6279.5	0
6280.5	0
6281.5	1
6282.5	1
6283.5	1
6284.5	0
6285.5	0
6286.5	1
6287.5	0
6288.5	1
6289.5	0
6290.5	1
6291.5	1
6292.5	0
6293.5	0
6294.5	1
6295.5	2
6296.5	0
6297.5	0
6298.5	2
6299.5	1
6300.5	1
6301.5	1
6302.5	0
6303.5	0
6304.5	0
6305.5	0
6306.5	0
6307.5	0
6308.5	0
6309.5	0
6310.5	0
6311.5	0
6312.5	0
6313.5	0
6314.5	0
6315.5	0
6316.5	0
6317.5	2
6318.5	0
6319.5	0
6320.5	0
6321.5	0
6322.5	0
6323.5	0
6324.5	0
6325.5	0
6326.5	0
6327.5	0
6328.5	1
6329.5	0
6330.5	1
6331.5	1
6332.5	0
6333.5	2
6334.5	2
6335.5	1
6336.5	0
6337.5	0
6338.5	1
6339.5	1
6340.5	1
6341.5	0
6342.5	2
6343.5	0
6344.5	0
6345.5	0
6346.5	0
6347.5	1
6348.5	3
6349.5	1
6350.5	1
6351.5	1
6352.5	0
6353.5	0
6354.5	0
6355.5	0
6356.5	0
6357.5	2
6358.5	0
6359.5	1
6360.5	1
6361.5	1
6362.5	0
6363.5	1
6364.5	0
6365.5	1
6366.5	1
6367.5	0
6368.5	1
6369.5	0
6370.5	0
6371.5	0
6372.5	0
6373.5	2
6374.5	0
6375.5	1
6376.5	0
6377.5	0
6378.5	0
6379.5	0
6380.5	0
6381.5	1
6382.5	0
6383.5	0
6384.5	0
6385.5	0
6386.5	1
6387.5	1
6388.5	0
6389.5	0
6390.5	0
6391.5	1
6392.5	1
6393.5	0
6394.5	0
6395.5	0
6396.5	0
6397.5	0
6398.5	0
6399.5	2
6400.5	1
6401.5	0
6402.5	1
6403.5	0
6404.5	0
6405.5	0
6406.5	0
6407.5	0
6408.5	0
6409.5	0
6410.5	0
6411.5	0
6412.5	1
6413.5	0
6414.5	0
6415.5	1
6416.5	0
6417.5	0
6418.5	1
6419.5	0
6420.5	0
6421.5	0
6422.5	0
6423.5	0
6424.5	1
6425.5	0
6426.5	0
6427.5	1
6428.5	0
6429.5	0
6430.5	1
6431.5	1
6432.5	0
6433.5	0
6434.5	0
6435.5	0
6436.5	1
6437.5	1
6438.5	0
6439.5	0
6440.5	1
6441.5	0
6442.5	0
6443.5	0
6444.5	0
6445.5	0
6446.5	0
6447.5	0
6448.5	0
6449.5	1
6450.5	1
6451.5	0
6452.5	0
6453.5	0
6454.5	0
6455.5	0
6456.5	1
6457.5	0
6458.5	0
6459.5	0
6460.5	0
6461.5	0
6462.5	0
6463.5	0
6464.5	0
6465.5	0
6466.5	0
6467.5	0
6468.5	0
6469.5	1
6470.5	1
6471.5	0
6472.5	0
6473.5	0
6474.5	0
6475.5	0
6476.5	0
6477.5	2
6478.5	0
6479.5	0
6480.5	0
6481.5	1
6482.5	0
6483.5	0
6484.5	0
6485.5	0
6486.5	1
6487.5	0
6488.5	0
6489.5	1
6490.5	0
6491.5	0
6492.5	0
6493.5	0
6494.5	0
6495.5	0
6496.5	0
6497.5	0
6498.5	0
6499.5	0
6500.5	0
6501.5	1
6502.5	0
6503.5	1
6504.5	2
6505.5	0
6506.5	0
6507.5	0
6508.5	0
6509.5	1
6510.5	0
6511.5	0
6512.5	0
6513.5	0
6514.5	1
6515.5	0
6516.5	0
6517.5	0
6518.5	0
6519.5	0
6520.5	0
6521.5	3
6522.5	1
6523.5	0
6524.5	0
6525.5	1
6526.5	0
6527.5	1
6528.5	0
6529.5	0
6530.5	0
6531.5	0
6532.5	1
6533.5	0
6534.5	0
6535.5	0
6536.5	0
6537.5	1
6538.5	1
6539.5	1
6540.5	0
6541.5	1
6542.5	0
6543.5	0
6544.5	0
6545.5	0
6546.5	0
6547.5	0
6548.5	0
6549.5	2
6550.5	0
6551.5	1
6552.5	0
6553.5	0
6554.5	0
6555.5	1
6556.5	0
6557.5	2
6558.5	0
6559.5	1
6560.5	0
6561.5	1
6562.5	0
6563.5	0
6564.5	0
6565.5	0
6566.5	1
6567.5	0
6568.5	1
6569.5	0
6570.5	1
6571.5	1
6572.5	0
6573.5	0
6574.5	0
6575.5	0
6576.5	0
6577.5	0
6578.5	2
6579.5	0
6580.5	0
6581.5	0
6582.5	1
6583.5	1
6584.5	0
6585.5	1
6586.5	0
6587.5	0
6588.5	0
6589.5	0
6590.5	0
6591.5	2
6592.5	1
6593.5	2
6594.5	0
6595.5	0
6596.5	0
6597.5	0
6598.5	0
6599.5	0
6600.5	0
6601.5	1
6602.5	1
6603.5	1
6604.5	1
6605.5	1
6606.5	0
6607.5	0
6608.5	0
6609.5	0
6610.5	1
6611.5	0
6612.5	0
6613.5	0
6614.5	0
6615.5	2
6616.5	1
6617.5	1
6618.5	0
6619.5	0
6620.5	0
6621.5	0
6622.5	0
6623.5	0
6624.5	0
6625.5	0
6626.5	0
6627.5	1
6628.5	0
6629.5	0
6630.5	0
6631.5	0
6632.5	0
6633.5	0
6634.5	0
6635.5	0
6636.5	0
6637.5	0
6638.5	0
6639.5	1
6640.5	0
6641.5	0
6642.5	0
6643.5	1
6644.5	1
6645.5	0
6646.5	0
6647.5	0
6648.5	0
6649.5	0
6650.5	1
6651.5	0
6652.5	0
6653.5	0
6654.5	0
6655.5	0
6656.5	0
6657.5	0
6658.5	0
6659.5	1
6660.5	1
6661.5	0
6662.5	0
6663.5	0
6664.5	0
6665.5	0
6666.5	2
6667.5	0
6668.5	0
6669.5	0
6670.5	0
6671.5	0
6672.5	0
6673.5	0
6674.5	0
6675.5	0
6676.5	0
6677.5	0
6678.5	0
6679.5	0
6680.5	0
6681.5	1
6682.5	0
6683.5	0
6684.5	1
6685.5	0
6686.5	2
6687.5	0
6688.5	0
6689.5	0
6690.5	0
6691.5	0
6692.5	0
6693.5	0
6694.5	0
6695.5	0
6696.5	0
6697.5	0
6698.5	1
6699.5	0
6700.5	1
6701.5	0
6702.5	0
6703.5	0
6704.5	1
6705.5	1
6706.5	0
6707.5	0
6708.5	0
6709.5	0
6710.5	0
6711.5	0
6712.5	0
6713.5	0
6714.5	0
6715.5	0
6716.5	1
6717.5	0
6718.5	0
6719.5	1
6720.5	0
6721.5	0
6722.5	0
6723.5	1
6724.5	0
6725.5	0
6726.5	0
6727.5	1
6728.5	0
6729.5	0
6730.5	0
6731.5	0
6732.5	0
6733.5	0
6734.5	0
6735.5	0
6736.5	0
6737.5	0
6738.5	0
6739.5	0
6740.5	0
6741.5	0
6742.5	0
6743.5	1
6744.5	0
6745.5	0
6746.5	0
6747.5	0
6748.5	0
6749.5	1
6750.5	1
6751.5	1
6752.5	0
6753.5	0
6754.5	0
6755.5	0
6756.5	0
6757.5	1
6758.5	1
6759.5	1
6760.5	0
6761.5	0
6762.5	1
6763.5	0
6764.5	0
6765.5	1
6766.5	0
6767.5	0
6768.5	1
6769.5	0
6770.5	0
6771.5	0
6772.5	0
6773.5	0
6774.5	0
6775.5	0
6776.5	0
6777.5	0
6778.5	1
6779.5	0
6780.5	0
6781.5	0
6782.5	0
6783.5	0
6784.5	1
6785.5	0
6786.5	0
6787.5	0
6788.5	0
6789.5	0
6790.5	0
6791.5	0
6792.5	2
6793.5	0
6794.5	0
6795.5	0
6796.5	0
6797.5	0
6798.5	0
6799.5	0
6800.5	1
6801.5	1
6802.5	0
6803.5	0
6804.5	0
6805.5	0
6806.5	0
6807.5	0
6808.5	0
6809.5	0
6810.5	0
6811.5	0
6812.5	0
6813.5	0
6814.5	0
6815.5	0
6816.5	1
6817.5	0
6818.5	0
6819.5	0
6820.5	0
6821.5	0
6822.5	0
6823.5	0
6824.5	0
6825.5	0
6826.5	0
6827.5	0
6828.5	0
6829.5	0
6830.5	0
6831.5	0
6832.5	0
6833.5	0
6834.5	0
6835.5	0
6836.5	0
6837.5	0
6838.5	0
6839.5	0
6840.5	1
6841.5	0
6842.5	1
6843.5	0
6844.5	0
6845.5	0
6846.5	0
6847.5	0
6848.5	0
6849.5	0
6850.5	0
6851.5	0
6852.5	1
6853.5	0
6854.5	0
6855.5	0
6856.5	0
6857.5	0
6858.5	1
6859.5	0
6860.5	0
6861.5	1
6862.5	0
6863.5	0
6864.5	0
6865.5	0
6866.5	0
6867.5	0
6868.5	0
6869.5	0
6870.5	1
6871.5	1
6872.5	1
6873.5	1
6874.5	0
6875.5	0
6876.5	0
6877.5	0
6878.5	0
6879.5	0
6880.5	1
6881.5	1
6882.5	0
6883.5	0
6884.5	0
6885.5	0
6886.5	0
6887.5	0
6888.5	0
6889.5	1
6890.5	1
6891.5	0
6892.5	2
6893.5	0
6894.5	0
6895.5	0
6896.5	0
6897.5	0
6898.5	0
6899.5	0
6900.5	0
6901.5	0
6902.5	1
6903.5	0
6904.5	0
6905.5	0
6906.5	0
6907.5	0
6908.5	1
6909.5	1
6910.5	0
6911.5	0
6912.5	0
6913.5	0
6914.5	0
6915.5	0
6916.5	1
6917.5	0
6918.5	0
6919.5	2
6920.5	0
6921.5	0
6922.5	0
6923.5	0
6924.5	0
6925.5	0
6926.5	2
6927.5	0
6928.5	1
6929.5	1
6930.5	0
6931.5	1
6932.5	0
6933.5	0
6934.5	0
6935.5	0
6936.5	0
6937.5	0
6938.5	0
6939.5	0
6940.5	0
6941.5	0
6942.5	0
6943.5	0
6944.5	0
6945.5	0
6946.5	0
6947.5	0
6948.5	0
6949.5	0
6950.5	0
6951.5	0
6952.5	0
6953.5	1
6954.5	0
6955.5	0
6956.5	0
6957.5	0
6958.5	0
6959.5	0
6960.5	0
6961.5	0
6962.5	1
6963.5	0
6964.5	0
6965.5	0
6966.5	0
6967.5	0
6968.5	1
6969.5	0
6970.5	0
6971.5	0
6972.5	0
6973.5	1
6974.5	0
6975.5	0
6976.5	0
6977.5	0
6978.5	0
6979.5	0
6980.5	0
6981.5	0
6982.5	0
6983.5	0
6984.5	0
6985.5	1
6986.5	0
6987.5	1
6988.5	2
6989.5	0
6990.5	0
6991.5	0
6992.5	0
6993.5	0
6994.5	0
6995.5	0
6996.5	0
6997.5	0
6998.5	0
6999.5	0
7000.5	0
7001.5	0
7002.5	0
7003.5	0
7004.5	0
7005.5	0
7006.5	0
7007.5	0
7008.5	0
7009.5	0
7010.5	0
7011.5	0
7012.5	0
7013.5	0
7014.5	0
7015.5	0
7016.5	0
7017.5	0
7018.5	0
7019.5	0
7020.5	0
7021.5	0
7022.5	1
7023.5	0
7024.5	0
7025.5	0
7026.5	0
7027.5	0
7028.5	0
7029.5	0
7030.5	2
7031.5	0
7032.5	0
7033.5	0
7034.5	0
7035.5	0
7036.5	0
7037.5	0
7038.5	0
7039.5	0
7040.5	0
7041.5	0
7042.5	0
7043.5	1
7044.5	0
7045.5	0
7046.5	0
7047.5	0
7048.5	0
7049.5	0
7050.5	0
7051.5	0
7052.5	0
7053.5	0
7054.5	0
7055.5	0
7056.5	1
7057.5	0
7058.5	0
7059.5	0
7060.5	0
7061.5	0
7062.5	0
7063.5	0
7064.5	0
7065.5	0
7066.5	0
7067.5	0
7068.5	0
7069.5	0
7070.5	0
7071.5	0
7072.5	0
7073.5	0
7074.5	0
7075.5	0
7076.5	0
7077.5	0
7078.5	0
7079.5	0
7080.5	0
7081.5	0
7082.5	0
7083.5	0
7084.5	0
7085.5	0
7086.5	0
7087.5	0
7088.5	0
7089.5	0
7090.5	0
7091.5	0
7092.5	0
7093.5	0
7094.5	0
7095.5	0
7096.5	0
7097.5	0
7098.5	0
7099.5	0
7100.5	0
7101.5	0
7102.5	0
7103.5	0
7104.5	0
7105.5	0
7106.5	0
7107.5	0
7108.5	0
7109.5	0
7110.5	0
7111.5	0
7112.5	0
7113.5	0
7114.5	0
7115.5	0
7116.5	0
7117.5	0
7118.5	0
7119.5	0
7120.5	0
7121.5	0
7122.5	0
7123.5	0
7124.5	0
7125.5	0
7126.5	0
7127.5	0
7128.5	0
7129.5	0
7130.5	0
7131.5	0
7132.5	0
7133.5	0
7134.5	0
7135.5	0
7136.5	0
7137.5	0
7138.5	0
7139.5	0
7140.5	0
7141.5	0
7142.5	0
7143.5	0
7144.5	0
7145.5	0
7146.5	0
7147.5	0
7148.5	0
7149.5	0
7150.5	0
7151.5	0
7152.5	0
7153.5	0
7154.5	0
7155.5	0
7156.5	0
7157.5	0
7158.5	0
7159.5	0
7160.5	0
7161.5	0
7162.5	0
7163.5	0
7164.5	0
7165.5	0
7166.5	0
7167.5	0
7168.5	0
7169.5	0
7170.5	0
7171.5	0
7172.5	0
7173.5	0
7174.5	0
7175.5	0
7176.5	0
7177.5	0
7178.5	0
7179.5	0
7180.5	0
7181.5	0
7182.5	0
7183.5	0
7184.5	0
7185.5	0
7186.5	0
7187.5	0
7188.5	0
7189.5	0
7190.5	0
7191.5	0
7192.5	0
7193.5	0
7194.5	0
7195.5	0
7196.5	0
7197.5	0
7198.5	0
7199.5	0
7200.5	0
7201.5	0
7202.5	0
7203.5	0
7204.5	0
7205.5	0
7206.5	0
7207.5	0
7208.5	0
7209.5	0
7210.5	0
7211.5	0
7212.5	0
7213.5	0
7214.5	0
7215.5	0
7216.5	0
7217.5	0
7218.5	0
7219.5	0
7220.5	0
7221.5	0
7222.5	0
7223.5	0
7224.5	0
7225.5	0
7226.5	0
7227.5	0
7228.5	0
7229.5	0
7230.5	0
7231.5	0
7232.5	0
7233.5	0
7234.5	0
7235.5	0
7236.5	0
7237.5	0
7238.5	0
7239.5	0
7240.5	0
7241.5	0
7242.5	0
7243.5	0
7244.5	0
7245.5	0
7246.5	0
7247.5	0
7248.5	0
7249.5	0
7250.5	0
7251.5	0
7252.5	0
7253.5	0
7254.5	0
7255.5	0
7256.5	0
7257.5	0
7258.5	0
7259.5	0
7260.5	0
7261.5	0
7262.5	0
7263.5	0
7264.5	0
7265.5	0
7266.5	0
7267.5	0
7268.5	0
7269.5	0
7270.5	0
7271.5	0
7272.5	0
7273.5	0
7274.5	0
7275.5	0
7276.5	0
7277.5	0
7278.5	0
7279.5	0
7280.5	0
7281.5	0
7282.5	0
7283.5	0
7284.5	0
7285.5	0
7286.5	0
7287.5	0
7288.5	0
7289.5	0
7290.5	0
7291.5	0
7292.5	0
7293.5	0
7294.5	0
7295.5	0
7296.5	0
7297.5	0
7298.5	0
7299.5	0
7300.5	0
7301.5	0
7302.5	0
7303.5	0
7304.5	0
7305.5	0
7306.5	0
7307.5	0
7308.5	0
7309.5	0
7310.5	0
7311.5	0
7312.5	0
7313.5	0
7314.5	0
7315.5	0
7316.5	0
7317.5	0
7318.5	0
7319.5	0
7320.5	0
7321.5	0
7322.5	0
7323.5	0
7324.5	0
7325.5	0
7326.5	0
7327.5	0
7328.5	0
7329.5	0
7330.5	0
7331.5	0
7332.5	0
7333.5	0
7334.5	0
7335.5	0
7336.5	0
7337.5	0
7338.5	0
7339.5	0
7340.5	0
7341.5	0
7342.5	0
7343.5	0
7344.5	0
7345.5	0
7346.5	0
7347.5	0
7348.5	0
7349.5	0
7350.5	0
7351.5	0
7352.5	0
7353.5	0
7354.5	0
7355.5	0
7356.5	0
7357.5	0
7358.5	0
7359.5	0
7360.5	0
7361.5	0
7362.5	0
7363.5	0
7364.5	0
7365.5	0
7366.5	0
7367.5	0
7368.5	0
7369.5	0
7370.5	0
7371.5	0
7372.5	0
7373.5	0
7374.5	0
7375.5	0
7376.5	0
7377.5	0
7378.5	0
7379.5	0
7380.5	0
7381.5	0
7382.5	0
7383.5	0
7384.5	0
7385.5	0
7386.5	0
7387.5	0
7388.5	0
7389.5	0
7390.5	0
7391.5	0
7392.5	0
7393.5	0
7394.5	0
7395.5	0
7396.5	0
7397.5	0
7398.5	0
7399.5	0
7400.5	0
7401.5	0
7402.5	0
7403.5	0
7404.5	0
7405.5	0
7406.5	0
7407.5	0
7408.5	0
7409.5	0
7410.5	0
7411.5	0
7412.5	0
7413.5	0
7414.5	0
7415.5	0
7416.5	0
7417.5	0
7418.5	0
7419.5	0
7420.5	0
7421.5	0
7422.5	0
7423.5	0
7424.5	0
7425.5	0
7426.5	0
7427.5	0
7428.5	0
7429.5	0
7430.5	0
7431.5	0
7432.5	0
7433.5	0
7434.5	0
7435.5	0
7436.5	0
7437.5	0
7438.5	0
7439.5	0
7440.5	0
7441.5	0
7442.5	0
7443.5	0
7444.5	0
7445.5	0
7446.5	0
7447.5	0
7448.5	0
7449.5	0
7450.5	0
7451.5	0
7452.5	0
7453.5	0
7454.5	0
7455.5	0
7456.5	0
7457.5	0
7458.5	0
7459.5	0
7460.5	0
7461.5	0
7462.5	0
7463.5	0
7464.5	0
7465.5	0
7466.5	0
7467.5	0
7468.5	0
7469.5	0
7470.5	0
7471.5	0
7472.5	0
7473.5	0
7474.5	0
7475.5	0
7476.5	0
7477.5	0
7478.5	0
7479.5	0
7480.5	0
7481.5	0
7482.5	0
7483.5	0
7484.5	0
7485.5	0
7486.5	0
7487.5	0
7488.5	0
7489.5	0
7490.5	0
7491.5	0
7492.5	0
7493.5	0
7494.5	0
7495.5	0
7496.5	0
7497.5	0
7498.5	0
7499.5	0
7500.5	0
7501.5	0
7502.5	0
7503.5	0
7504.5	0
7505.5	0
7506.5	0
7507.5	0
7508.5	0
7509.5	0
7510.5	0
7511.5	0
7512.5	0
7513.5	0
7514.5	0
7515.5	0
7516.5	0
7517.5	0
7518.5	0
7519.5	0
7520.5	0
7521.5	0
7522.5	0
7523.5	0
7524.5	0
7525.5	0
7526.5	0
7527.5	0
7528.5	0
7529.5	0
7530.5	0
7531.5	0
7532.5	0
7533.5	0
7534.5	0
7535.5	0
7536.5	0
7537.5	0
7538.5	0
7539.5	0
7540.5	0
7541.5	0
7542.5	0
7543.5	0
7544.5	0
7545.5	0
7546.5	0
7547.5	0
7548.5	0
7549.5	0
7550.5	0
7551.5	0
7552.5	0
7553.5	0
7554.5	0
7555.5	0
7556.5	0
7557.5	0
7558.5	0
7559.5	0
7560.5	0
7561.5	0
7562.5	0
7563.5	0
7564.5	0
7565.5	0
7566.5	0
7567.5	0
7568.5	0
7569.5	0
7570.5	0
7571.5	0
7572.5	0
7573.5	0
7574.5	0
7575.5	0
7576.5	0
7577.5	0
7578.5	0
7579.5	0
7580.5	0
7581.5	0
7582.5	0
7583.5	0
7584.5	0
7585.5	0
7586.5	0
7587.5	0
7588.5	0
7589.5	0
7590.5	0
7591.5	0
7592.5	0
7593.5	0
7594.5	0
7595.5	0
7596.5	0
7597.5	0
7598.5	0
7599.5	0
7600.5	0
7601.5	0
7602.5	0
7603.5	0
7604.5	0
7605.5	0
7606.5	0
7607.5	0
7608.5	0
7609.5	0
7610.5	0
7611.5	0
7612.5	0
7613.5	0
7614.5	0
7615.5	0
7616.5	0
7617.5	0
7618.5	0
7619.5	0
7620.5	0
7621.5	0
7622.5	0
7623.5	0
7624.5	0
7625.5	0
7626.5	0
7627.5	0
7628.5	0
7629.5	0
7630.5	0
7631.5	0
7632.5	0
7633.5	0
7634.5	0
7635.5	0
7636.5	0
7637.5	0
7638.5	0
7639.5	0
7640.5	0
7641.5	0
7642.5	0
7643.5	0
7644.5	0
7645.5	0
7646.5	0
7647.5	0
7648.5	0
7649.5	0
7650.5	0
7651.5	0
7652.5	0
7653.5	0
7654.5	0
7655.5	0
7656.5	0
7657.5	0
7658.5	0
7659.5	0
7660.5	0
7661.5	0
7662.5	0
7663.5	0
7664.5	0
7665.5	0
7666.5	0
7667.5	0
7668.5	0
7669.5	0
7670.5	0
7671.5	0
7672.5	0
7673.5	0
7674.5	0
7675.5	0
7676.5	0
7677.5	0
7678.5	0
7679.5	0
7680.5	0
7681.5	0
7682.5	0
7683.5	0
7684.5	0
7685.5	0
7686.5	0
7687.5	0
7688.5	0
7689.5	0
7690.5	0
7691.5	0
7692.5	0
7693.5	0
7694.5	0
7695.5	0
7696.5	0
7697.5	0
7698.5	0
7699.5	0
7700.5	0
7701.5	0
7702.5	0
7703.5	0
7704.5	0
7705.5	0
7706.5	0
7707.5	0
7708.5	0
7709.5	0
7710.5	0
7711.5	0
7712.5	0
7713.5	0
7714.5	0
7715.5	0
7716.5	0
7717.5	0
7718.5	0
7719.5	0
7720.5	0
7721.5	0
7722.5	0
7723.5	0
7724.5	0
7725.5	0
7726.5	0
7727.5	0
7728.5	0
7729.5	0
7730.5	0
7731.5	0
7732.5	0
7733.5	0
7734.5	0
7735.5	0
7736.5	0
7737.5	0
7738.5	0
7739.5	0
7740.5	0
7741.5	0
7742.5	0
7743.5	0
7744.5	0
7745.5	0
7746.5	0
7747.5	0
7748.5	0
7749.5	0
7750.5	0
7751.5	0
7752.5	0
7753.5	0
7754.5	0
7755.5	0
7756.5	0
7757.5	0
7758.5	0
7759.5	0
7760.5	0
7761.5	0
7762.5	0
7763.5	0
7764.5	0
7765.5	0
7766.5	0
7767.5	0
7768.5	0
7769.5	0
7770.5	0
7771.5	0
7772.5	0
7773.5	0
7774.5	0
7775.5	0
7776.5	0
7777.5	0
7778.5	0
7779.5	0
7780.5	0
7781.5	0
7782.5	0
7783.5	0
7784.5	0
7785.5	0
7786.5	0
7787.5	0
7788.5	0
7789.5	0
7790.5	0
7791.5	0
7792.5	0
7793.5	0
7794.5	0
7795.5	0
7796.5	0
7797.5	0
7798.5	0
7799.5	0
7800.5	0
7801.5	0
7802.5	0
7803.5	0
7804.5	0
7805.5	0
7806.5	0
7807.5	0
7808.5	0
7809.5	0
7810.5	0
7811.5	0
7812.5	0
7813.5	0
7814.5	0
7815.5	0
7816.5	0
7817.5	0
7818.5	0
7819.5	0
7820.5	0
7821.5	0
7822.5	0
7823.5	0
7824.5	0
7825.5	0
7826.5	0
7827.5	0
7828.5	0
7829.5	0
7830.5	0
7831.5	0
7832.5	0
7833.5	0
7834.5	0
7835.5	0
7836.5	0
7837.5	0
7838.5	0
7839.5	0
7840.5	0
7841.5	0
7842.5	0
7843.5	0
7844.5	0
7845.5	0
7846.5	0
7847.5	0
7848.5	0
7849.5	0
7850.5	0
7851.5	0
7852.5	0
7853.5	0
7854.5	0
7855.5	0
7856.5	0
7857.5	0
7858.5	0
7859.5	0
7860.5	0
7861.5	0
7862.5	0
7863.5	0
7864.5	0
7865.5	0
7866.5	0
7867.5	0
7868.5	0
7869.5	0
7870.5	0
7871.5	0
7872.5	0
7873.5	0
7874.5	0
7875.5	0
7876.5	0
7877.5	0
7878.5	0
7879.5	0
7880.5	0
7881.5	0
7882.5	0
7883.5	0
7884.5	0
7885.5	0
7886.5	0
7887.5	0
7888.5	0
7889.5	0
7890.5	0
7891.5	0
7892.5	0
7893.5	0
7894.5	0
7895.5	0
7896.5	0
7897.5	0
7898.5	0
7899.5	0
7900.5	0
7901.5	0
7902.5	0
7903.5	0
7904.5	0
7905.5	0
7906.5	0
7907.5	0
7908.5	0
7909.5	0
7910.5	0
7911.5	0
7912.5	0
7913.5	0
7914.5	0
7915.5	0
7916.5	0
7917.5	0
7918.5	0
7919.5	0
7920.5	0
7921.5	0
7922.5	0
7923.5	0
7924.5	0
7925.5	0
7926.5	0
7927.5	0
7928.5	0
7929.5	0
7930.5	0
7931.5	0
7932.5	0
7933.5	0
7934.5	0
7935.5	0
7936.5	0
7937.5	0
7938.5	0
7939.5	0
7940.5	0
7941.5	0
7942.5	0
7943.5	0
7944.5	0
7945.5	0
7946.5	0
7947.5	0
7948.5	0
7949.5	0
7950.5	0
7951.5	0
7952.5	0
7953.5	0
7954.5	0
7955.5	0
7956.5	0
7957.5	0
7958.5	0
7959.5	0
7960.5	0
7961.5	0
7962.5	0
7963.5	0
7964.5	0
7965.5	0
7966.5	0
7967.5	0
7968.5	0
7969.5	0
7970.5	0
7971.5	0
7972.5	0
7973.5	0
7974.5	0
7975.5	0
7976.5	0
7977.5	0
7978.5	0
7979.5	0
7980.5	0
7981.5	0
7982.5	0
7983.5	0
7984.5	0
7985.5	0
7986.5	0
7987.5	0
7988.5	0
7989.5	0
7990.5	0
7991.5	0
7992.5	0
7993.5	0
7994.5	0
7995.5	0
7996.5	0
7997.5	0
7998.5	0
7999.5	0
8000.5	0
8001.5	0
8002.5	0
8003.5	0
8004.5	0
8005.5	0
8006.5	0
8007.5	0
8008.5	0
8009.5	0
8010.5	0
8011.5	0
8012.5	0
8013.5	0
8014.5	0
8015.5	0
8016.5	0
8017.5	0
8018.5	0
8019.5	0
8020.5	0
8021.5	0
8022.5	0
8023.5	0
8024.5	0
8025.5	0
8026.5	0
8027.5	0
8028.5	0
8029.5	0
8030.5	0
8031.5	0
8032.5	0
8033.5	0
8034.5	0
8035.5	0
8036.5	0
8037.5	0
8038.5	0
8039.5	0
8040.5	0
8041.5	0
8042.5	0
8043.5	0
8044.5	0
8045.5	0
8046.5	0
8047.5	0
8048.5	0
8049.5	0
8050.5	0
8051.5	0
8052.5	0
8053.5	0
8054.5	0
8055.5	0
8056.5	0
8057.5	0
8058.5	0
8059.5	0
8060.5	0
8061.5	0
8062.5	0
8063.5	0
8064.5	0
8065.5	0
8066.5	0
8067.5	0
8068.5	0
8069.5	0
8070.5	0
8071.5	0
8072.5	0
8073.5	0
8074.5	0
8075.5	0
8076.5	0
8077.5	0
8078.5	0
8079.5	0
8080.5	0
8081.5	0
8082.5	0
8083.5	0
8084.5	0
8085.5	0
8086.5	0
8087.5	0
8088.5	0
8089.5	0
8090.5	0
8091.5	0
8092.5	0
8093.5	0
8094.5	0
8095.5	0
8096.5	0
8097.5	0
8098.5	0
8099.5	0
8100.5	0
8101.5	0
8102.5	0
8103.5	0
8104.5	0
8105.5	0
8106.5	0
8107.5	0
8108.5	0
8109.5	0
8110.5	0
8111.5	0
8112.5	0
8113.5	0
8114.5	0
8115.5	0
8116.5	0
8117.5	0
8118.5	0
8119.5	0
8120.5	0
8121.5	0
8122.5	0
8123.5	0
8124.5	0
8125.5	0
8126.5	0
8127.5	0
8128.5	0
8129.5	0
8130.5	0
8131.5	0
8132.5	0
8133.5	0
8134.5	0
8135.5	0
8136.5	0
8137.5	0
8138.5	0
8139.5	0
8140.5	0
8141.5	0
8142.5	0
8143.5	0
8144.5	0
8145.5	0
8146.5	0
8147.5	0
8148.5	0
8149.5	0
8150.5	0
8151.5	0
8152.5	0
8153.5	0
8154.5	0
8155.5	0
8156.5	0
8157.5	0
8158.5	0
8159.5	0
8160.5	0
8161.5	0
8162.5	0
8163.5	0
8164.5	0
8165.5	0
8166.5	0
8167.5	0
8168.5	0
8169.5	0
8170.5	0
8171.5	0
8172.5	0
8173.5	0
8174.5	0
8175.5	0
8176.5	0
8177.5	0
8178.5	0
8179.5	0
8180.5	0
8181.5	0
8182.5	0
8183.5	0
8184.5	0
8185.5	0
8186.5	0
8187.5	0
8188.5	0
8189.5	0
8190.5	0
8191.5	0
