0.5	1411
1.5	634
2.5	76
3.5	14
4.5	8
5.5	13
6.5	15
7.5	10
8.5	7
9.5	13
10.5	18
11.5	7
12.5	11
13.5	13
14.5	13
15.5	15
16.5	21
17.5	15
18.5	17
19.5	12
20.5	15
21.5	15
22.5	17
23.5	22
24.5	17
25.5	19
26.5	19
27.5	17
28.5	18
29.5	13
30.5	25
31.5	17
32.5	23
33.5	16
34.5	21
35.5	21
36.5	25
37.5	26
38.5	27
39.5	40
40.5	32
41.5	38
42.5	45
43.5	34
44.5	46
45.5	35
46.5	43
47.5	48
48.5	34
49.5	40
50.5	47
51.5	46
52.5	38
53.5	37
54.5	33
55.5	28
56.5	39
57.5	35
58.5	22
59.5	30
60.5	27
61.5	38
62.5	36
63.5	39
64.5	32
65.5	35
66.5	41
67.5	34
68.5	34
69.5	36
70.5	40
71.5	42
72.5	44
73.5	39
74.5	39
75.5	44
76.5	42
77.5	50
78.5	55
79.5	51
80.5	52
81.5	51
82.5	46
83.5	50
84.5	48
85.5	66
86.5	49
87.5	58
88.5	43
89.5	50
90.5	47
91.5	62
92.5	55
93.5	50
94.5	53
95.5	74
96.5	60
97.5	70
98.5	85
99.5	109
100.5	117
101.5	121
102.5	140
103.5	188
104.5	220
105.5	280
106.5	315
107.5	419
108.5	516
109.5	606
110.5	762
111.5	988
112.5	1257
113.5	1491
114.5	1723
115.5	2238
116.5	2783
117.5	3796
118.5	5349
119.5	8182
120.5	12264
121.5	18003
122.5	25716
123.5	35308
124.5	45071
125.5	53068
126.5	58437
127.5	58606
128.5	54849
129.5	46419
130.5	36890
131.5	27321
132.5	18877
133.5	12282
134.5	8069
135.5	5321
136.5	4192
137.5	3459
138.5	3118
139.5	3140
140.5	3157
141.5	3104
142.5	3198
143.5	3458
144.5	3732
145.5	4161
146.5	4685
147.5	5524
148.5	6878
149.5	8035
150.5	9354
151.5	10704
152.5	11615
153.5	12101
154.5	11856
155.5	10997
156.5	9707
157.5	8182
158.5	6551
159.5	5075
160.5	3927
161.5	3169
162.5	2556
163.5	2245
164.5	2052
165.5	1925
166.5	1816
167.5	1910
168.5	1883
169.5	1869
170.5	1991
171.5	1853
172.5	1879
173.5	1884
174.5	1846
175.5	1899
176.5	1965
177.5	2027
178.5	1885
179.5	1973
180.5	1941
181.5	1910
182.5	1821
183.5	1840
184.5	1725
185.5	1741
186.5	1755
187.5	1640
188.5	1571
189.5	1609
190.5	1580
191.5	1450
192.5	1442
193.5	1459
194.5	1367
195.5	1384
196.5	1418
197.5	1381
198.5	1402
199.5	1410
200.5	1444
201.5	1396
202.5	1479
203.5	1425
204.5	1419
205.5	1428
206.5	1489
207.5	1425
208.5	1429
209.5	1494
210.5	1448
211.5	1464
212.5	1505
213.5	1415
214.5	1319
215.5	1282
216.5	1244
217.5	1216
218.5	1145
219.5	1173
220.5	1076
221.5	1069
222.5	1035
223.5	1047
224.5	1032
225.5	1001
226.5	1021
227.5	1012
228.5	1009
229.5	985
230.5	1008
231.5	962
232.5	977
233.5	1045
234.5	916
235.5	927
236.5	945
237.5	947
238.5	916
239.5	950
240.5	942
241.5	876
242.5	923
243.5	943
244.5	964
245.5	950
246.5	911
247.5	943
248.5	884
249.5	906
250.5	936
251.5	946
252.5	954
253.5	875
254.5	885
255.5	914
256.5	873
257.5	869
258.5	883
259.5	838
260.5	895
261.5	868
262.5	842
263.5	828
264.5	814
265.5	852
266.5	864
267.5	863
268.5	897
269.5	990
270.5	1167
271.5	1328
272.5	1610
273.5	1969
274.5	2367
275.5	2762
276.5	3283
277.5	3757
278.5	4098
279.5	4462
280.5	4697
281.5	4540
282.5	4513
283.5	4173
284.5	3765
285.5	3315
286.5	2890
287.5	2440
288.5	1905
289.5	1584
290.5	1245
291.5	953
292.5	839
293.5	739
294.5	669
295.5	556
296.5	552
297.5	483
298.5	505
299.5	485
300.5	464
301.5	497
302.5	493
303.5	503
304.5	453
305.5	440
306.5	470
307.5	423
308.5	416
309.5	433
310.5	461
311.5	451
312.5	430
313.5	462
314.5	450
315.5	423
316.5	479
317.5	400
318.5	423
319.5	354
320.5	444
321.5	425
322.5	443
323.5	403
324.5	416
325.5	415
326.5	429
327.5	433
328.5	424
329.5	432
330.5	444
331.5	418
332.5	448
333.5	407
334.5	402
335.5	411
336.5	407
337.5	391
338.5	355
339.5	389
340.5	375
341.5	403
342.5	400
343.5	422
344.5	432
345.5	481
346.5	470
347.5	491
348.5	510
349.5	521
350.5	554
351.5	567
352.5	520
353.5	523
354.5	553
355.5	488
356.5	490
357.5	484
358.5	433
359.5	427
360.5	397
361.5	357
362.5	315
363.5	330
364.5	322
365.5	319
366.5	334
367.5	306
368.5	288
369.5	245
370.5	283
371.5	289
372.5	298
373.5	274
374.5	287
375.5	266
376.5	277
377.5	291
378.5	310
379.5	300
380.5	287
381.5	265
382.5	309
383.5	298
384.5	295
385.5	271
386.5	299
387.5	273
388.5	279
389.5	244
390.5	257
391.5	256
392.5	257
393.5	250
394.5	231
395.5	231
396.5	229
397.5	259
398.5	257
399.5	257
400.5	258
401.5	258
402.5	243
403.5	273
404.5	234
405.5	265
406.5	252
407.5	245
408.5	236
409.5	245
410.5	281
411.5	259
412.5	257
413.5	233
414.5	229
415.5	239
416.5	235
417.5	247
418.5	235
419.5	225
420.5	230
421.5	236
422.5	244
423.5	206
424.5	211
425.5	221
426.5	262
427.5	206
428.5	251
429.5	213
430.5	236
431.5	215
432.5	244
433.5	231
434.5	256
435.5	245
436.5	224
437.5	239
438.5	214
439.5	244
440.5	252
441.5	244
442.5	253
443.5	250
444.5	249
445.5	225
446.5	220
447.5	237
448.5	233
449.5	224
450.5	237
451.5	229
452.5	230
453.5	217
454.5	240
455.5	220
456.5	225
457.5	232
458.5	257
459.5	258
460.5	241
461.5	291
462.5	281
463.5	357
464.5	382
465.5	423
466.5	472
467.5	526
468.5	616
469.5	654
470.5	721
471.5	776
472.5	840
473.5	868
474.5	891
475.5	898
476.5	903
477.5	855
478.5	811
479.5	800
480.5	816
481.5	684
482.5	677
483.5	614
484.5	502
485.5	423
486.5	382
487.5	381
488.5	329
489.5	290
490.5	254
491.5	242
492.5	202
493.5	184
494.5	189
495.5	197
496.5	197
497.5	175
498.5	211
499.5	205
500.5	186
501.5	212
502.5	190
503.5	201
504.5	180
505.5	184
506.5	184
507.5	205
508.5	178
509.5	168
510.5	189
511.5	161
512.5	170
513.5	174
514.5	182
515.5	176
516.5	193
517.5	184
518.5	199
519.5	202
520.5	172
521.5	195
522.5	209
523.5	191
524.5	211
525.5	214
526.5	212
527.5	181
528.5	186
529.5	201
530.5	205
531.5	182
532.5	195
533.5	197
534.5	182
535.5	190
536.5	190
537.5	187
538.5	192
539.5	173
540.5	190
541.5	200
542.5	201
543.5	196
544.5	166
545.5	175
546.5	167
547.5	190
548.5	175
549.5	188
550.5	182
551.5	186
552.5	189
553.5	173
554.5	176
555.5	172
556.5	194
557.5	203
558.5	189
559.5	210
560.5	218
561.5	167
562.5	206
563.5	193
564.5	204
565.5	164
566.5	189
567.5	189
568.5	173
569.5	201
570.5	187
571.5	181
572.5	191
573.5	181
574.5	177
575.5	185
576.5	162
577.5	171
578.5	189
579.5	163
580.5	165
581.5	187
582.5	185
583.5	164
584.5	184
585.5	162
586.5	166
587.5	172
588.5	203
589.5	176
590.5	178
591.5	172
592.5	171
593.5	172
594.5	184
595.5	178
596.5	155
597.5	174
598.5	185
599.5	179
600.5	154
601.5	162
602.5	159
603.5	166
604.5	130
605.5	156
606.5	174
607.5	168
608.5	165
609.5	133
610.5	134
611.5	167
612.5	164
613.5	132
614.5	127
615.5	145
616.5	151
617.5	136
618.5	147
619.5	144
620.5	156
621.5	129
622.5	138
623.5	164
624.5	129
625.5	138
626.5	128
627.5	124
628.5	137
629.5	124
630.5	138
631.5	138
632.5	131
633.5	151
634.5	141
635.5	131
636.5	126
637.5	126
638.5	103
639.5	125
640.5	126
641.5	123
642.5	115
643.5	126
644.5	109
645.5	114
646.5	117
647.5	126
648.5	130
649.5	130
650.5	137
651.5	115
652.5	112
653.5	99
654.5	109
655.5	107
656.5	107
657.5	122
658.5	117
659.5	106
660.5	102
661.5	99
662.5	123
663.5	114
664.5	106
665.5	98
666.5	102
667.5	97
668.5	103
669.5	122
670.5	105
671.5	98
672.5	107
673.5	99
674.5	100
675.5	99
676.5	119
677.5	105
678.5	111
679.5	124
680.5	105
681.5	95
682.5	106
683.5	101
684.5	102
685.5	95
686.5	108
687.5	100
688.5	96
689.5	108
690.5	114
691.5	99
692.5	114
693.5	116
694.5	94
695.5	125
696.5	100
697.5	100
698.5	106
699.5	121
700.5	97
701.5	93
702.5	124
703.5	96
704.5	102
705.5	111
706.5	105
707.5	116
708.5	88
709.5	103
710.5	106
711.5	122
712.5	107
713.5	115
714.5	108
715.5	94
716.5	131
717.5	100
718.5	109
719.5	120
720.5	113
721.5	108
722.5	117
723.5	117
724.5	112
725.5	108
726.5	94
727.5	109
728.5	99
729.5	107
730.5	116
731.5	122
732.5	107
733.5	118
734.5	109
735.5	116
736.5	102
737.5	92
738.5	81
739.5	120
740.5	92
741.5	90
742.5	102
743.5	87
744.5	99
745.5	86
746.5	94
747.5	78
748.5	109
749.5	90
750.5	86
751.5	87
752.5	93
753.5	94
754.5	94
755.5	79
756.5	95
757.5	116
758.5	92
759.5	97
760.5	108
761.5	123
762.5	120
763.5	138
764.5	132
765.5	171
766.5	201
767.5	200
768.5	247
769.5	295
770.5	335
771.5	329
772.5	442
773.5	492
774.5	565
775.5	624
776.5	716
777.5	791
778.5	828
779.5	866
780.5	884
781.5	916
782.5	945
783.5	961
784.5	1026
785.5	967
786.5	953
787.5	948
788.5	894
789.5	875
790.5	769
791.5	731
792.5	602
793.5	558
794.5	525
795.5	442
796.5	404
797.5	337
798.5	290
799.5	238
800.5	207
801.5	194
802.5	167
803.5	137
804.5	104
805.5	104
806.5	122
807.5	117
808.5	93
809.5	85
810.5	82
811.5	85
812.5	101
813.5	89
814.5	92
815.5	92
816.5	104
817.5	101
818.5	89
819.5	98
820.5	101
821.5	99
822.5	121
823.5	111
824.5	128
825.5	125
826.5	109
827.5	103
828.5	106
829.5	112
830.5	117
831.5	93
832.5	95
833.5	104
834.5	92
835.5	105
836.5	83
837.5	86
838.5	70
839.5	89
840.5	73
841.5	80
842.5	94
843.5	80
844.5	91
845.5	74
846.5	88
847.5	78
848.5	69
849.5	72
850.5	85
851.5	100
852.5	86
853.5	104
854.5	92
855.5	98
856.5	85
857.5	81
858.5	100
859.5	95
860.5	102
861.5	92
862.5	87
863.5	80
864.5	67
865.5	78
866.5	85
867.5	85
868.5	75
869.5	89
870.5	58
871.5	57
872.5	60
873.5	82
874.5	63
875.5	60
876.5	66
877.5	67
878.5	47
879.5	48
880.5	71
881.5	70
882.5	57
883.5	57
884.5	69
885.5	74
886.5	93
887.5	66
888.5	97
889.5	102
890.5	113
891.5	103
892.5	128
893.5	143
894.5	169
895.5	180
896.5	188
897.5	209
898.5	260
899.5	279
900.5	279
901.5	300
902.5	349
903.5	363
904.5	353
905.5	373
906.5	391
907.5	386
908.5	386
909.5	345
910.5	415
911.5	394
912.5	326
913.5	319
914.5	330
915.5	337
916.5	284
917.5	247
918.5	228
919.5	208
920.5	215
921.5	184
922.5	153
923.5	151
924.5	101
925.5	114
926.5	112
927.5	112
928.5	111
929.5	116
930.5	109
931.5	94
932.5	90
933.5	94
934.5	104
935.5	95
936.5	85
937.5	96
938.5	80
939.5	98
940.5	86
941.5	92
942.5	93
943.5	76
944.5	96
945.5	79
946.5	78
947.5	80
948.5	47
949.5	64
950.5	57
951.5	61
952.5	70
953.5	59
954.5	39
955.5	41
956.5	69
957.5	56
958.5	62
959.5	38
960.5	54
961.5	33
962.5	42
963.5	33
964.5	49
965.5	47
966.5	47
967.5	50
968.5	55
969.5	48
970.5	46
971.5	54
972.5	46
973.5	54
974.5	49
975.5	33
976.5	31
977.5	41
978.5	45
979.5	52
980.5	38
981.5	49
982.5	53
983.5	48
984.5	36
985.5	36
986.5	48
987.5	46
988.5	32
989.5	43
990.5	39
991.5	36
992.5	35
993.5	39
994.5	41
995.5	50
996.5	40
997.5	38
998.5	47
999.5	36
1000.5	44
1001.5	52
1002.5	43
1003.5	45
1004.5	44
1005.5	40
1006.5	37
1007.5	55
1008.5	39
1009.5	49
1010.5	54
1011.5	43
1012.5	39
1013.5	38
1014.5	41
1015.5	52
1016.5	34
1017.5	47
1018.5	44
1019.5	31
1020.5	46
1021.5	46
1022.5	36
1023.5	37
1024.5	38
1025.5	48
1026.5	60
1027.5	37
1028.5	47
1029.5	33
1030.5	40
1031.5	42
1032.5	38
1033.5	32
1034.5	52
1035.5	39
1036.5	36
1037.5	36
1038.5	44
1039.5	35
1040.5	31
1041.5	47
1042.5	47
1043.5	42
1044.5	31
1045.5	42
1046.5	47
1047.5	41
1048.5	28
1049.5	45
1050.5	38
1051.5	42
1052.5	52
1053.5	56
1054.5	43
1055.5	54
1056.5	45
1057.5	48
1058.5	40
1059.5	38
1060.5	46
1061.5	46
1062.5	37
1063.5	41
1064.5	58
1065.5	37
1066.5	38
1067.5	32
1068.5	37
1069.5	44
1070.5	45
1071.5	45
1072.5	38
1073.5	40
1074.5	36
1075.5	40
1076.5	43
1077.5	34
1078.5	32
1079.5	36
1080.5	42
1081.5	28
1082.5	46
1083.5	33
1084.5	33
1085.5	29
1086.5	40
1087.5	25
1088.5	37
1089.5	35
1090.5	31
1091.5	30
1092.5	44
1093.5	39
1094.5	24
1095.5	39
1096.5	38
1097.5	36
1098.5	34
1099.5	46
1100.5	36
1101.5	29
1102.5	31
1103.5	36
1104.5	48
1105.5	37
1106.5	33
1107.5	30
1108.5	28
1109.5	46
1110.5	40
1111.5	36
1112.5	41
1113.5	27
1114.5	34
1115.5	29
1116.5	37
1117.5	35
1118.5	37
1119.5	42
1120.5	36
1121.5	34
1122.5	35
1123.5	35
1124.5	34
1125.5	38
1126.5	33
1127.5	47
1128.5	37
1129.5	25
1130.5	36
1131.5	28
1132.5	32
1133.5	37
1134.5	43
1135.5	34
1136.5	33
1137.5	28
1138.5	32
1139.5	35
1140.5	32
1141.5	22
1142.5	30
1143.5	27
1144.5	32
1145.5	27
1146.5	29
1147.5	15
1148.5	29
1149.5	35
1150.5	29
1151.5	34
1152.5	19
1153.5	35
1154.5	33
1155.5	36
1156.5	29
1157.5	38
1158.5	29
1159.5	35
1160.5	30
1161.5	33
1162.5	28
1163.5	36
1164.5	30
1165.5	33
1166.5	31
1167.5	41
1168.5	39
1169.5	38
1170.5	36
1171.5	28
1172.5	35
1173.5	42
1174.5	37
1175.5	34
1176.5	24
1177.5	39
1178.5	32
1179.5	32
1180.5	38
1181.5	35
1182.5	52
1183.5	37
1184.5	32
1185.5	32
1186.5	42
1187.5	31
1188.5	28
1189.5	32
1190.5	45
1191.5	40
1192.5	39
1193.5	33
1194.5	32
1195.5	27
1196.5	29
1197.5	39
1198.5	26
1199.5	36
1200.5	34
1201.5	32
1202.5	33
1203.5	48
1204.5	28
1205.5	37
1206.5	42
1207.5	38
1208.5	50
1209.5	37
1210.5	33
1211.5	41
1212.5	29
1213.5	34
1214.5	32
1215.5	18
1216.5	31
1217.5	29
1218.5	37
1219.5	33
1220.5	30
1221.5	30
1222.5	24
1223.5	31
1224.5	43
1225.5	28
1226.5	28
1227.5	35
1228.5	29
1229.5	35
1230.5	29
1231.5	36
1232.5	35
1233.5	42
1234.5	28
1235.5	35
1236.5	39
1237.5	40
1238.5	30
1239.5	33
1240.5	34
1241.5	51
1242.5	44
1243.5	38
1244.5	41
1245.5	42
1246.5	43
1247.5	57
1248.5	38
1249.5	50
1250.5	56
1251.5	53
1252.5	52
1253.5	55
1254.5	53
1255.5	55
1256.5	50
1257.5	51
1258.5	44
1259.5	38
1260.5	47
1261.5	41
1262.5	39
1263.5	37
1264.5	36
1265.5	41
1266.5	49
1267.5	41
1268.5	37
1269.5	30
1270.5	37
1271.5	39
1272.5	38
1273.5	34
1274.5	38
1275.5	27
1276.5	29
1277.5	27
1278.5	27
1279.5	35
1280.5	21
1281.5	39
1282.5	34
1283.5	22
1284.5	31
1285.5	27
1286.5	38
1287.5	47
1288.5	38
1289.5	30
1290.5	43
1291.5	65
1292.5	35
1293.5	50
1294.5	56
1295.5	50
1296.5	54
1297.5	65
1298.5	63
1299.5	64
1300.5	86
1301.5	64
1302.5	73
1303.5	85
1304.5	69
1305.5	105
1306.5	57
1307.5	81
1308.5	78
1309.5	73
1310.5	86
1311.5	99
1312.5	78
1313.5	61
1314.5	93
1315.5	82
1316.5	65
1317.5	71
1318.5	87
1319.5	65
1320.5	57
1321.5	66
1322.5	65
1323.5	67
1324.5	62
1325.5	69
1326.5	56
1327.5	71
1328.5	60
1329.5	62
1330.5	64
1331.5	78
1332.5	63
1333.5	52
1334.5	57
1335.5	78
1336.5	63
1337.5	77
1338.5	67
1339.5	58
1340.5	67
1341.5	54
1342.5	60
1343.5	69
1344.5	54
1345.5	62
1346.5	57
1347.5	60
1348.5	57
1349.5	55
1350.5	48
1351.5	41
1352.5	34
1353.5	36
1354.5	30
1355.5	32
1356.5	35
1357.5	39
1358.5	35
1359.5	28
1360.5	24
1361.5	35
1362.5	24
1363.5	23
1364.5	24
1365.5	35
1366.5	21
1367.5	33
1368.5	29
1369.5	20
1370.5	25
1371.5	23
1372.5	28
1373.5	22
1374.5	24
1375.5	32
1376.5	21
1377.5	13
1378.5	17
1379.5	16
1380.5	34
1381.5	15
1382.5	21
1383.5	24
1384.5	27
1385.5	20
1386.5	24
1387.5	24
1388.5	25
1389.5	11
1390.5	19
1391.5	24
1392.5	20
1393.5	24
1394.5	26
1395.5	24
1396.5	27
1397.5	13
1398.5	21
1399.5	12
1400.5	15
1401.5	14
1402.5	8
1403.5	16
1404.5	15
1405.5	13
1406.5	18
1407.5	23
1408.5	25
1409.5	17
1410.5	17
1411.5	16
1412.5	19
1413.5	16
1414.5	17
1415.5	19
1416.5	13
1417.5	18
1418.5	15
1419.5	27
1420.5	15
1421.5	11
1422.5	15
1423.5	9
1424.5	11
1425.5	12
1426.5	17
1427.5	20
1428.5	20
1429.5	13
1430.5	18
1431.5	15
1432.5	22
1433.5	15
1434.5	17
1435.5	10
1436.5	17
1437.5	9
1438.5	15
1439.5	16
1440.5	19
1441.5	13
1442.5	20
1443.5	9
1444.5	14
1445.5	15
1446.5	10
1447.5	14
1448.5	21
1449.5	12
1450.5	11
1451.5	14
1452.5	13
1453.5	18
1454.5	17
1455.5	21
1456.5	22
1457.5	20
1458.5	13
1459.5	16
1460.5	21
1461.5	15
1462.5	22
1463.5	26
1464.5	25
1465.5	16
1466.5	17
1467.5	13
1468.5	20
1469.5	23
1470.5	20
1471.5	17
1472.5	28
1473.5	17
1474.5	20
1475.5	33
1476.5	21
1477.5	18
1478.5	14
1479.5	17
1480.5	29
1481.5	23
1482.5	14
1483.5	22
1484.5	22
1485.5	28
1486.5	12
1487.5	13
1488.5	16
1489.5	14
1490.5	19
1491.5	22
1492.5	23
1493.5	17
1494.5	23
1495.5	20
1496.5	12
1497.5	22
1498.5	16
1499.5	11
1500.5	17
1501.5	8
1502.5	14
1503.5	14
1504.5	12
1505.5	11
1506.5	14
1507.5	13
1508.5	18
1509.5	13
1510.5	14
1511.5	14
1512.5	15
1513.5	9
1514.5	14
1515.5	8
1516.5	11
1517.5	18
1518.5	17
1519.5	11
1520.5	21
1521.5	14
1522.5	10
1523.5	11
1524.5	21
1525.5	15
1526.5	15
1527.5	7
1528.5	16
1529.5	18
1530.5	9
1531.5	17
1532.5	18
1533.5	12
1534.5	18
1535.5	15
1536.5	17
1537.5	18
1538.5	16
1539.5	16
1540.5	12
1541.5	11
1542.5	12
1543.5	14
1544.5	10
1545.5	13
1546.5	13
1547.5	9
1548.5	13
1549.5	8
1550.5	10
1551.5	16
1552.5	15
1553.5	10
1554.5	11
1555.5	11
1556.5	10
1557.5	19
1558.5	14
1559.5	18
1560.5	9
1561.5	9
1562.5	22
1563.5	18
1564.5	13
1565.5	11
1566.5	17
1567.5	17
1568.5	13
1569.5	16
1570.5	15
1571.5	12
1572.5	9
1573.5	9
1574.5	27
1575.5	13
1576.5	10
1577.5	19
1578.5	15
1579.5	19
1580.5	14
1581.5	19
1582.5	22
1583.5	31
1584.5	21
1585.5	14
1586.5	19
1587.5	25
1588.5	27
1589.5	29
1590.5	28
1591.5	21
1592.5	27
1593.5	29
1594.5	22
1595.5	34
1596.5	21
1597.5	24
1598.5	28
1599.5	35
1600.5	27
1601.5	29
1602.5	29
1603.5	39
1604.5	35
1605.5	31
1606.5	41
1607.5	40
1608.5	31
1609.5	33
1610.5	37
1611.5	36
1612.5	36
1613.5	38
1614.5	34
1615.5	25
1616.5	24
1617.5	28
1618.5	23
1619.5	41
1620.5	25
1621.5	18
1622.5	24
1623.5	23
1624.5	28
1625.5	23
1626.5	16
1627.5	19
1628.5	18
1629.5	17
1630.5	20
1631.5	23
1632.5	16
1633.5	11
1634.5	18
1635.5	16
1636.5	21
1637.5	17
1638.5	16
1639.5	20
1640.5	14
1641.5	16
1642.5	13
1643.5	15
1644.5	12
1645.5	9
1646.5	16
1647.5	14
1648.5	15
1649.5	10
1650.5	19
1651.5	17
1652.5	13
1653.5	22
1654.5	13
1655.5	17
1656.5	19
1657.5	9
1658.5	10
1659.5	16
1660.5	17
1661.5	19
1662.5	11
1663.5	12
1664.5	12
1665.5	14
1666.5	21
1667.5	16
1668.5	7
1669.5	10
1670.5	10
1671.5	16
1672.5	11
1673.5	12
1674.5	12
1675.5	8
1676.5	12
1677.5	9
1678.5	11
1679.5	9
1680.5	10
1681.5	20
1682.5	12
1683.5	16
1684.5	11
1685.5	17
1686.5	10
1687.5	14
1688.5	13
1689.5	13
1690.5	22
1691.5	20
1692.5	24
1693.5	15
1694.5	5
1695.5	20
1696.5	12
1697.5	14
1698.5	11
1699.5	21
1700.5	12
1701.5	12
1702.5	6
1703.5	9
1704.5	16
1705.5	16
1706.5	12
1707.5	19
1708.5	10
1709.5	13
1710.5	18
1711.5	9
1712.5	17
1713.5	13
1714.5	12
1715.5	13
1716.5	25
1717.5	12
1718.5	15
1719.5	13
1720.5	23
1721.5	12
1722.5	18
1723.5	14
1724.5	11
1725.5	16
1726.5	13
1727.5	12
1728.5	22
1729.5	18
1730.5	20
1731.5	19
1732.5	14
1733.5	12
1734.5	16
1735.5	13
1736.5	13
1737.5	13
1738.5	16
1739.5	11
1740.5	9
1741.5	14
1742.5	11
1743.5	13
1744.5	23
1745.5	15
1746.5	20
1747.5	18
1748.5	16
1749.5	15
1750.5	17
1751.5	16
1752.5	17
1753.5	17
1754.5	17
1755.5	12
1756.5	19
1757.5	15
1758.5	13
1759.5	19
1760.5	15
1761.5	13
1762.5	10
1763.5	16
1764.5	17
1765.5	15
1766.5	13
1767.5	18
1768.5	12
1769.5	13
1770.5	15
1771.5	18
1772.5	16
1773.5	15
1774.5	14
1775.5	13
1776.5	17
1777.5	21
1778.5	12
1779.5	17
1780.5	14
1781.5	16
1782.5	12
1783.5	21
1784.5	15
1785.5	11
1786.5	15
1787.5	14
1788.5	11
1789.5	12
1790.5	13
1791.5	16
1792.5	14
1793.5	19
1794.5	14
1795.5	20
1796.5	20
1797.5	17
1798.5	13
1799.5	14
1800.5	21
1801.5	10
1802.5	20
1803.5	16
1804.5	12
1805.5	9
1806.5	19
1807.5	10
1808.5	24
1809.5	11
1810.5	15
1811.5	20
1812.5	17
1813.5	16
1814.5	11
1815.5	16
1816.5	12
1817.5	12
1818.5	16
1819.5	18
1820.5	19
1821.5	17
1822.5	19
1823.5	18
1824.5	18
1825.5	17
1826.5	8
1827.5	9
1828.5	19
1829.5	11
1830.5	8
1831.5	12
1832.5	14
1833.5	14
1834.5	12
1835.5	15
1836.5	15
1837.5	10
1838.5	7
1839.5	13
1840.5	22
1841.5	15
1842.5	8
1843.5	11
1844.5	14
1845.5	13
1846.5	14
1847.5	15
1848.5	14
1849.5	15
1850.5	7
1851.5	11
1852.5	13
1853.5	7
1854.5	18
1855.5	14
1856.5	13
1857.5	11
1858.5	12
1859.5	17
1860.5	13
1861.5	10
1862.5	11
1863.5	8
1864.5	20
1865.5	16
1866.5	18
1867.5	12
1868.5	18
1869.5	8
1870.5	18
1871.5	15
1872.5	15
1873.5	13
1874.5	13
1875.5	6
1876.5	6
1877.5	12
1878.5	17
1879.5	19
1880.5	12
1881.5	11
1882.5	14
1883.5	13
1884.5	20
1885.5	8
1886.5	12
1887.5	14
1888.5	15
1889.5	17
1890.5	18
1891.5	18
1892.5	17
1893.5	15
1894.5	13
1895.5	8
1896.5	14
1897.5	12
1898.5	8
1899.5	17
1900.5	15
1901.5	13
1902.5	13
1903.5	18
1904.5	10
1905.5	15
1906.5	15
1907.5	9
1908.5	11
1909.5	10
1910.5	17
1911.5	15
1912.5	11
1913.5	14
1914.5	8
1915.5	15
1916.5	7
1917.5	17
1918.5	19
1919.5	14
1920.5	14
1921.5	18
1922.5	16
1923.5	16
1924.5	11
1925.5	16
1926.5	13
1927.5	8
1928.5	14
1929.5	17
1930.5	15
1931.5	18
1932.5	14
1933.5	11
1934.5	20
1935.5	10
1936.5	10
1937.5	18
1938.5	12
1939.5	13
1940.5	19
1941.5	18
1942.5	14
1943.5	10
1944.5	17
1945.5	17
1946.5	15
1947.5	18
1948.5	18
1949.5	13
1950.5	15
1951.5	23
1952.5	15
1953.5	14
1954.5	8
1955.5	10
1956.5	16
1957.5	11
1958.5	23
1959.5	10
1960.5	15
1961.5	15
1962.5	11
1963.5	13
1964.5	16
1965.5	10
1966.5	14
1967.5	13
1968.5	12
1969.5	14
1970.5	13
1971.5	14
1972.5	9
1973.5	14
1974.5	12
1975.5	17
1976.5	19
1977.5	17
1978.5	18
1979.5	16
1980.5	19
1981.5	12
1982.5	12
1983.5	17
1984.5	17
1985.5	16
1986.5	25
1987.5	16
1988.5	9
1989.5	16
1990.5	7
1991.5	9
1992.5	19
1993.5	9
1994.5	16
1995.5	19
1996.5	16
1997.5	11
1998.5	12
1999.5	17
2000.5	7
2001.5	18
2002.5	15
2003.5	17
2004.5	12
2005.5	16
2006.5	18
2007.5	15
2008.5	12
2009.5	19
2010.5	12
2011.5	14
2012.5	16
2013.5	17
2014.5	13
2015.5	11
2016.5	19
2017.5	22
2018.5	15
2019.5	12
2020.5	10
2021.5	12
2022.5	8
2023.5	16
2024.5	16
2025.5	19
2026.5	11
2027.5	14
2028.5	22
2029.5	13
2030.5	15
2031.5	10
2032.5	16
2033.5	18
2034.5	13
2035.5	18
2036.5	14
2037.5	15
2038.5	15
2039.5	13
2040.5	12
2041.5	20
2042.5	9
2043.5	19
2044.5	20
2045.5	16
2046.5	16
2047.5	15
2048.5	19
2049.5	24
2050.5	15
2051.5	17
2052.5	25
2053.5	13
2054.5	13
2055.5	21
2056.5	17
2057.5	23
2058.5	23
2059.5	19
2060.5	19
2061.5	27
2062.5	14
2063.5	21
2064.5	21
2065.5	16
2066.5	20
2067.5	18
2068.5	16
2069.5	22
2070.5	16
2071.5	21
2072.5	12
2073.5	15
2074.5	19
2075.5	18
2076.5	16
2077.5	10
2078.5	13
2079.5	16
2080.5	17
2081.5	9
2082.5	11
2083.5	15
2084.5	11
2085.5	14
2086.5	13
2087.5	19
2088.5	13
2089.5	16
2090.5	10
2091.5	10
2092.5	15
2093.5	13
2094.5	11
2095.5	14
2096.5	10
2097.5	17
2098.5	11
2099.5	14
2100.5	11
2101.5	15
2102.5	13
2103.5	12
2104.5	16
2105.5	15
2106.5	16
2107.5	10
2108.5	7
2109.5	14
2110.5	14
2111.5	12
2112.5	10
2113.5	5
2114.5	16
2115.5	12
2116.5	13
2117.5	14
2118.5	11
2119.5	10
2120.5	5
2121.5	12
2122.5	14
2123.5	8
2124.5	15
2125.5	11
2126.5	10
2127.5	13
2128.5	9
2129.5	13
2130.5	12
2131.5	7
2132.5	19
2133.5	9
2134.5	15
2135.5	9
2136.5	9
2137.5	6
2138.5	7
2139.5	7
2140.5	11
2141.5	18
2142.5	12
2143.5	12
2144.5	15
2145.5	12
2146.5	13
2147.5	8
2148.5	12
2149.5	11
2150.5	12
2151.5	16
2152.5	18
2153.5	11
2154.5	11
2155.5	11
2156.5	17
2157.5	9
2158.5	10
2159.5	9
2160.5	10
2161.5	7
2162.5	8
2163.5	13
2164.5	12
2165.5	13
2166.5	15
2167.5	11
2168.5	10
2169.5	14
2170.5	13
2171.5	8
2172.5	13
2173.5	12
2174.5	6
2175.5	6
2176.5	11
2177.5	8
2178.5	16
2179.5	12
2180.5	12
2181.5	13
2182.5	14
2183.5	12
2184.5	5
2185.5	18
2186.5	12
2187.5	11
2188.5	14
2189.5	12
2190.5	11
2191.5	9
2192.5	15
2193.5	16
2194.5	7
2195.5	9
2196.5	12
2197.5	13
2198.5	13
2199.5	19
2200.5	13
2201.5	9
2202.5	17
2203.5	8
2204.5	14
2205.5	9
2206.5	11
2207.5	10
2208.5	10
2209.5	11
2210.5	16
2211.5	11
2212.5	12
2213.5	12
2214.5	9
2215.5	14
2216.5	15
2217.5	5
2218.5	13
2219.5	10
2220.5	13
2221.5	13
2222.5	9
2223.5	9
2224.5	11
2225.5	9
2226.5	15
2227.5	10
2228.5	20
2229.5	7
2230.5	14
2231.5	13
2232.5	10
2233.5	11
2234.5	12
2235.5	13
2236.5	8
2237.5	14
2238.5	10
2239.5	12
2240.5	12
2241.5	13
2242.5	10
2243.5	9
2244.5	17
2245.5	13
2246.5	7
2247.5	8
2248.5	7
2249.5	12
2250.5	11
2251.5	21
2252.5	10
2253.5	14
2254.5	15
2255.5	9
2256.5	9
2257.5	16
2258.5	6
2259.5	12
2260.5	12
2261.5	17
2262.5	13
2263.5	18
2264.5	18
2265.5	15
2266.5	9
2267.5	13
2268.5	12
2269.5	8
2270.5	12
2271.5	12
2272.5	21
2273.5	19
2274.5	9
2275.5	12
2276.5	12
2277.5	12
2278.5	12
2279.5	16
2280.5	12
2281.5	13
2282.5	13
2283.5	15
2284.5	14
2285.5	13
2286.5	12
2287.5	10
2288.5	12
2289.5	10
2290.5	14
2291.5	16
2292.5	15
2293.5	16
2294.5	8
2295.5	14
2296.5	22
2297.5	15
2298.5	16
2299.5	7
2300.5	10
2301.5	13
2302.5	11
2303.5	16
2304.5	6
2305.5	10
2306.5	16
2307.5	15
2308.5	21
2309.5	12
2310.5	11
2311.5	15
2312.5	12
2313.5	11
2314.5	17
2315.5	20
2316.5	14
2317.5	12
2318.5	8
2319.5	15
2320.5	10
2321.5	14
2322.5	14
2323.5	10
2324.5	14
2325.5	14
2326.5	8
2327.5	18
2328.5	10
2329.5	11
2330.5	14
2331.5	8
2332.5	13
2333.5	15
2334.5	14
2335.5	8
2336.5	11
2337.5	17
2338.5	14
2339.5	11
2340.5	11
2341.5	8
2342.5	14
2343.5	15
2344.5	10
2345.5	16
2346.5	10
2347.5	7
2348.5	9
2349.5	10
2350.5	10
2351.5	11
2352.5	13
2353.5	11
2354.5	10
2355.5	14
2356.5	15
2357.5	9
2358.5	17
2359.5	15
2360.5	13
2361.5	19
2362.5	14
2363.5	8
2364.5	10
2365.5	10
2366.5	13
2367.5	10
2368.5	14
2369.5	12
2370.5	10
2371.5	9
2372.5	12
2373.5	9
2374.5	12
2375.5	10
2376.5	7
2377.5	19
2378.5	8
2379.5	10
2380.5	15
2381.5	6
2382.5	10
2383.5	14
2384.5	5
2385.5	7
2386.5	15
2387.5	14
2388.5	9
2389.5	10
2390.5	8
2391.5	13
2392.5	5
2393.5	13
2394.5	13
2395.5	12
2396.5	16
2397.5	14
2398.5	13
2399.5	17
2400.5	8
2401.5	17
2402.5	7
2403.5	11
2404.5	15
2405.5	11
2406.5	11
2407.5	15
2408.5	15
2409.5	11
2410.5	13
2411.5	12
2412.5	17
2413.5	9
2414.5	7
2415.5	8
2416.5	12
2417.5	4
2418.5	12
2419.5	8
2420.5	17
2421.5	7
2422.5	10
2423.5	9
2424.5	11
2425.5	10
2426.5	13
2427.5	9
2428.5	14
2429.5	10
2430.5	8
2431.5	12
2432.5	13
2433.5	10
2434.5	9
2435.5	9
2436.5	9
2437.5	14
2438.5	9
2439.5	7
2440.5	10
2441.5	10
2442.5	11
2443.5	8
2444.5	8
2445.5	9
2446.5	10
2447.5	10
2448.5	12
2449.5	9
2450.5	14
2451.5	17
2452.5	13
2453.5	7
2454.5	12
2455.5	21
2456.5	18
2457.5	11
2458.5	14
2459.5	5
2460.5	13
2461.5	10
2462.5	17
2463.5	16
2464.5	19
2465.5	13
2466.5	15
2467.5	8
2468.5	11
2469.5	13
2470.5	11
2471.5	19
2472.5	11
2473.5	12
2474.5	11
2475.5	9
2476.5	8
2477.5	8
2478.5	10
2479.5	18
2480.5	13
2481.5	7
2482.5	10
2483.5	10
2484.5	13
2485.5	7
2486.5	13
2487.5	13
2488.5	14
2489.5	10
2490.5	6
2491.5	9
2492.5	10
2493.5	6
2494.5	9
2495.5	12
2496.5	13
2497.5	11
2498.5	9
2499.5	12
2500.5	13
2501.5	9
2502.5	8
2503.5	9
2504.5	8
2505.5	13
2506.5	13
2507.5	15
2508.5	11
2509.5	14
2510.5	22
2511.5	11
2512.5	15
2513.5	13
2514.5	10
2515.5	11
2516.5	11
2517.5	8
2518.5	16
2519.5	8
2520.5	6
2521.5	9
2522.5	13
2523.5	13
2524.5	13
2525.5	13
2526.5	6
2527.5	9
2528.5	15
2529.5	8
2530.5	8
2531.5	9
2532.5	7
2533.5	11
2534.5	7
2535.5	9
2536.5	8
2537.5	6
2538.5	9
2539.5	5
2540.5	15
2541.5	14
2542.5	12
2543.5	9
2544.5	8
2545.5	12
2546.5	9
2547.5	19
2548.5	10
2549.5	7
2550.5	11
2551.5	13
2552.5	16
2553.5	5
2554.5	10
2555.5	9
2556.5	8
2557.5	16
2558.5	9
2559.5	12
2560.5	13
2561.5	10
2562.5	10
2563.5	8
2564.5	15
2565.5	9
2566.5	5
2567.5	14
2568.5	12
2569.5	14
2570.5	13
2571.5	11
2572.5	9
2573.5	9
2574.5	13
2575.5	11
2576.5	13
2577.5	14
2578.5	11
2579.5	12
2580.5	16
2581.5	20
2582.5	11
2583.5	12
2584.5	7
2585.5	14
2586.5	11
2587.5	9
2588.5	13
2589.5	8
2590.5	12
2591.5	12
2592.5	13
2593.5	14
2594.5	18
2595.5	16
2596.5	17
2597.5	11
2598.5	11
2599.5	16
2600.5	9
2601.5	13
2602.5	14
2603.5	16
2604.5	13
2605.5	10
2606.5	9
2607.5	15
2608.5	13
2609.5	10
2610.5	17
2611.5	12
2612.5	7
2613.5	12
2614.5	16
2615.5	14
2616.5	9
2617.5	13
2618.5	12
2619.5	9
2620.5	8
2621.5	13
2622.5	6
2623.5	7
2624.5	15
2625.5	13
2626.5	8
2627.5	5
2628.5	11
2629.5	14
2630.5	8
2631.5	6
2632.5	16
2633.5	11
2634.5	11
2635.5	15
2636.5	10
2637.5	9
2638.5	17
2639.5	8
2640.5	7
2641.5	16
2642.5	16
2643.5	13
2644.5	12
2645.5	17
2646.5	14
2647.5	10
2648.5	10
2649.5	16
2650.5	12
2651.5	16
2652.5	12
2653.5	22
2654.5	8
2655.5	14
2656.5	10
2657.5	15
2658.5	11
2659.5	9
2660.5	14
2661.5	10
2662.5	12
2663.5	11
2664.5	19
2665.5	13
2666.5	8
2667.5	8
2668.5	5
2669.5	7
2670.5	20
2671.5	9
2672.5	16
2673.5	14
2674.5	13
2675.5	15
2676.5	16
2677.5	18
2678.5	18
2679.5	11
2680.5	13
2681.5	17
2682.5	16
2683.5	18
2684.5	12
2685.5	18
2686.5	10
2687.5	10
2688.5	11
2689.5	9
2690.5	10
2691.5	7
2692.5	10
2693.5	17
2694.5	15
2695.5	12
2696.5	12
2697.5	21
2698.5	17
2699.5	16
2700.5	15
2701.5	12
2702.5	14
2703.5	10
2704.5	13
2705.5	4
2706.5	7
2707.5	11
2708.5	10
2709.5	12
2710.5	16
2711.5	13
2712.5	11
2713.5	15
2714.5	15
2715.5	18
2716.5	15
2717.5	8
2718.5	16
2719.5	12
2720.5	12
2721.5	9
2722.5	14
2723.5	13
2724.5	15
2725.5	15
2726.5	15
2727.5	10
2728.5	19
2729.5	13
2730.5	11
2731.5	16
2732.5	15
2733.5	20
2734.5	17
2735.5	8
2736.5	12
2737.5	16
2738.5	10
2739.5	9
2740.5	16
2741.5	12
2742.5	10
2743.5	13
2744.5	13
2745.5	11
2746.5	17
2747.5	12
2748.5	11
2749.5	18
2750.5	16
2751.5	12
2752.5	19
2753.5	15
2754.5	16
2755.5	15
2756.5	8
2757.5	17
2758.5	17
2759.5	8
2760.5	9
2761.5	9
2762.5	9
2763.5	17
2764.5	15
2765.5	12
2766.5	11
2767.5	8
2768.5	11
2769.5	14
2770.5	16
2771.5	12
2772.5	19
2773.5	17
2774.5	18
2775.5	15
2776.5	23
2777.5	14
2778.5	22
2779.5	20
2780.5	13
2781.5	10
2782.5	20
2783.5	23
2784.5	14
2785.5	14
2786.5	21
2787.5	13
2788.5	14
2789.5	15
2790.5	11
2791.5	19
2792.5	9
2793.5	12
2794.5	14
2795.5	10
2796.5	13
2797.5	14
2798.5	7
2799.5	10
2800.5	17
2801.5	15
2802.5	12
2803.5	17
2804.5	19
2805.5	15
2806.5	18
2807.5	11
2808.5	10
2809.5	8
2810.5	18
2811.5	12
2812.5	14
2813.5	14
2814.5	9
2815.5	15
2816.5	13
2817.5	24
2818.5	20
2819.5	13
2820.5	11
2821.5	9
2822.5	16
2823.5	15
2824.5	14
2825.5	10
2826.5	12
2827.5	15
2828.5	12
2829.5	16
2830.5	16
2831.5	16
2832.5	18
2833.5	19
2834.5	12
2835.5	18
2836.5	13
2837.5	11
2838.5	7
2839.5	16
2840.5	14
2841.5	12
2842.5	16
2843.5	12
2844.5	13
2845.5	12
2846.5	11
2847.5	10
2848.5	20
2849.5	18
2850.5	16
2851.5	14
2852.5	11
2853.5	12
2854.5	19
2855.5	13
2856.5	11
2857.5	26
2858.5	17
2859.5	10
2860.5	21
2861.5	13
2862.5	9
2863.5	12
2864.5	12
2865.5	13
2866.5	17
2867.5	13
2868.5	16
2869.5	16
2870.5	13
2871.5	24
2872.5	20
2873.5	15
2874.5	12
2875.5	20
2876.5	12
2877.5	21
2878.5	19
2879.5	22
2880.5	14
2881.5	21
2882.5	25
2883.5	14
2884.5	17
2885.5	27
2886.5	27
2887.5	16
2888.5	20
2889.5	26
2890.5	24
2891.5	21
2892.5	22
2893.5	23
2894.5	29
2895.5	27
2896.5	27
2897.5	25
2898.5	39
2899.5	25
2900.5	40
2901.5	26
2902.5	33
2903.5	32
2904.5	39
2905.5	33
2906.5	30
2907.5	35
2908.5	29
2909.5	36
2910.5	42
2911.5	31
2912.5	25
2913.5	43
2914.5	37
2915.5	37
2916.5	35
2917.5	42
2918.5	29
2919.5	49
2920.5	26
2921.5	37
2922.5	39
2923.5	39
2924.5	31
2925.5	39
2926.5	37
2927.5	41
2928.5	35
2929.5	36
2930.5	36
2931.5	46
2932.5	36
2933.5	52
2934.5	33
2935.5	36
2936.5	33
2937.5	44
2938.5	46
2939.5	31
2940.5	53
2941.5	32
2942.5	32
2943.5	28
2944.5	44
2945.5	38
2946.5	49
2947.5	41
2948.5	38
2949.5	45
2950.5	36
2951.5	47
2952.5	26
2953.5	30
2954.5	30
2955.5	42
2956.5	47
2957.5	38
2958.5	42
2959.5	42
2960.5	43
2961.5	27
2962.5	45
2963.5	46
2964.5	33
2965.5	28
2966.5	38
2967.5	33
2968.5	48
2969.5	33
2970.5	42
2971.5	34
2972.5	33
2973.5	36
2974.5	31
2975.5	33
2976.5	37
2977.5	25
2978.5	34
2979.5	31
2980.5	24
2981.5	25
2982.5	34
2983.5	31
2984.5	37
2985.5	26
2986.5	32
2987.5	27
2988.5	26
2989.5	24
2990.5	42
2991.5	22
2992.5	30
2993.5	24
2994.5	30
2995.5	31
2996.5	28
2997.5	27
2998.5	32
2999.5	23
3000.5	28
3001.5	24
3002.5	29
3003.5	21
3004.5	29
3005.5	22
3006.5	32
3007.5	37
3008.5	20
3009.5	30
3010.5	28
3011.5	30
3012.5	28
3013.5	24
3014.5	32
3015.5	22
3016.5	28
3017.5	20
3018.5	23
3019.5	34
3020.5	28
3021.5	30
3022.5	29
3023.5	25
3024.5	20
3025.5	31
3026.5	23
3027.5	24
3028.5	34
3029.5	25
3030.5	22
3031.5	26
3032.5	21
3033.5	26
3034.5	20
3035.5	19
3036.5	18
3037.5	24
3038.5	22
3039.5	25
3040.5	20
3041.5	30
3042.5	20
3043.5	18
3044.5	27
3045.5	30
3046.5	25
3047.5	32
3048.5	22
3049.5	22
3050.5	22
3051.5	25
3052.5	23
3053.5	26
3054.5	31
3055.5	31
3056.5	22
3057.5	25
3058.5	24
3059.5	25
3060.5	38
3061.5	32
3062.5	17
3063.5	19
3064.5	22
3065.5	19
3066.5	30
3067.5	29
3068.5	22
3069.5	30
3070.5	27
3071.5	30
3072.5	21
3073.5	25
3074.5	28
3075.5	16
3076.5	29
3077.5	36
3078.5	23
3079.5	22
3080.5	28
3081.5	26
3082.5	26
3083.5	26
3084.5	13
3085.5	23
3086.5	21
3087.5	19
3088.5	29
3089.5	34
3090.5	21
3091.5	21
3092.5	27
3093.5	22
3094.5	22
3095.5	22
3096.5	26
3097.5	20
3098.5	21
3099.5	23
3100.5	26
3101.5	23
3102.5	25
3103.5	22
3104.5	36
3105.5	25
3106.5	21
3107.5	19
3108.5	30
3109.5	28
3110.5	30
3111.5	24
3112.5	19
3113.5	16
3114.5	20
3115.5	30
3116.5	27
3117.5	22
3118.5	23
3119.5	25
3120.5	22
3121.5	22
3122.5	27
3123.5	27
3124.5	33
3125.5	29
3126.5	28
3127.5	22
3128.5	22
3129.5	17
3130.5	24
3131.5	23
3132.5	25
3133.5	29
3134.5	21
3135.5	43
3136.5	18
3137.5	25
3138.5	27
3139.5	31
3140.5	26
3141.5	20
3142.5	29
3143.5	23
3144.5	24
3145.5	28
3146.5	22
3147.5	28
3148.5	25
3149.5	27
3150.5	24
3151.5	17
3152.5	24
3153.5	25
3154.5	38
3155.5	27
3156.5	36
3157.5	18
3158.5	19
3159.5	25
3160.5	24
3161.5	27
3162.5	16
3163.5	25
3164.5	33
3165.5	22
3166.5	19
3167.5	33
3168.5	20
3169.5	26
3170.5	19
3171.5	26
3172.5	26
3173.5	26
3174.5	18
3175.5	31
3176.5	19
3177.5	22
3178.5	26
3179.5	31
3180.5	32
3181.5	27
3182.5	21
3183.5	21
3184.5	22
3185.5	19
3186.5	28
3187.5	23
3188.5	21
3189.5	27
3190.5	20
3191.5	19
3192.5	23
3193.5	23
3194.5	17
3195.5	22
3196.5	17
3197.5	27
3198.5	24
3199.5	23
3200.5	23
3201.5	32
3202.5	22
3203.5	33
3204.5	25
3205.5	21
3206.5	28
3207.5	25
3208.5	17
3209.5	25
3210.5	28
3211.5	23
3212.5	21
3213.5	19
3214.5	27
3215.5	19
3216.5	29
3217.5	18
3218.5	22
3219.5	28
3220.5	19
3221.5	16
3222.5	21
3223.5	11
3224.5	22
3225.5	16
3226.5	20
3227.5	21
3228.5	23
3229.5	17
3230.5	18
3231.5	16
3232.5	22
3233.5	22
3234.5	23
3235.5	14
3236.5	26
3237.5	19
3238.5	24
3239.5	17
3240.5	30
3241.5	17
3242.5	16
3243.5	19
3244.5	28
3245.5	23
3246.5	27
3247.5	14
3248.5	23
3249.5	25
3250.5	15
3251.5	20
3252.5	16
3253.5	27
3254.5	10
3255.5	27
3256.5	20
3257.5	16
3258.5	23
3259.5	26
3260.5	28
3261.5	14
3262.5	32
3263.5	23
3264.5	12
3265.5	27
3266.5	32
3267.5	27
3268.5	18
3269.5	23
3270.5	32
3271.5	31
3272.5	32
3273.5	24
3274.5	28
3275.5	33
3276.5	21
3277.5	22
3278.5	40
3279.5	41
3280.5	43
3281.5	36
3282.5	39
3283.5	44
3284.5	39
3285.5	32
3286.5	41
3287.5	46
3288.5	45
3289.5	43
3290.5	47
3291.5	49
3292.5	55
3293.5	41
3294.5	48
3295.5	40
3296.5	51
3297.5	55
3298.5	43
3299.5	55
3300.5	45
3301.5	41
3302.5	39
3303.5	47
3304.5	60
3305.5	43
3306.5	58
3307.5	49
3308.5	67
3309.5	49
3310.5	53
3311.5	36
3312.5	45
3313.5	70
3314.5	54
3315.5	63
3316.5	73
3317.5	52
3318.5	62
3319.5	50
3320.5	68
3321.5	59
3322.5	61
3323.5	62
3324.5	66
3325.5	62
3326.5	57
3327.5	43
3328.5	63
3329.5	50
3330.5	57
3331.5	64
3332.5	57
3333.5	67
3334.5	61
3335.5	55
3336.5	74
3337.5	57
3338.5	70
3339.5	53
3340.5	55
3341.5	60
3342.5	67
3343.5	52
3344.5	69
3345.5	74
3346.5	62
3347.5	54
3348.5	51
3349.5	67
3350.5	56
3351.5	44
3352.5	63
3353.5	53
3354.5	49
3355.5	47
3356.5	47
3357.5	55
3358.5	44
3359.5	45
3360.5	40
3361.5	53
3362.5	51
3363.5	36
3364.5	48
3365.5	52
3366.5	50
3367.5	47
3368.5	48
3369.5	48
3370.5	51
3371.5	46
3372.5	36
3373.5	47
3374.5	30
3375.5	46
3376.5	39
3377.5	30
3378.5	43
3379.5	33
3380.5	35
3381.5	41
3382.5	31
3383.5	37
3384.5	25
3385.5	29
3386.5	32
3387.5	33
3388.5	27
3389.5	24
3390.5	42
3391.5	30
3392.5	25
3393.5	40
3394.5	32
3395.5	27
3396.5	29
3397.5	28
3398.5	25
3399.5	32
3400.5	17
3401.5	27
3402.5	33
3403.5	25
3404.5	26
3405.5	32
3406.5	27
3407.5	30
3408.5	23
3409.5	26
3410.5	33
3411.5	26
3412.5	28
3413.5	15
3414.5	20
3415.5	16
3416.5	23
3417.5	20
3418.5	32
3419.5	24
3420.5	22
3421.5	32
3422.5	25
3423.5	37
3424.5	27
3425.5	35
3426.5	30
3427.5	27
3428.5	23
3429.5	28
3430.5	29
3431.5	18
3432.5	31
3433.5	30
3434.5	25
3435.5	29
3436.5	26
3437.5	31
3438.5	31
3439.5	26
3440.5	34
3441.5	29
3442.5	25
3443.5	29
3444.5	31
3445.5	23
3446.5	29
3447.5	26
3448.5	31
3449.5	24
3450.5	26
3451.5	32
3452.5	20
3453.5	41
3454.5	30
3455.5	28
3456.5	29
3457.5	19
3458.5	35
3459.5	26
3460.5	28
3461.5	26
3462.5	26
3463.5	26
3464.5	36
3465.5	28
3466.5	23
3467.5	21
3468.5	38
3469.5	32
3470.5	32
3471.5	35
3472.5	27
3473.5	31
3474.5	29
3475.5	31
3476.5	30
3477.5	28
3478.5	22
3479.5	34
3480.5	27
3481.5	25
3482.5	28
3483.5	16
3484.5	33
3485.5	31
3486.5	29
3487.5	27
3488.5	25
3489.5	19
3490.5	26
3491.5	21
3492.5	28
3493.5	33
3494.5	26
3495.5	25
3496.5	30
3497.5	28
3498.5	31
3499.5	21
3500.5	22
3501.5	20
3502.5	25
3503.5	21
3504.5	33
3505.5	33
3506.5	20
3507.5	22
3508.5	25
3509.5	16
3510.5	12
3511.5	19
3512.5	20
3513.5	18
3514.5	27
3515.5	21
3516.5	22
3517.5	17
3518.5	22
3519.5	24
3520.5	22
3521.5	25
3522.5	23
3523.5	23
3524.5	21
3525.5	27
3526.5	16
3527.5	19
3528.5	11
3529.5	20
3530.5	17
3531.5	21
3532.5	23
3533.5	16
3534.5	25
3535.5	9
3536.5	17
3537.5	15
3538.5	16
3539.5	19
3540.5	18
3541.5	15
3542.5	9
3543.5	17
3544.5	14
3545.5	17
3546.5	18
3547.5	20
3548.5	19
3549.5	12
3550.5	14
3551.5	23
3552.5	16
3553.5	15
3554.5	9
3555.5	17
3556.5	15
3557.5	12
3558.5	20
3559.5	13
3560.5	9
3561.5	11
3562.5	14
3563.5	9
3564.5	12
3565.5	11
3566.5	12
3567.5	13
3568.5	7
3569.5	10
3570.5	12
3571.5	16
3572.5	6
3573.5	7
3574.5	11
3575.5	10
3576.5	10
3577.5	11
3578.5	13
3579.5	9
3580.5	15
3581.5	9
3582.5	7
3583.5	4
3584.5	9
3585.5	8
3586.5	7
3587.5	5
3588.5	9
3589.5	12
3590.5	10
3591.5	7
3592.5	9
3593.5	11
3594.5	8
3595.5	5
3596.5	10
3597.5	7
3598.5	3
3599.5	6
3600.5	6
3601.5	5
3602.5	3
3603.5	10
3604.5	6
3605.5	8
3606.5	8
3607.5	7
3608.5	11
3609.5	7
3610.5	10
3611.5	9
3612.5	11
3613.5	6
3614.5	6
3615.5	3
3616.5	11
3617.5	10
3618.5	0
3619.5	7
3620.5	7
3621.5	12
3622.5	6
3623.5	8
3624.5	10
3625.5	3
3626.5	9
3627.5	6
3628.5	4
3629.5	6
3630.5	11
3631.5	7
3632.5	7
3633.5	13
3634.5	11
3635.5	14
3636.5	10
3637.5	18
3638.5	7
3639.5	7
3640.5	19
3641.5	9
3642.5	12
3643.5	19
3644.5	23
3645.5	13
3646.5	21
3647.5	26
3648.5	14
3649.5	20
3650.5	23
3651.5	22
3652.5	14
3653.5	19
3654.5	26
3655.5	27
3656.5	24
3657.5	30
3658.5	31
3659.5	37
3660.5	29
3661.5	36
3662.5	29
3663.5	49
3664.5	46
3665.5	27
3666.5	52
3667.5	39
3668.5	38
3669.5	43
3670.5	51
3671.5	34
3672.5	58
3673.5	49
3674.5	47
3675.5	41
3676.5	45
3677.5	48
3678.5	41
3679.5	58
3680.5	67
3681.5	58
3682.5	42
3683.5	40
3684.5	54
3685.5	64
3686.5	51
3687.5	53
3688.5	47
3689.5	46
3690.5	60
3691.5	58
3692.5	66
3693.5	43
3694.5	65
3695.5	47
3696.5	56
3697.5	52
3698.5	53
3699.5	62
3700.5	53
3701.5	34
3702.5	62
3703.5	61
3704.5	44
3705.5	57
3706.5	72
3707.5	48
3708.5	49
3709.5	72
3710.5	59
3711.5	53
3712.5	45
3713.5	54
3714.5	42
3715.5	54
3716.5	56
3717.5	51
3718.5	41
3719.5	49
3720.5	45
3721.5	44
3722.5	43
3723.5	54
3724.5	42
3725.5	42
3726.5	45
3727.5	40
3728.5	41
3729.5	38
3730.5	37
3731.5	37
3732.5	49
3733.5	26
3734.5	31
3735.5	35
3736.5	19
3737.5	39
3738.5	25
3739.5	37
3740.5	20
3741.5	25
3742.5	17
3743.5	25
3744.5	29
3745.5	20
3746.5	22
3747.5	21
3748.5	29
3749.5	16
3750.5	16
3751.5	22
3752.5	14
3753.5	19
3754.5	12
3755.5	6
3756.5	11
3757.5	8
3758.5	8
3759.5	7
3760.5	12
3761.5	9
3762.5	9
3763.5	5
3764.5	6
3765.5	3
3766.5	8
3767.5	3
3768.5	2
3769.5	4
3770.5	7
3771.5	8
3772.5	2
3773.5	1
3774.5	5
3775.5	4
3776.5	7
3777.5	4
3778.5	2
3779.5	2
3780.5	8
3781.5	6
3782.5	3
3783.5	2
3784.5	1
3785.5	4
3786.5	7
3787.5	3
3788.5	2
3789.5	7
3790.5	3
3791.5	2
3792.5	4
3793.5	2
3794.5	2
3795.5	4
3796.5	0
3797.5	3
3798.5	3
3799.5	2
3800.5	2
3801.5	0
3802.5	1
3803.5	2
3804.5	1
3805.5	1
3806.5	3
3807.5	3
3808.5	4
3809.5	1
3810.5	1
3811.5	4
3812.5	2
3813.5	5
3814.5	2
3815.5	3
3816.5	0
3817.5	0
3818.5	1
3819.5	5
3820.5	2
3821.5	2
3822.5	2
3823.5	5
3824.5	2
3825.5	1
3826.5	3
3827.5	1
3828.5	1
3829.5	1
3830.5	1
3831.5	4
3832.5	0
3833.5	1
3834.5	2
3835.5	3
3836.5	2
3837.5	3
3838.5	1
3839.5	3
3840.5	1
3841.5	6
3842.5	1
3843.5	2
3844.5	3
3845.5	4
3846.5	3
3847.5	2
3848.5	3
3849.5	1
3850.5	3
3851.5	2
3852.5	1
3853.5	1
3854.5	1
3855.5	2
3856.5	2
3857.5	0
3858.5	1
3859.5	2
3860.5	1
3861.5	5
3862.5	0
3863.5	1
3864.5	2
3865.5	2
3866.5	3
3867.5	4
3868.5	3
3869.5	3
3870.5	2
3871.5	2
3872.5	0
3873.5	0
3874.5	1
3875.5	1
3876.5	0
3877.5	2
3878.5	1
3879.5	3
3880.5	4
3881.5	0
3882.5	0
3883.5	2
3884.5	1
3885.5	1
3886.5	3
3887.5	0
3888.5	2
3889.5	3
3890.5	2
3891.5	3
3892.5	0
3893.5	2
3894.5	2
3895.5	2
3896.5	2
3897.5	1
3898.5	2
3899.5	1
3900.5	1
3901.5	1
3902.5	1
3903.5	0
3904.5	0
3905.5	1
3906.5	4
3907.5	3
3908.5	1
3909.5	3
3910.5	3
3911.5	2
3912.5	1
3913.5	0
3914.5	1
3915.5	1
3916.5	2
3917.5	3
3918.5	2
3919.5	2
3920.5	1
3921.5	5
3922.5	0
3923.5	2
3924.5	2
3925.5	3
3926.5	0
3927.5	7
3928.5	0
3929.5	1
3930.5	2
3931.5	3
3932.5	4
3933.5	2
3934.5	1
3935.5	2
3936.5	0
3937.5	2
3938.5	1
3939.5	2
3940.5	1
3941.5	4
3942.5	2
3943.5	3
3944.5	4
3945.5	0
3946.5	3
3947.5	3
3948.5	5
3949.5	0
3950.5	2
3951.5	2
3952.5	0
3953.5	1
3954.5	2
3955.5	0
3956.5	1
3957.5	1
3958.5	4
3959.5	3
3960.5	1
3961.5	1
3962.5	1
3963.5	2
3964.5	0
3965.5	3
3966.5	0
3967.5	1
3968.5	3
3969.5	1
3970.5	1
3971.5	2
3972.5	4
3973.5	1
3974.5	1
3975.5	0
3976.5	3
3977.5	3
3978.5	2
3979.5	1
3980.5	2
3981.5	1
3982.5	0
3983.5	0
3984.5	2
3985.5	1
3986.5	2
3987.5	1
3988.5	1
3989.5	3
3990.5	0
3991.5	2
3992.5	1
3993.5	1
3994.5	3
3995.5	2
3996.5	3
3997.5	0
3998.5	1
3999.5	2
4000.5	0
4001.5	1
4002.5	3
4003.5	3
4004.5	5
4005.5	1
4006.5	1
4007.5	0
4008.5	2
4009.5	0
4010.5	2
4011.5	3
4012.5	1
4013.5	3
4014.5	2
4015.5	3
4016.5	1
4017.5	3
4018.5	4
4019.5	3
4020.5	3
4021.5	1
4022.5	1
4023.5	2
4024.5	2
4025.5	1
4026.5	1
4027.5	1
4028.5	4
4029.5	1
4030.5	3
4031.5	4
4032.5	2
4033.5	0
4034.5	1
4035.5	1
4036.5	0
4037.5	2
4038.5	1
4039.5	0
4040.5	4
4041.5	2
4042.5	0
4043.5	1
4044.5	2
4045.5	4
4046.5	2
4047.5	2
4048.5	1
4049.5	2
4050.5	1
4051.5	1
4052.5	1
4053.5	1
4054.5	3
4055.5	2
4056.5	0
4057.5	2
4058.5	4
4059.5	0
4060.5	1
4061.5	0
4062.5	1
4063.5	3
4064.5	1
4065.5	1
4066.5	2
4067.5	2
4068.5	0
4069.5	1
4070.5	3
4071.5	1
4072.5	1
4073.5	2
4074.5	1
4075.5	0
4076.5	0
4077.5	3
4078.5	1
4079.5	0
4080.5	3
4081.5	1
4082.5	1
4083.5	1
4084.5	1
4085.5	2
4086.5	1
4087.5	2
4088.5	2
4089.5	1
4090.5	5
4091.5	2
4092.5	1
4093.5	1
4094.5	2
4095.5	0
4096.5	1
4097.5	1
4098.5	0
4099.5	1
4100.5	2
4101.5	2
4102.5	2
4103.5	1
4104.5	1
4105.5	6
4106.5	3
4107.5	1
4108.5	2
4109.5	2
4110.5	5
4111.5	1
4112.5	1
4113.5	2
4114.5	0
4115.5	0
4116.5	0
4117.5	1
4118.5	1
4119.5	0
4120.5	0
4121.5	3
4122.5	2
4123.5	2
4124.5	1
4125.5	1
4126.5	3
4127.5	1
4128.5	5
4129.5	2
4130.5	3
4131.5	0
4132.5	1
4133.5	2
4134.5	0
4135.5	1
4136.5	3
4137.5	3
4138.5	3
4139.5	2
4140.5	0
4141.5	4
4142.5	3
4143.5	3
4144.5	4
4145.5	2
4146.5	2
4147.5	1
4148.5	0
4149.5	1
4150.5	2
4151.5	1
4152.5	0
4153.5	2
4154.5	2
4155.5	2
4156.5	1
4157.5	1
4158.5	0
4159.5	0
4160.5	2
4161.5	0
4162.5	4
4163.5	1
4164.5	2
4165.5	3
4166.5	3
4167.5	5
4168.5	4
4169.5	1
4170.5	3
4171.5	3
4172.5	2
4173.5	3
4174.5	1
4175.5	0
4176.5	4
4177.5	1
4178.5	1
4179.5	1
4180.5	2
4181.5	2
4182.5	3
4183.5	2
4184.5	0
4185.5	1
4186.5	3
4187.5	5
4188.5	2
4189.5	5
4190.5	1
4191.5	2
4192.5	0
4193.5	3
4194.5	6
4195.5	1
4196.5	1
4197.5	1
4198.5	0
4199.5	3
4200.5	2
4201.5	2
4202.5	2
4203.5	3
4204.5	2
4205.5	2
4206.5	0
4207.5	4
4208.5	1
4209.5	0
4210.5	2
4211.5	0
4212.5	1
4213.5	0
4214.5	3
4215.5	1
4216.5	2
4217.5	3
4218.5	5
4219.5	1
4220.5	0
4221.5	0
4222.5	5
4223.5	3
4224.5	3
4225.5	2
4226.5	2
4227.5	3
4228.5	1
4229.5	3
4230.5	2
4231.5	2
4232.5	3
4233.5	2
4234.5	1
4235.5	2
4236.5	3
4237.5	4
4238.5	1
4239.5	2
4240.5	0
4241.5	0
4242.5	1
4243.5	3
4244.5	0
4245.5	2
4246.5	1
4247.5	3
4248.5	1
4249.5	3
4250.5	2
4251.5	1
4252.5	0
4253.5	2
4254.5	1
4255.5	5
4256.5	1
4257.5	2
4258.5	2
4259.5	1
4260.5	1
4261.5	1
4262.5	2
4263.5	4
4264.5	4
4265.5	4
4266.5	1
4267.5	2
4268.5	2
4269.5	2
4270.5	1
4271.5	2
4272.5	1
4273.5	3
4274.5	4
4275.5	2
4276.5	1
4277.5	1
4278.5	1
4279.5	2
4280.5	0
4281.5	0
4282.5	1
4283.5	0
4284.5	3
4285.5	3
4286.5	0
4287.5	1
4288.5	1
4289.5	3
4290.5	0
4291.5	4
4292.5	2
4293.5	4
4294.5	2
4295.5	2
4296.5	2
4297.5	2
4298.5	0
4299.5	2
4300.5	0
4301.5	5
4302.5	0
4303.5	0
4304.5	1
4305.5	1
4306.5	2
4307.5	6
4308.5	1
4309.5	4
4310.5	2
4311.5	2
4312.5	0
4313.5	4
4314.5	2
4315.5	2
4316.5	4
4317.5	4
4318.5	1
4319.5	3
4320.5	2
4321.5	2
4322.5	5
4323.5	0
4324.5	2
4325.5	0
4326.5	3
4327.5	3
4328.5	1
4329.5	1
4330.5	1
4331.5	2
4332.5	3
4333.5	3
4334.5	0
4335.5	0
4336.5	2
4337.5	2
4338.5	1
4339.5	1
4340.5	2
4341.5	4
4342.5	2
4343.5	1
4344.5	3
4345.5	3
4346.5	0
4347.5	2
4348.5	5
4349.5	3
4350.5	0
4351.5	1
4352.5	1
4353.5	2
4354.5	1
4355.5	1
4356.5	1
4357.5	4
4358.5	1
4359.5	2
4360.5	4
4361.5	5
4362.5	1
4363.5	1
4364.5	4
4365.5	3
4366.5	3
4367.5	1
4368.5	2
4369.5	2
4370.5	1
4371.5	1
4372.5	0
4373.5	2
4374.5	0
4375.5	2
4376.5	2
4377.5	1
4378.5	4
4379.5	1
4380.5	0
4381.5	0
4382.5	3
4383.5	0
4384.5	2
4385.5	2
4386.5	2
4387.5	1
4388.5	3
4389.5	2
4390.5	2
4391.5	4
4392.5	2
4393.5	3
4394.5	1
4395.5	3
4396.5	3
4397.5	4
4398.5	0
4399.5	2
4400.5	0
4401.5	1
4402.5	1
4403.5	4
4404.5	3
4405.5	2
4406.5	3
4407.5	1
4408.5	1
4409.5	3
4410.5	0
4411.5	0
4412.5	0
4413.5	2
4414.5	1
4415.5	5
4416.5	0
4417.5	0
4418.5	1
4419.5	3
4420.5	4
4421.5	2
4422.5	2
4423.5	3
4424.5	3
4425.5	1
4426.5	1
4427.5	0
4428.5	3
4429.5	2
4430.5	2
4431.5	3
4432.5	2
4433.5	4
4434.5	1
4435.5	1
4436.5	0
4437.5	1
4438.5	2
4439.5	2
4440.5	1
4441.5	1
4442.5	3
4443.5	2
4444.5	0
4445.5	3
4446.5	4
4447.5	1
4448.5	2
4449.5	2
4450.5	1
4451.5	2
4452.5	1
4453.5	1
4454.5	0
4455.5	2
4456.5	0
4457.5	4
4458.5	4
4459.5	1
4460.5	2
4461.5	4
4462.5	3
4463.5	1
4464.5	0
4465.5	1
4466.5	1
4467.5	1
4468.5	2
4469.5	0
4470.5	2
4471.5	0
4472.5	1
4473.5	1
4474.5	2
4475.5	0
4476.5	0
4477.5	3
4478.5	1
4479.5	3
4480.5	3
4481.5	0
4482.5	2
4483.5	0
4484.5	1
4485.5	0
4486.5	1
4487.5	4
4488.5	2
4489.5	1
4490.5	1
4491.5	1
4492.5	1
4493.5	5
4494.5	0
4495.5	3
4496.5	5
4497.5	6
4498.5	1
4499.5	1
4500.5	1
4501.5	0
4502.5	2
4503.5	0
4504.5	2
4505.5	0
4506.5	1
4507.5	2
4508.5	2
4509.5	4
4510.5	2
4511.5	3
4512.5	0
4513.5	1
4514.5	3
4515.5	2
4516.5	3
4517.5	0
4518.5	1
4519.5	0
4520.5	2
4521.5	0
4522.5	5
4523.5	4
4524.5	3
4525.5	4
4526.5	3
4527.5	5
4528.5	3
4529.5	1
4530.5	3
4531.5	4
4532.5	3
4533.5	1
4534.5	4
4535.5	3
4536.5	2
4537.5	7
4538.5	1
4539.5	2
4540.5	1
4541.5	1
4542.5	2
4543.5	2
4544.5	0
4545.5	4
4546.5	4
4547.5	1
4548.5	2
4549.5	3
4550.5	4
4551.5	0
4552.5	0
4553.5	0
4554.5	3
4555.5	1
4556.5	3
4557.5	2
4558.5	3
4559.5	2
4560.5	1
4561.5	3
4562.5	2
4563.5	1
4564.5	0
4565.5	4
4566.5	1
4567.5	3
4568.5	3
4569.5	0
4570.5	1
4571.5	0
4572.5	1
4573.5	4
4574.5	3
4575.5	3
4576.5	3
4577.5	2
4578.5	1
4579.5	1
4580.5	0
4581.5	1
4582.5	3
4583.5	4
4584.5	1
4585.5	3
4586.5	4
4587.5	0
4588.5	2
4589.5	3
4590.5	2
4591.5	1
4592.5	1
4593.5	2
4594.5	1
4595.5	0
4596.5	2
4597.5	3
4598.5	2
4599.5	3
4600.5	4
4601.5	0
4602.5	2
4603.5	3
4604.5	3
4605.5	1
4606.5	2
4607.5	1
4608.5	1
4609.5	4
4610.5	0
4611.5	1
4612.5	3
4613.5	1
4614.5	2
4615.5	0
4616.5	2
4617.5	2
4618.5	1
4619.5	3
4620.5	0
4621.5	1
4622.5	1
4623.5	2
4624.5	3
4625.5	3
4626.5	0
4627.5	0
4628.5	0
4629.5	2
4630.5	1
4631.5	3
4632.5	1
4633.5	0
4634.5	2
4635.5	2
4636.5	1
4637.5	1
4638.5	0
4639.5	1
4640.5	0
4641.5	2
4642.5	1
4643.5	0
4644.5	6
4645.5	1
4646.5	4
4647.5	2
4648.5	2
4649.5	1
4650.5	2
4651.5	0
4652.5	3
4653.5	1
4654.5	1
4655.5	2
4656.5	1
4657.5	2
4658.5	3
4659.5	2
4660.5	2
4661.5	4
4662.5	1
4663.5	2
4664.5	3
4665.5	3
4666.5	0
4667.5	2
4668.5	2
4669.5	1
4670.5	4
4671.5	3
4672.5	1
4673.5	1
4674.5	2
4675.5	1
4676.5	6
4677.5	2
4678.5	4
4679.5	2
4680.5	1
4681.5	3
4682.5	1
4683.5	1
4684.5	3
4685.5	3
4686.5	2
4687.5	3
4688.5	4
4689.5	2
4690.5	1
4691.5	2
4692.5	1
4693.5	3
4694.5	1
4695.5	2
4696.5	2
4697.5	0
4698.5	0
4699.5	2
4700.5	1
4701.5	2
4702.5	2
4703.5	0
4704.5	1
4705.5	1
4706.5	1
4707.5	4
4708.5	1
4709.5	2
4710.5	2
4711.5	4
4712.5	3
4713.5	3
4714.5	2
4715.5	6
4716.5	2
4717.5	1
4718.5	4
4719.5	2
4720.5	1
4721.5	0
4722.5	3
4723.5	2
4724.5	0
4725.5	3
4726.5	2
4727.5	1
4728.5	3
4729.5	2
4730.5	2
4731.5	1
4732.5	3
4733.5	1
4734.5	3
4735.5	0
4736.5	3
4737.5	2
4738.5	0
4739.5	2
4740.5	1
4741.5	2
4742.5	1
4743.5	1
4744.5	2
4745.5	5
4746.5	3
4747.5	3
4748.5	3
4749.5	2
4750.5	3
4751.5	0
4752.5	2
4753.5	1
4754.5	1
4755.5	0
4756.5	2
4757.5	2
4758.5	5
4759.5	2
4760.5	2
4761.5	3
4762.5	0
4763.5	2
4764.5	2
4765.5	0
4766.5	0
4767.5	1
4768.5	1
4769.5	1
4770.5	1
4771.5	4
4772.5	1
4773.5	5
4774.5	2
4775.5	1
4776.5	3
4777.5	1
4778.5	3
4779.5	0
4780.5	3
4781.5	0
4782.5	1
4783.5	1
4784.5	1
4785.5	5
4786.5	1
4787.5	2
4788.5	0
4789.5	3
4790.5	4
4791.5	1
4792.5	1
4793.5	4
4794.5	2
4795.5	3
4796.5	2
4797.5	3
4798.5	4
4799.5	0
4800.5	1
4801.5	2
4802.5	2
4803.5	3
4804.5	4
4805.5	1
4806.5	2
4807.5	1
4808.5	2
4809.5	2
4810.5	1
4811.5	5
4812.5	4
4813.5	3
4814.5	0
4815.5	1
4816.5	5
4817.5	2
4818.5	1
4819.5	0
4820.5	3
4821.5	4
4822.5	2
4823.5	4
4824.5	3
4825.5	3
4826.5	3
4827.5	3
4828.5	1
4829.5	2
4830.5	3
4831.5	4
4832.5	1
4833.5	3
4834.5	7
4835.5	0
4836.5	2
4837.5	4
4838.5	1
4839.5	3
4840.5	3
4841.5	2
4842.5	2
4843.5	2
4844.5	0
4845.5	0
4846.5	3
4847.5	1
4848.5	2
4849.5	2
4850.5	2
4851.5	5
4852.5	3
4853.5	1
4854.5	2
4855.5	3
4856.5	1
4857.5	4
4858.5	1
4859.5	6
4860.5	3
4861.5	2
4862.5	1
4863.5	3
4864.5	3
4865.5	2
4866.5	1
4867.5	2
4868.5	4
4869.5	1
4870.5	4
4871.5	2
4872.5	1
4873.5	5
4874.5	2
4875.5	1
4876.5	1
4877.5	3
4878.5	0
4879.5	1
4880.5	1
4881.5	1
4882.5	2
4883.5	2
4884.5	1
4885.5	1
4886.5	4
4887.5	3
4888.5	1
4889.5	2
4890.5	5
4891.5	4
4892.5	1
4893.5	1
4894.5	3
4895.5	3
4896.5	2
4897.5	1
4898.5	2
4899.5	2
4900.5	5
4901.5	0
4902.5	2
4903.5	0
4904.5	1
4905.5	1
4906.5	3
4907.5	1
4908.5	1
4909.5	2
4910.5	2
4911.5	1
4912.5	1
4913.5	1
4914.5	2
4915.5	4
4916.5	2
4917.5	1
4918.5	1
4919.5	1
4920.5	3
4921.5	2
4922.5	2
4923.5	1
4924.5	4
4925.5	1
4926.5	5
4927.5	1
4928.5	0
4929.5	1
4930.5	4
4931.5	0
4932.5	3
4933.5	3
4934.5	1
4935.5	4
4936.5	3
4937.5	0
4938.5	3
4939.5	3
4940.5	4
4941.5	3
4942.5	2
4943.5	2
4944.5	0
4945.5	1
4946.5	4
4947.5	2
4948.5	2
4949.5	2
4950.5	2
4951.5	2
4952.5	3
4953.5	2
4954.5	2
4955.5	0
4956.5	3
4957.5	2
4958.5	2
4959.5	2
4960.5	0
4961.5	2
4962.5	2
4963.5	2
4964.5	2
4965.5	1
4966.5	2
4967.5	2
4968.5	2
4969.5	2
4970.5	3
4971.5	3
4972.5	3
4973.5	0
4974.5	0
4975.5	2
4976.5	2
4977.5	4
4978.5	3
4979.5	1
4980.5	3
4981.5	5
4982.5	2
4983.5	2
4984.5	1
4985.5	2
4986.5	0
4987.5	2
4988.5	1
4989.5	2
4990.5	1
4991.5	1
4992.5	1
4993.5	1
4994.5	1
4995.5	2
4996.5	2
4997.5	1
4998.5	3
4999.5	3
5000.5	3
5001.5	2
5002.5	1
5003.5	1
5004.5	2
5005.5	2
5006.5	2
5007.5	2
5008.5	3
5009.5	1
5010.5	3
5011.5	2
5012.5	1
5013.5	0
5014.5	0
5015.5	1
5016.5	2
5017.5	1
5018.5	0
5019.5	1
5020.5	2
5021.5	3
5022.5	2
5023.5	2
5024.5	1
5025.5	3
5026.5	1
5027.5	1
5028.5	1
5029.5	1
5030.5	3
5031.5	0
5032.5	2
5033.5	3
5034.5	3
5035.5	2
5036.5	2
5037.5	2
5038.5	0
5039.5	0
5040.5	0
5041.5	2
5042.5	0
5043.5	4
5044.5	1
5045.5	2
5046.5	2
5047.5	0
5048.5	1
5049.5	1
5050.5	1
5051.5	1
5052.5	3
5053.5	3
5054.5	3
5055.5	4
5056.5	2
5057.5	1
5058.5	2
5059.5	7
5060.5	2
5061.5	0
5062.5	1
5063.5	2
5064.5	4
5065.5	2
5066.5	1
5067.5	0
5068.5	2
5069.5	0
5070.5	2
5071.5	3
5072.5	1
5073.5	4
5074.5	2
5075.5	2
5076.5	2
5077.5	2
5078.5	1
5079.5	1
5080.5	0
5081.5	1
5082.5	1
5083.5	3
5084.5	5
5085.5	1
5086.5	3
5087.5	0
5088.5	1
5089.5	3
5090.5	1
5091.5	3
5092.5	4
5093.5	3
5094.5	1
5095.5	2
5096.5	0
5097.5	0
5098.5	4
5099.5	1
5100.5	0
5101.5	1
5102.5	1
5103.5	2
5104.5	3
5105.5	2
5106.5	5
5107.5	2
5108.5	0
5109.5	5
5110.5	3
5111.5	1
5112.5	1
5113.5	2
5114.5	1
5115.5	1
5116.5	1
5117.5	1
5118.5	2
5119.5	1
5120.5	0
5121.5	2
5122.5	2
5123.5	1
5124.5	0
5125.5	4
5126.5	1
5127.5	1
5128.5	0
5129.5	4
5130.5	2
5131.5	4
5132.5	1
5133.5	1
5134.5	1
5135.5	2
5136.5	1
5137.5	2
5138.5	4
5139.5	2
5140.5	1
5141.5	0
5142.5	5
5143.5	3
5144.5	0
5145.5	1
5146.5	1
5147.5	0
5148.5	3
5149.5	1
5150.5	1
5151.5	1
5152.5	1
5153.5	0
5154.5	2
5155.5	1
5156.5	2
5157.5	3
5158.5	3
5159.5	1
5160.5	1
5161.5	1
5162.5	3
5163.5	2
5164.5	2
5165.5	4
5166.5	5
5167.5	2
5168.5	1
5169.5	1
5170.5	1
5171.5	2
5172.5	2
5173.5	3
5174.5	2
5175.5	2
5176.5	2
5177.5	2
5178.5	1
5179.5	6
5180.5	1
5181.5	0
5182.5	2
5183.5	1
5184.5	0
5185.5	0
5186.5	2
5187.5	3
5188.5	1
5189.5	4
5190.5	1
5191.5	0
5192.5	2
5193.5	1
5194.5	3
5195.5	2
5196.5	2
5197.5	1
5198.5	2
5199.5	1
5200.5	1
5201.5	1
5202.5	0
5203.5	2
5204.5	2
5205.5	2
5206.5	3
5207.5	1
5208.5	1
5209.5	0
5210.5	1
5211.5	1
5212.5	5
5213.5	0
5214.5	0
5215.5	2
5216.5	1
5217.5	2
5218.5	0
5219.5	3
5220.5	1
5221.5	4
5222.5	1
5223.5	0
5224.5	2
5225.5	0
5226.5	0
5227.5	3
5228.5	2
5229.5	1
5230.5	0
5231.5	0
5232.5	1
5233.5	2
5234.5	1
5235.5	0
5236.5	3
5237.5	3
5238.5	0
5239.5	0
5240.5	1
5241.5	1
5242.5	0
5243.5	1
5244.5	2
5245.5	4
5246.5	0
5247.5	1
5248.5	1
5249.5	3
5250.5	1
5251.5	0
5252.5	2
5253.5	1
5254.5	1
5255.5	2
5256.5	1
5257.5	0
5258.5	0
5259.5	1
5260.5	1
5261.5	0
5262.5	1
5263.5	1
5264.5	3
5265.5	4
5266.5	0
5267.5	2
5268.5	1
5269.5	0
5270.5	5
5271.5	2
5272.5	3
5273.5	2
5274.5	0
5275.5	0
5276.5	2
5277.5	0
5278.5	0
5279.5	2
5280.5	1
5281.5	1
5282.5	2
5283.5	0
5284.5	1
5285.5	0
5286.5	0
5287.5	1
5288.5	0
5289.5	0
5290.5	1
5291.5	2
5292.5	0
5293.5	2
5294.5	1
5295.5	1
5296.5	3
5297.5	1
5298.5	3
5299.5	2
5300.5	2
5301.5	3
5302.5	3
5303.5	0
5304.5	4
5305.5	2
5306.5	4
5307.5	0
5308.5	1
5309.5	1
5310.5	3
5311.5	2
5312.5	1
5313.5	0
5314.5	1
5315.5	1
5316.5	2
5317.5	0
5318.5	2
5319.5	3
5320.5	0
5321.5	1
5322.5	2
5323.5	2
5324.5	1
5325.5	0
5326.5	0
5327.5	0
5328.5	1
5329.5	2
5330.5	1
5331.5	0
5332.5	0
5333.5	0
5334.5	2
5335.5	1
5336.5	1
5337.5	2
5338.5	4
5339.5	2
5340.5	2
5341.5	2
5342.5	0
5343.5	1
5344.5	3
5345.5	1
5346.5	3
5347.5	1
5348.5	1
5349.5	2
5350.5	1
5351.5	1
5352.5	2
5353.5	2
5354.5	0
5355.5	2
5356.5	1
5357.5	3
5358.5	1
5359.5	1
5360.5	0
5361.5	1
5362.5	4
5363.5	1
5364.5	0
5365.5	1
5366.5	3
5367.5	2
5368.5	1
5369.5	1
5370.5	3
5371.5	3
5372.5	0
5373.5	0
5374.5	1
5375.5	0
5376.5	4
5377.5	1
5378.5	2
5379.5	0
5380.5	2
5381.5	1
5382.5	1
5383.5	2
5384.5	2
5385.5	0
5386.5	1
5387.5	1
5388.5	0
5389.5	2
5390.5	0
5391.5	1
5392.5	0
5393.5	0
5394.5	2
5395.5	1
5396.5	0
5397.5	2
5398.5	2
5399.5	1
5400.5	0
5401.5	1
5402.5	1
5403.5	0
5404.5	0
5405.5	2
5406.5	0
5407.5	2
5408.5	1
5409.5	1
5410.5	1
5411.5	1
5412.5	1
5413.5	2
5414.5	1
5415.5	1
5416.5	1
5417.5	2
5418.5	0
5419.5	1
5420.5	0
5421.5	0
5422.5	0
5423.5	0
5424.5	2
5425.5	2
5426.5	2
5427.5	0
5428.5	1
5429.5	0
5430.5	1
5431.5	0
5432.5	1
5433.5	0
5434.5	3
5435.5	0
5436.5	1
5437.5	0
5438.5	1
5439.5	3
5440.5	1
5441.5	2
5442.5	1
5443.5	5
5444.5	2
5445.5	0
5446.5	2
5447.5	0
5448.5	2
5449.5	1
5450.5	2
5451.5	1
5452.5	1
5453.5	0
5454.5	1
5455.5	0
5456.5	3
5457.5	1
5458.5	1
5459.5	0
5460.5	1
5461.5	0
5462.5	0
5463.5	3
5464.5	1
5465.5	1
5466.5	1
5467.5	0
5468.5	2
5469.5	1
5470.5	0
5471.5	3
5472.5	0
5473.5	1
5474.5	1
5475.5	0
5476.5	1
5477.5	0
5478.5	0
5479.5	1
5480.5	4
5481.5	1
5482.5	2
5483.5	0
5484.5	1
5485.5	1
5486.5	3
5487.5	1
5488.5	3
5489.5	0
5490.5	2
5491.5	0
5492.5	1
5493.5	1
5494.5	1
5495.5	0
5496.5	1
5497.5	1
5498.5	1
5499.5	1
5500.5	1
5501.5	2
5502.5	0
5503.5	3
5504.5	0
5505.5	0
5506.5	1
5507.5	3
5508.5	2
5509.5	1
5510.5	1
5511.5	0
5512.5	0
5513.5	0
5514.5	3
5515.5	3
5516.5	2
5517.5	1
5518.5	1
5519.5	1
5520.5	0
5521.5	0
5522.5	0
5523.5	1
5524.5	0
5525.5	0
5526.5	0
5527.5	1
5528.5	1
5529.5	1
5530.5	1
5531.5	2
5532.5	0
5533.5	0
5534.5	0
5535.5	0
5536.5	0
5537.5	0
5538.5	0
5539.5	1
5540.5	1
5541.5	1
5542.5	0
5543.5	0
5544.5	1
5545.5	1
5546.5	0
5547.5	0
5548.5	0
5549.5	0
5550.5	0
5551.5	1
5552.5	0
5553.5	1
5554.5	2
5555.5	2
5556.5	2
5557.5	1
5558.5	0
5559.5	0
5560.5	0
5561.5	1
5562.5	2
5563.5	1
5564.5	2
5565.5	2
5566.5	1
5567.5	0
5568.5	3
5569.5	0
5570.5	1
5571.5	0
5572.5	0
5573.5	0
5574.5	0
5575.5	1
5576.5	0
5577.5	2
5578.5	1
5579.5	1
5580.5	1
5581.5	0
5582.5	0
5583.5	0
5584.5	2
5585.5	0
5586.5	0
5587.5	0
5588.5	1
5589.5	0
5590.5	1
5591.5	0
5592.5	0
5593.5	0
5594.5	0
5595.5	0
5596.5	0
5597.5	0
5598.5	0
5599.5	0
5600.5	0
5601.5	0
5602.5	1
5603.5	2
5604.5	0
5605.5	1
5606.5	0
5607.5	0
5608.5	0
5609.5	1
5610.5	0
5611.5	0
5612.5	0
5613.5	0
5614.5	1
5615.5	0
5616.5	0
5617.5	0
5618.5	0
5619.5	1
5620.5	1
5621.5	2
5622.5	0
5623.5	0
5624.5	0
5625.5	0
5626.5	1
5627.5	1
5628.5	0
5629.5	1
5630.5	2
5631.5	1
5632.5	1
5633.5	1
5634.5	1
5635.5	0
5636.5	0
5637.5	1
5638.5	0
5639.5	0
5640.5	0
5641.5	1
5642.5	1
5643.5	0
5644.5	0
5645.5	0
5646.5	0
5647.5	0
5648.5	4
5649.5	1
5650.5	0
5651.5	0
5652.5	0
5653.5	0
5654.5	0
5655.5	1
5656.5	2
5657.5	0
5658.5	0
5659.5	0
5660.5	0
5661.5	0
5662.5	0
5663.5	0
5664.5	0
5665.5	0
5666.5	0
5667.5	0
5668.5	3
5669.5	1
5670.5	0
5671.5	0
5672.5	1
5673.5	1
5674.5	2
5675.5	0
5676.5	0
5677.5	0
5678.5	0
5679.5	1
5680.5	0
5681.5	0
5682.5	0
5683.5	1
5684.5	1
5685.5	2
5686.5	2
5687.5	0
5688.5	0
5689.5	0
5690.5	0
5691.5	1
5692.5	0
5693.5	0
5694.5	0
5695.5	1
5696.5	0
5697.5	0
5698.5	0
5699.5	0
5700.5	0
5701.5	0
5702.5	1
5703.5	0
5704.5	0
5705.5	1
5706.5	1
5707.5	0
5708.5	0
5709.5	0
5710.5	0
5711.5	0
5712.5	1
5713.5	0
5714.5	0
5715.5	1
5716.5	0
5717.5	1
5718.5	3
5719.5	0
5720.5	0
5721.5	0
5722.5	1
5723.5	1
5724.5	1
5725.5	1
5726.5	1
5727.5	2
5728.5	0
5729.5	0
5730.5	1
5731.5	3
5732.5	1
5733.5	0
5734.5	0
5735.5	1
5736.5	0
5737.5	0
5738.5	1
5739.5	0
5740.5	0
5741.5	0
5742.5	0
5743.5	0
5744.5	0
5745.5	0
5746.5	0
5747.5	1
5748.5	1
5749.5	1
5750.5	2
5751.5	2
5752.5	1
5753.5	1
5754.5	0
5755.5	2
5756.5	2
5757.5	1
5758.5	0
5759.5	0
5760.5	1
5761.5	0
5762.5	0
5763.5	0
5764.5	0
5765.5	0
5766.5	2
5767.5	0
5768.5	0
5769.5	1
5770.5	0
5771.5	0
5772.5	0
5773.5	1
5774.5	2
5775.5	0
5776.5	1
5777.5	1
5778.5	0
5779.5	0
5780.5	2
5781.5	1
5782.5	1
5783.5	1
5784.5	0
5785.5	0
5786.5	1
5787.5	0
5788.5	1
5789.5	0
5790.5	1
5791.5	0
5792.5	1
5793.5	0
5794.5	1
5795.5	1
5796.5	0
5797.5	1
5798.5	1
5799.5	0
5800.5	0
5801.5	0
5802.5	0
5803.5	0
5804.5	1
5805.5	0
5806.5	0
5807.5	0
5808.5	1
5809.5	0
5810.5	0
5811.5	0
5812.5	0
5813.5	1
5814.5	0
5815.5	0
5816.5	0
5817.5	0
5818.5	2
5819.5	0
5820.5	1
5821.5	0
5822.5	0
5823.5	0
5824.5	0
5825.5	0
5826.5	1
5827.5	0
5828.5	0
5829.5	1
5830.5	1
5831.5	1
5832.5	2
5833.5	1
5834.5	1
5835.5	0
5836.5	0
5837.5	0
5838.5	0
5839.5	1
5840.5	0
5841.5	1
5842.5	0
5843.5	0
5844.5	2
5845.5	1
5846.5	1
5847.5	0
5848.5	0
5849.5	1
5850.5	0
5851.5	0
5852.5	0
5853.5	0
5854.5	0
5855.5	0
5856.5	0
5857.5	1
5858.5	0
5859.5	0
5860.5	0
5861.5	1
5862.5	0
5863.5	0
5864.5	0
5865.5	0
5866.5	1
5867.5	0
5868.5	0
5869.5	0
5870.5	0
5871.5	1
5872.5	1
5873.5	0
5874.5	0
5875.5	1
5876.5	2
5877.5	0
5878.5	0
5879.5	0
5880.5	0
5881.5	1
5882.5	0
5883.5	0
5884.5	0
5885.5	2
5886.5	0
5887.5	1
5888.5	0
5889.5	0
5890.5	0
5891.5	1
5892.5	0
5893.5	1
5894.5	0
5895.5	0
5896.5	3
5897.5	2
5898.5	0
5899.5	0
5900.5	1
5901.5	0
5902.5	0
5903.5	0
5904.5	0
5905.5	0
5906.5	0
5907.5	0
5908.5	1
5909.5	0
5910.5	0
5911.5	0
5912.5	2
5913.5	0
5914.5	0
5915.5	2
5916.5	0
5917.5	0
5918.5	1
5919.5	2
5920.5	0
5921.5	0
5922.5	0
5923.5	0
5924.5	0
5925.5	0
5926.5	0
5927.5	1
5928.5	1
5929.5	0
5930.5	0
5931.5	0
5932.5	0
5933.5	0
5934.5	0
5935.5	0
5936.5	0
5937.5	1
5938.5	0
5939.5	0
5940.5	0
5941.5	0
5942.5	0
5943.5	0
5944.5	0
5945.5	0
5946.5	0
5947.5	0
5948.5	0
5949.5	0
5950.5	0
5951.5	0
5952.5	0
5953.5	0
5954.5	0
5955.5	0
5956.5	0
5957.5	0
5958.5	0
5959.5	0
5960.5	0
5961.5	0
5962.5	0
5963.5	0
5964.5	0
5965.5	0
5966.5	0
5967.5	0
5968.5	0
5969.5	0
5970.5	0
5971.5	0
5972.5	0
5973.5	0
5974.5	0
5975.5	0
5976.5	0
5977.5	0
5978.5	0
5979.5	0
5980.5	0
5981.5	0
5982.5	0
5983.5	0
5984.5	0
5985.5	0
5986.5	0
5987.5	0
5988.5	0
5989.5	0
5990.5	0
5991.5	0
5992.5	0
5993.5	0
5994.5	0
5995.5	0
5996.5	0
5997.5	0
5998.5	0
5999.5	0
6000.5	0
6001.5	0
6002.5	0
6003.5	0
6004.5	0
6005.5	0
6006.5	0
6007.5	0
6008.5	0
6009.5	0
6010.5	0
6011.5	0
6012.5	0
6013.5	0
6014.5	0
6015.5	0
6016.5	0
6017.5	0
6018.5	0
6019.5	0
6020.5	0
6021.5	0
6022.5	0
6023.5	0
6024.5	0
6025.5	0
6026.5	0
6027.5	0
6028.5	0
6029.5	0
6030.5	0
6031.5	0
6032.5	0
6033.5	0
6034.5	0
6035.5	0
6036.5	0
6037.5	0
6038.5	0
6039.5	0
6040.5	0
6041.5	0
6042.5	0
6043.5	0
6044.5	0
6045.5	0
6046.5	0
6047.5	0
6048.5	0
6049.5	0
6050.5	0
6051.5	0
6052.5	0
6053.5	0
6054.5	0
6055.5	0
6056.5	0
6057.5	0
6058.5	0
6059.5	0
6060.5	0
6061.5	0
6062.5	0
6063.5	0
6064.5	0
6065.5	0
6066.5	0
6067.5	0
6068.5	0
6069.5	0
6070.5	0
6071.5	0
6072.5	0
6073.5	0
6074.5	0
6075.5	0
6076.5	0
6077.5	0
6078.5	0
6079.5	0
6080.5	0
6081.5	0
6082.5	0
6083.5	0
6084.5	0
6085.5	0
6086.5	0
6087.5	0
6088.5	0
6089.5	0
6090.5	0
6091.5	0
6092.5	0
6093.5	0
6094.5	0
6095.5	0
6096.5	0
6097.5	0
6098.5	0
6099.5	0
6100.5	0
6101.5	0
6102.5	0
6103.5	0
6104.5	0
6105.5	0
6106.5	0
6107.5	0
6108.5	0
6109.5	0
6110.5	0
6111.5	0
6112.5	0
6113.5	0
6114.5	0
6115.5	0
6116.5	0
6117.5	0
6118.5	0
6119.5	0
6120.5	0
6121.5	0
6122.5	0
6123.5	0
6124.5	0
6125.5	0
6126.5	0
6127.5	0
6128.5	0
6129.5	0
6130.5	0
6131.5	0
6132.5	0
6133.5	0
6134.5	0
6135.5	0
6136.5	0
6137.5	0
6138.5	0
6139.5	0
6140.5	0
6141.5	0
6142.5	0
6143.5	0
6144.5	0
6145.5	0
6146.5	0
6147.5	0
6148.5	0
6149.5	0
6150.5	0
6151.5	0
6152.5	0
6153.5	0
6154.5	0
6155.5	0
6156.5	0
6157.5	0
6158.5	0
6159.5	0
6160.5	0
6161.5	0
6162.5	0
6163.5	0
6164.5	0
6165.5	0
6166.5	0
6167.5	0
6168.5	0
6169.5	0
6170.5	0
6171.5	0
6172.5	0
6173.5	0
6174.5	0
6175.5	0
6176.5	0
6177.5	0
6178.5	0
6179.5	0
6180.5	0
6181.5	0
6182.5	0
6183.5	0
6184.5	0
6185.5	0
6186.5	0
6187.5	0
6188.5	0
6189.5	0
6190.5	0
6191.5	0
6192.5	0
6193.5	0
6194.5	0
6195.5	0
6196.5	0
6197.5	0
6198.5	0
6199.5	0
6200.5	0
6201.5	0
6202.5	0
6203.5	0
6204.5	0
6205.5	0
6206.5	0
6207.5	0
6208.5	0
6209.5	0
6210.5	0
6211.5	0
6212.5	0
6213.5	0
6214.5	0
6215.5	0
6216.5	0
6217.5	0
6218.5	0
6219.5	0
6220.5	0
6221.5	0
6222.5	0
6223.5	0
6224.5	0
6225.5	0
6226.5	0
6227.5	0
6228.5	0
6229.5	0
6230.5	0
6231.5	0
6232.5	0
6233.5	0
6234.5	0
6235.5	0
6236.5	0
6237.5	0
6238.5	0
6239.5	0
6240.5	0
6241.5	0
6242.5	0
6243.5	0
6244.5	0
6245.5	0
6246.5	0
6247.5	0
6248.5	0
6249.5	0
6250.5	0
6251.5	0
6252.5	0
6253.5	0
6254.5	0
6255.5	0
6256.5	0
6257.5	0
6258.5	0
6259.5	0
6260.5	0
6261.5	0
6262.5	0
6263.5	0
6264.5	0
6265.5	0
6266.5	0
6267.5	0
6268.5	0
6269.5	0
6270.5	0
6271.5	0
6272.5	0
6273.5	0
6274.5	0
6275.5	0
6276.5	0
6277.5	0
6278.5	0
6279.5	0
6280.5	0
6281.5	0
6282.5	0
6283.5	0
6284.5	0
6285.5	0
6286.5	0
6287.5	0
6288.5	0
6289.5	0
6290.5	0
6291.5	0
6292.5	0
6293.5	0
6294.5	0
6295.5	0
6296.5	0
6297.5	0
6298.5	0
6299.5	0
6300.5	0
6301.5	0
6302.5	0
6303.5	0
6304.5	0
6305.5	0
6306.5	0
6307.5	0
6308.5	0
6309.5	0
6310.5	0
6311.5	0
6312.5	0
6313.5	0
6314.5	0
6315.5	0
6316.5	0
6317.5	0
6318.5	0
6319.5	0
6320.5	0
6321.5	0
6322.5	0
6323.5	0
6324.5	0
6325.5	0
6326.5	0
6327.5	0
6328.5	0
6329.5	0
6330.5	0
6331.5	0
6332.5	0
6333.5	0
6334.5	0
6335.5	0
6336.5	0
6337.5	0
6338.5	0
6339.5	0
6340.5	0
6341.5	0
6342.5	0
6343.5	0
6344.5	0
6345.5	0
6346.5	0
6347.5	0
6348.5	0
6349.5	0
6350.5	0
6351.5	0
6352.5	0
6353.5	0
6354.5	0
6355.5	0
6356.5	0
6357.5	0
6358.5	0
6359.5	0
6360.5	0
6361.5	0
6362.5	0
6363.5	0
6364.5	0
6365.5	0
6366.5	0
6367.5	0
6368.5	0
6369.5	0
6370.5	0
6371.5	0
6372.5	0
6373.5	0
6374.5	0
6375.5	0
6376.5	0
6377.5	0
6378.5	0
6379.5	0
6380.5	0
6381.5	0
6382.5	0
6383.5	0
6384.5	0
6385.5	0
6386.5	0
6387.5	0
6388.5	0
6389.5	0
6390.5	0
6391.5	0
6392.5	0
6393.5	0
6394.5	0
6395.5	0
6396.5	0
6397.5	0
6398.5	0
6399.5	0
6400.5	0
6401.5	0
6402.5	0
6403.5	0
6404.5	0
6405.5	0
6406.5	0
6407.5	0
6408.5	0
6409.5	0
6410.5	0
6411.5	0
6412.5	0
6413.5	0
6414.5	0
6415.5	0
6416.5	0
6417.5	0
6418.5	0
6419.5	0
6420.5	0
6421.5	0
6422.5	0
6423.5	0
6424.5	0
6425.5	0
6426.5	0
6427.5	0
6428.5	0
6429.5	0
6430.5	0
6431.5	0
6432.5	0
6433.5	0
6434.5	0
6435.5	0
6436.5	0
6437.5	0
6438.5	0
6439.5	0
6440.5	0
6441.5	0
6442.5	0
6443.5	0
6444.5	0
6445.5	0
6446.5	0
6447.5	0
6448.5	0
6449.5	0
6450.5	0
6451.5	0
6452.5	0
6453.5	0
6454.5	0
6455.5	0
6456.5	0
6457.5	0
6458.5	0
6459.5	0
6460.5	0
6461.5	0
6462.5	0
6463.5	0
6464.5	0
6465.5	0
6466.5	0
6467.5	0
6468.5	0
6469.5	0
6470.5	0
6471.5	0
6472.5	0
6473.5	0
6474.5	0
6475.5	0
6476.5	0
6477.5	0
6478.5	0
6479.5	0
6480.5	0
6481.5	0
6482.5	0
6483.5	0
6484.5	0
6485.5	0
6486.5	0
6487.5	0
6488.5	0
6489.5	0
6490.5	0
6491.5	0
6492.5	0
6493.5	0
6494.5	0
6495.5	0
6496.5	0
6497.5	0
6498.5	0
6499.5	0
6500.5	0
6501.5	0
6502.5	0
6503.5	0
6504.5	0
6505.5	0
6506.5	0
6507.5	0
6508.5	0
6509.5	0
6510.5	0
6511.5	0
6512.5	0
6513.5	0
6514.5	0
6515.5	0
6516.5	0
6517.5	0
6518.5	0
6519.5	0
6520.5	0
6521.5	0
6522.5	0
6523.5	0
6524.5	0
6525.5	0
6526.5	0
6527.5	0
6528.5	0
6529.5	0
6530.5	0
6531.5	0
6532.5	0
6533.5	0
6534.5	0
6535.5	0
6536.5	0
6537.5	0
6538.5	0
6539.5	0
6540.5	0
6541.5	0
6542.5	0
6543.5	0
6544.5	0
6545.5	0
6546.5	0
6547.5	0
6548.5	0
6549.5	0
6550.5	0
6551.5	0
6552.5	0
6553.5	0
6554.5	0
6555.5	0
6556.5	0
6557.5	0
6558.5	0
6559.5	0
6560.5	0
6561.5	0
6562.5	0
6563.5	0
6564.5	0
6565.5	0
6566.5	0
6567.5	0
6568.5	0
6569.5	0
6570.5	0
6571.5	0
6572.5	0
6573.5	0
6574.5	0
6575.5	0
6576.5	0
6577.5	0
6578.5	0
6579.5	0
6580.5	0
6581.5	0
6582.5	0
6583.5	0
6584.5	0
6585.5	0
6586.5	0
6587.5	0
6588.5	0
6589.5	0
6590.5	0
6591.5	0
6592.5	0
6593.5	0
6594.5	0
6595.5	0
6596.5	0
6597.5	0
6598.5	0
6599.5	0
6600.5	0
6601.5	0
6602.5	0
6603.5	0
6604.5	0
6605.5	0
6606.5	0
6607.5	0
6608.5	0
6609.5	0
6610.5	0
6611.5	0
6612.5	0
6613.5	0
6614.5	0
6615.5	0
6616.5	0
6617.5	0
6618.5	0
6619.5	0
6620.5	0
6621.5	0
6622.5	0
6623.5	0
6624.5	0
6625.5	0
6626.5	0
6627.5	0
6628.5	0
6629.5	0
6630.5	0
6631.5	0
6632.5	0
6633.5	0
6634.5	0
6635.5	0
6636.5	0
6637.5	0
6638.5	0
6639.5	0
6640.5	0
6641.5	0
6642.5	0
6643.5	0
6644.5	0
6645.5	0
6646.5	0
6647.5	0
6648.5	0
6649.5	0
6650.5	0
6651.5	0
6652.5	0
6653.5	0
6654.5	0
6655.5	0
6656.5	0
6657.5	0
6658.5	0
6659.5	0
6660.5	0
6661.5	0
6662.5	0
6663.5	0
6664.5	0
6665.5	0
6666.5	0
6667.5	0
6668.5	0
6669.5	0
6670.5	0
6671.5	0
6672.5	0
6673.5	0
6674.5	0
6675.5	0
6676.5	0
6677.5	0
6678.5	0
6679.5	0
6680.5	0
6681.5	0
6682.5	0
6683.5	0
6684.5	0
6685.5	0
6686.5	0
6687.5	0
6688.5	0
6689.5	0
6690.5	0
6691.5	0
6692.5	0
6693.5	0
6694.5	0
6695.5	0
6696.5	0
6697.5	0
6698.5	0
6699.5	0
6700.5	0
6701.5	0
6702.5	0
6703.5	0
6704.5	0
6705.5	0
6706.5	0
6707.5	0
6708.5	0
6709.5	0
6710.5	0
6711.5	0
6712.5	0
6713.5	0
6714.5	0
6715.5	0
6716.5	0
6717.5	0
6718.5	0
6719.5	0
6720.5	0
6721.5	0
6722.5	0
6723.5	0
6724.5	0
6725.5	0
6726.5	0
6727.5	0
6728.5	0
6729.5	0
6730.5	0
6731.5	0
6732.5	0
6733.5	0
6734.5	0
6735.5	0
6736.5	0
6737.5	0
6738.5	0
6739.5	0
6740.5	0
6741.5	0
6742.5	0
6743.5	0
6744.5	0
6745.5	0
6746.5	0
6747.5	0
6748.5	0
6749.5	0
6750.5	0
6751.5	0
6752.5	0
6753.5	0
6754.5	0
6755.5	0
6756.5	0
6757.5	0
6758.5	0
6759.5	0
6760.5	0
6761.5	0
6762.5	0
6763.5	0
6764.5	0
6765.5	0
6766.5	0
6767.5	0
6768.5	0
6769.5	0
6770.5	0
6771.5	0
6772.5	0
6773.5	0
6774.5	0
6775.5	0
6776.5	0
6777.5	0
6778.5	0
6779.5	0
6780.5	0
6781.5	0
6782.5	0
6783.5	0
6784.5	0
6785.5	0
6786.5	0
6787.5	0
6788.5	0
6789.5	0
6790.5	0
6791.5	0
6792.5	0
6793.5	0
6794.5	0
6795.5	0
6796.5	0
6797.5	0
6798.5	0
6799.5	0
6800.5	0
6801.5	0
6802.5	0
6803.5	0
6804.5	0
6805.5	0
6806.5	0
6807.5	0
6808.5	0
6809.5	0
6810.5	0
6811.5	0
6812.5	0
6813.5	0
6814.5	0
6815.5	0
6816.5	0
6817.5	0
6818.5	0
6819.5	0
6820.5	0
6821.5	0
6822.5	0
6823.5	0
6824.5	0
6825.5	0
6826.5	0
6827.5	0
6828.5	0
6829.5	0
6830.5	0
6831.5	0
6832.5	0
6833.5	0
6834.5	0
6835.5	0
6836.5	0
6837.5	0
6838.5	0
6839.5	0
6840.5	0
6841.5	0
6842.5	0
6843.5	0
6844.5	0
6845.5	0
6846.5	0
6847.5	0
6848.5	0
6849.5	0
6850.5	0
6851.5	0
6852.5	0
6853.5	0
6854.5	0
6855.5	0
6856.5	0
6857.5	0
6858.5	0
6859.5	0
6860.5	0
6861.5	0
6862.5	0
6863.5	0
6864.5	0
6865.5	0
6866.5	0
6867.5	0
6868.5	0
6869.5	0
6870.5	0
6871.5	0
6872.5	0
6873.5	0
6874.5	0
6875.5	0
6876.5	0
6877.5	0
6878.5	0
6879.5	0
6880.5	0
6881.5	0
6882.5	0
6883.5	0
6884.5	0
6885.5	0
6886.5	0
6887.5	0
6888.5	0
6889.5	0
6890.5	0
6891.5	0
6892.5	0
6893.5	0
6894.5	0
6895.5	0
6896.5	0
6897.5	0
6898.5	0
6899.5	0
6900.5	0
6901.5	0
6902.5	0
6903.5	0
6904.5	0
6905.5	0
6906.5	0
6907.5	0
6908.5	0
6909.5	0
6910.5	0
6911.5	0
6912.5	0
6913.5	0
6914.5	0
6915.5	0
6916.5	0
6917.5	0
6918.5	0
6919.5	0
6920.5	0
6921.5	0
6922.5	0
6923.5	0
6924.5	0
6925.5	0
6926.5	0
6927.5	0
6928.5	0
6929.5	0
6930.5	0
6931.5	0
6932.5	0
6933.5	0
6934.5	0
6935.5	0
6936.5	0
6937.5	0
6938.5	0
6939.5	0
6940.5	0
6941.5	0
6942.5	0
6943.5	0
6944.5	0
6945.5	0
6946.5	0
6947.5	0
6948.5	0
6949.5	0
6950.5	0
6951.5	0
6952.5	0
6953.5	0
6954.5	0
6955.5	0
6956.5	0
6957.5	0
6958.5	0
6959.5	0
6960.5	0
6961.5	0
6962.5	0
6963.5	0
6964.5	0
6965.5	0
6966.5	0
6967.5	0
6968.5	0
6969.5	0
6970.5	0
6971.5	0
6972.5	0
6973.5	0
6974.5	0
6975.5	0
6976.5	0
6977.5	0
6978.5	0
6979.5	0
6980.5	0
6981.5	0
6982.5	0
6983.5	0
6984.5	0
6985.5	0
6986.5	0
6987.5	0
6988.5	0
6989.5	0
6990.5	0
6991.5	0
6992.5	0
6993.5	0
6994.5	0
6995.5	0
6996.5	0
6997.5	0
6998.5	0
6999.5	0
7000.5	0
7001.5	0
7002.5	0
7003.5	0
7004.5	0
7005.5	0
7006.5	0
7007.5	0
7008.5	0
7009.5	0
7010.5	0
7011.5	0
7012.5	0
7013.5	0
7014.5	0
7015.5	0
7016.5	0
7017.5	0
7018.5	0
7019.5	0
7020.5	0
7021.5	0
7022.5	0
7023.5	0
7024.5	0
7025.5	0
7026.5	0
7027.5	0
7028.5	0
7029.5	0
7030.5	0
7031.5	0
7032.5	0
7033.5	0
7034.5	0
7035.5	0
7036.5	0
7037.5	0
7038.5	0
7039.5	0
7040.5	0
7041.5	0
7042.5	0
7043.5	0
7044.5	0
7045.5	0
7046.5	0
7047.5	0
7048.5	0
7049.5	0
7050.5	0
7051.5	0
7052.5	0
7053.5	0
7054.5	0
7055.5	0
7056.5	0
7057.5	0
7058.5	0
7059.5	0
7060.5	0
7061.5	0
7062.5	0
7063.5	0
7064.5	0
7065.5	0
7066.5	0
7067.5	0
7068.5	0
7069.5	0
7070.5	0
7071.5	0
7072.5	0
7073.5	0
7074.5	0
7075.5	0
7076.5	0
7077.5	0
7078.5	0
7079.5	0
7080.5	0
7081.5	0
7082.5	0
7083.5	0
7084.5	0
7085.5	0
7086.5	0
7087.5	0
7088.5	0
7089.5	0
7090.5	0
7091.5	0
7092.5	0
7093.5	0
7094.5	0
7095.5	0
7096.5	0
7097.5	0
7098.5	0
7099.5	0
7100.5	0
7101.5	0
7102.5	0
7103.5	0
7104.5	0
7105.5	0
7106.5	0
7107.5	0
7108.5	0
7109.5	0
7110.5	0
7111.5	0
7112.5	0
7113.5	0
7114.5	0
7115.5	0
7116.5	0
7117.5	0
7118.5	0
7119.5	0
7120.5	0
7121.5	0
7122.5	0
7123.5	0
7124.5	0
7125.5	0
7126.5	0
7127.5	0
7128.5	0
7129.5	0
7130.5	0
7131.5	0
7132.5	0
7133.5	0
7134.5	0
7135.5	0
7136.5	0
7137.5	0
7138.5	0
7139.5	0
7140.5	0
7141.5	0
7142.5	0
7143.5	0
7144.5	0
7145.5	0
7146.5	0
7147.5	0
7148.5	0
7149.5	0
7150.5	0
7151.5	0
7152.5	0
7153.5	0
7154.5	0
7155.5	0
7156.5	0
7157.5	0
7158.5	0
7159.5	0
7160.5	0
7161.5	0
7162.5	0
7163.5	0
7164.5	0
7165.5	0
7166.5	0
7167.5	0
7168.5	0
7169.5	0
7170.5	0
7171.5	0
7172.5	0
7173.5	0
7174.5	0
7175.5	0
7176.5	0
7177.5	0
7178.5	0
7179.5	0
7180.5	0
7181.5	0
7182.5	0
7183.5	0
7184.5	0
7185.5	0
7186.5	0
7187.5	0
7188.5	0
7189.5	0
7190.5	0
7191.5	0
7192.5	0
7193.5	0
7194.5	0
7195.5	0
7196.5	0
7197.5	0
7198.5	0
7199.5	0
7200.5	0
7201.5	0
7202.5	0
7203.5	0
7204.5	0
7205.5	0
7206.5	0
7207.5	0
7208.5	0
7209.5	0
7210.5	0
7211.5	0
7212.5	0
7213.5	0
7214.5	0
7215.5	0
7216.5	0
7217.5	0
7218.5	0
7219.5	0
7220.5	0
7221.5	0
7222.5	0
7223.5	0
7224.5	0
7225.5	0
7226.5	0
7227.5	0
7228.5	0
7229.5	0
7230.5	0
7231.5	0
7232.5	0
7233.5	0
7234.5	0
7235.5	0
7236.5	0
7237.5	0
7238.5	0
7239.5	0
7240.5	0
7241.5	0
7242.5	0
7243.5	0
7244.5	0
7245.5	0
7246.5	0
7247.5	0
7248.5	0
7249.5	0
7250.5	0
7251.5	0
7252.5	0
7253.5	0
7254.5	0
7255.5	0
7256.5	0
7257.5	0
7258.5	0
7259.5	0
7260.5	0
7261.5	0
7262.5	0
7263.5	0
7264.5	0
7265.5	0
7266.5	0
7267.5	0
7268.5	0
7269.5	0
7270.5	0
7271.5	0
7272.5	0
7273.5	0
7274.5	0
7275.5	0
7276.5	0
7277.5	0
7278.5	0
7279.5	0
7280.5	0
7281.5	0
7282.5	0
7283.5	0
7284.5	0
7285.5	0
7286.5	0
7287.5	0
7288.5	0
7289.5	0
7290.5	0
7291.5	0
7292.5	0
7293.5	0
7294.5	0
7295.5	0
7296.5	0
7297.5	0
7298.5	0
7299.5	0
7300.5	0
7301.5	0
7302.5	0
7303.5	0
7304.5	0
7305.5	0
7306.5	0
7307.5	0
7308.5	0
7309.5	0
7310.5	0
7311.5	0
7312.5	0
7313.5	0
7314.5	0
7315.5	0
7316.5	0
7317.5	0
7318.5	0
7319.5	0
7320.5	0
7321.5	0
7322.5	0
7323.5	0
7324.5	0
7325.5	0
7326.5	0
7327.5	0
7328.5	0
7329.5	0
7330.5	0
7331.5	0
7332.5	0
7333.5	0
7334.5	0
7335.5	0
7336.5	0
7337.5	0
7338.5	0
7339.5	0
7340.5	0
7341.5	0
7342.5	0
7343.5	0
7344.5	0
7345.5	0
7346.5	0
7347.5	0
7348.5	0
7349.5	0
7350.5	0
7351.5	0
7352.5	0
7353.5	0
7354.5	0
7355.5	0
7356.5	0
7357.5	0
7358.5	0
7359.5	0
7360.5	0
7361.5	0
7362.5	0
7363.5	0
7364.5	0
7365.5	0
7366.5	0
7367.5	0
7368.5	0
7369.5	0
7370.5	0
7371.5	0
7372.5	0
7373.5	0
7374.5	0
7375.5	0
7376.5	0
7377.5	0
7378.5	0
7379.5	0
7380.5	0
7381.5	0
7382.5	0
7383.5	0
7384.5	0
7385.5	0
7386.5	0
7387.5	0
7388.5	0
7389.5	0
7390.5	0
7391.5	0
7392.5	0
7393.5	0
7394.5	0
7395.5	0
7396.5	0
7397.5	0
7398.5	0
7399.5	0
7400.5	0
7401.5	0
7402.5	0
7403.5	0
7404.5	0
7405.5	0
7406.5	0
7407.5	0
7408.5	0
7409.5	0
7410.5	0
7411.5	0
7412.5	0
7413.5	0
7414.5	0
7415.5	0
7416.5	0
7417.5	0
7418.5	0
7419.5	0
7420.5	0
7421.5	0
7422.5	0
7423.5	0
7424.5	0
7425.5	0
7426.5	0
7427.5	0
7428.5	0
7429.5	0
7430.5	0
7431.5	0
7432.5	0
7433.5	0
7434.5	0
7435.5	0
7436.5	0
7437.5	0
7438.5	0
7439.5	0
7440.5	0
7441.5	0
7442.5	0
7443.5	0
7444.5	0
7445.5	0
7446.5	0
7447.5	0
7448.5	0
7449.5	0
7450.5	0
7451.5	0
7452.5	0
7453.5	0
7454.5	0
7455.5	0
7456.5	0
7457.5	0
7458.5	0
7459.5	0
7460.5	0
7461.5	0
7462.5	0
7463.5	0
7464.5	0
7465.5	0
7466.5	0
7467.5	0
7468.5	0
7469.5	0
7470.5	0
7471.5	0
7472.5	0
7473.5	0
7474.5	0
7475.5	0
7476.5	0
7477.5	0
7478.5	0
7479.5	0
7480.5	0
7481.5	0
7482.5	0
7483.5	0
7484.5	0
7485.5	0
7486.5	0
7487.5	0
7488.5	0
7489.5	0
7490.5	0
7491.5	0
7492.5	0
7493.5	0
7494.5	0
7495.5	0
7496.5	0
7497.5	0
7498.5	0
7499.5	0
7500.5	0
7501.5	0
7502.5	0
7503.5	0
7504.5	0
7505.5	0
7506.5	0
7507.5	0
7508.5	0
7509.5	0
7510.5	0
7511.5	0
7512.5	0
7513.5	0
7514.5	0
7515.5	0
7516.5	0
7517.5	0
7518.5	0
7519.5	0
7520.5	0
7521.5	0
7522.5	0
7523.5	0
7524.5	0
7525.5	0
7526.5	0
7527.5	0
7528.5	0
7529.5	0
7530.5	0
7531.5	0
7532.5	0
7533.5	0
7534.5	0
7535.5	0
7536.5	0
7537.5	0
7538.5	0
7539.5	0
7540.5	0
7541.5	0
7542.5	0
7543.5	0
7544.5	0
7545.5	0
7546.5	0
7547.5	0
7548.5	0
7549.5	0
7550.5	0
7551.5	0
7552.5	0
7553.5	0
7554.5	0
7555.5	0
7556.5	0
7557.5	0
7558.5	0
7559.5	0
7560.5	0
7561.5	0
7562.5	0
7563.5	0
7564.5	0
7565.5	0
7566.5	0
7567.5	0
7568.5	0
7569.5	0
7570.5	0
7571.5	0
7572.5	0
7573.5	0
7574.5	0
7575.5	0
7576.5	0
7577.5	0
7578.5	0
7579.5	0
7580.5	0
7581.5	0
7582.5	0
7583.5	0
7584.5	0
7585.5	0
7586.5	0
7587.5	0
7588.5	0
7589.5	0
7590.5	0
7591.5	0
7592.5	0
7593.5	0
7594.5	0
7595.5	0
7596.5	0
7597.5	0
7598.5	0
7599.5	0
7600.5	0
7601.5	0
7602.5	0
7603.5	0
7604.5	0
7605.5	0
7606.5	0
7607.5	0
7608.5	0
7609.5	0
7610.5	0
7611.5	0
7612.5	0
7613.5	0
7614.5	0
7615.5	0
7616.5	0
7617.5	0
7618.5	0
7619.5	0
7620.5	0
7621.5	0
7622.5	0
7623.5	0
7624.5	0
7625.5	0
7626.5	0
7627.5	0
7628.5	0
7629.5	0
7630.5	0
7631.5	0
7632.5	0
7633.5	0
7634.5	0
7635.5	0
7636.5	0
7637.5	0
7638.5	0
7639.5	0
7640.5	0
7641.5	0
7642.5	0
7643.5	0
7644.5	0
7645.5	0
7646.5	0
7647.5	0
7648.5	0
7649.5	0
7650.5	0
7651.5	0
7652.5	0
7653.5	0
7654.5	0
7655.5	0
7656.5	0
7657.5	0
7658.5	0
7659.5	0
7660.5	0
7661.5	0
7662.5	0
7663.5	0
7664.5	0
7665.5	0
7666.5	0
7667.5	0
7668.5	0
7669.5	0
7670.5	0
7671.5	0
7672.5	0
7673.5	0
7674.5	0
7675.5	0
7676.5	0
7677.5	0
7678.5	0
7679.5	0
7680.5	0
7681.5	0
7682.5	0
7683.5	0
7684.5	0
7685.5	0
7686.5	0
7687.5	0
7688.5	0
7689.5	0
7690.5	0
7691.5	0
7692.5	0
7693.5	0
7694.5	0
7695.5	0
7696.5	0
7697.5	0
7698.5	0
7699.5	0
7700.5	0
7701.5	0
7702.5	0
7703.5	0
7704.5	0
7705.5	0
7706.5	0
7707.5	0
7708.5	0
7709.5	0
7710.5	0
7711.5	0
7712.5	0
7713.5	0
7714.5	0
7715.5	0
7716.5	0
7717.5	0
7718.5	0
7719.5	0
7720.5	0
7721.5	0
7722.5	0
7723.5	0
7724.5	0
7725.5	0
7726.5	0
7727.5	0
7728.5	0
7729.5	0
7730.5	0
7731.5	0
7732.5	0
7733.5	0
7734.5	0
7735.5	0
7736.5	0
7737.5	0
7738.5	0
7739.5	0
7740.5	0
7741.5	0
7742.5	0
7743.5	0
7744.5	0
7745.5	0
7746.5	0
7747.5	0
7748.5	0
7749.5	0
7750.5	0
7751.5	0
7752.5	0
7753.5	0
7754.5	0
7755.5	0
7756.5	0
7757.5	0
7758.5	0
7759.5	0
7760.5	0
7761.5	0
7762.5	0
7763.5	0
7764.5	0
7765.5	0
7766.5	0
7767.5	0
7768.5	0
7769.5	0
7770.5	0
7771.5	0
7772.5	0
7773.5	0
7774.5	0
7775.5	0
7776.5	0
7777.5	0
7778.5	0
7779.5	0
7780.5	0
7781.5	0
7782.5	0
7783.5	0
7784.5	0
7785.5	0
7786.5	0
7787.5	0
7788.5	0
7789.5	0
7790.5	0
7791.5	0
7792.5	0
7793.5	0
7794.5	0
7795.5	0
7796.5	0
7797.5	0
7798.5	0
7799.5	0
7800.5	0
7801.5	0
7802.5	0
7803.5	0
7804.5	0
7805.5	0
7806.5	0
7807.5	0
7808.5	0
7809.5	0
7810.5	0
7811.5	0
7812.5	0
7813.5	0
7814.5	0
7815.5	0
7816.5	0
7817.5	0
7818.5	0
7819.5	0
7820.5	0
7821.5	0
7822.5	0
7823.5	0
7824.5	0
7825.5	0
7826.5	0
7827.5	0
7828.5	0
7829.5	0
7830.5	0
7831.5	0
7832.5	0
7833.5	0
7834.5	0
7835.5	0
7836.5	0
7837.5	0
7838.5	0
7839.5	0
7840.5	0
7841.5	0
7842.5	0
7843.5	0
7844.5	0
7845.5	0
7846.5	0
7847.5	0
7848.5	0
7849.5	0
7850.5	0
7851.5	0
7852.5	0
7853.5	0
7854.5	0
7855.5	0
7856.5	0
7857.5	0
7858.5	0
7859.5	0
7860.5	0
7861.5	0
7862.5	0
7863.5	0
7864.5	0
7865.5	0
7866.5	0
7867.5	0
7868.5	0
7869.5	0
7870.5	0
7871.5	0
7872.5	0
7873.5	0
7874.5	0
7875.5	0
7876.5	0
7877.5	0
7878.5	0
7879.5	0
7880.5	0
7881.5	0
7882.5	0
7883.5	0
7884.5	0
7885.5	0
7886.5	0
7887.5	0
7888.5	0
7889.5	0
7890.5	0
7891.5	0
7892.5	0
7893.5	0
7894.5	0
7895.5	0
7896.5	0
7897.5	0
7898.5	0
7899.5	0
7900.5	0
7901.5	0
7902.5	0
7903.5	0
7904.5	0
7905.5	0
7906.5	0
7907.5	0
7908.5	0
7909.5	0
7910.5	0
7911.5	0
7912.5	0
7913.5	0
7914.5	0
7915.5	0
7916.5	0
7917.5	0
7918.5	0
7919.5	0
7920.5	0
7921.5	0
7922.5	0
7923.5	0
7924.5	0
7925.5	0
7926.5	0
7927.5	0
7928.5	0
7929.5	0
7930.5	0
7931.5	0
7932.5	0
7933.5	0
7934.5	0
7935.5	0
7936.5	0
7937.5	0
7938.5	0
7939.5	0
7940.5	0
7941.5	0
7942.5	0
7943.5	0
7944.5	0
7945.5	0
7946.5	0
7947.5	0
7948.5	0
7949.5	0
7950.5	0
7951.5	0
7952.5	0
7953.5	0
7954.5	0
7955.5	0
7956.5	0
7957.5	0
7958.5	0
7959.5	0
7960.5	0
7961.5	0
7962.5	0
7963.5	0
7964.5	0
7965.5	0
7966.5	0
7967.5	0
7968.5	0
7969.5	0
7970.5	0
7971.5	0
7972.5	0
7973.5	0
7974.5	0
7975.5	0
7976.5	0
7977.5	0
7978.5	0
7979.5	0
7980.5	0
7981.5	0
7982.5	0
7983.5	0
7984.5	0
7985.5	0
7986.5	0
7987.5	0
7988.5	0
7989.5	0
7990.5	0
7991.5	0
7992.5	0
7993.5	0
7994.5	0
7995.5	0
7996.5	0
7997.5	0
7998.5	0
7999.5	0
8000.5	0
8001.5	0
8002.5	0
8003.5	0
8004.5	0
8005.5	0
8006.5	0
8007.5	0
8008.5	0
8009.5	0
8010.5	0
8011.5	0
8012.5	0
8013.5	0
8014.5	0
8015.5	0
8016.5	0
8017.5	0
8018.5	0
8019.5	0
8020.5	0
8021.5	0
8022.5	0
8023.5	0
8024.5	0
8025.5	0
8026.5	0
8027.5	0
8028.5	0
8029.5	0
8030.5	0
8031.5	0
8032.5	0
8033.5	0
8034.5	0
8035.5	0
8036.5	0
8037.5	0
8038.5	0
8039.5	0
8040.5	0
8041.5	0
8042.5	0
8043.5	0
8044.5	0
8045.5	0
8046.5	0
8047.5	0
8048.5	0
8049.5	0
8050.5	0
8051.5	0
8052.5	0
8053.5	0
8054.5	0
8055.5	0
8056.5	0
8057.5	0
8058.5	0
8059.5	0
8060.5	0
8061.5	0
8062.5	0
8063.5	0
8064.5	0
8065.5	0
8066.5	0
8067.5	0
8068.5	0
8069.5	0
8070.5	0
8071.5	0
8072.5	0
8073.5	0
8074.5	0
8075.5	0
8076.5	0
8077.5	0
8078.5	0
8079.5	0
8080.5	0
8081.5	0
8082.5	0
8083.5	0
8084.5	0
8085.5	0
8086.5	0
8087.5	0
8088.5	0
8089.5	0
8090.5	0
8091.5	0
8092.5	0
8093.5	0
8094.5	0
8095.5	0
8096.5	0
8097.5	0
8098.5	0
8099.5	0
8100.5	0
8101.5	0
8102.5	0
8103.5	0
8104.5	0
8105.5	0
8106.5	0
8107.5	0
8108.5	0
8109.5	0
8110.5	0
8111.5	0
8112.5	0
8113.5	0
8114.5	0
8115.5	0
8116.5	0
8117.5	0
8118.5	0
8119.5	0
8120.5	0
8121.5	0
8122.5	0
8123.5	0
8124.5	0
8125.5	0
8126.5	0
8127.5	0
8128.5	0
8129.5	0
8130.5	0
8131.5	0
8132.5	0
8133.5	0
8134.5	0
8135.5	0
8136.5	0
8137.5	0
8138.5	0
8139.5	0
8140.5	0
8141.5	0
8142.5	0
8143.5	0
8144.5	0
8145.5	0
8146.5	0
8147.5	0
8148.5	0
8149.5	0
8150.5	0
8151.5	0
8152.5	0
8153.5	0
8154.5	0
8155.5	0
8156.5	0
8157.5	0
8158.5	0
8159.5	0
8160.5	0
8161.5	0
8162.5	0
8163.5	0
8164.5	0
8165.5	0
8166.5	0
8167.5	0
8168.5	0
8169.5	0
8170.5	0
8171.5	0
8172.5	0
8173.5	0
8174.5	0
8175.5	0
8176.5	0
8177.5	0
8178.5	0
8179.5	0
8180.5	0
8181.5	0
8182.5	0
8183.5	0
8184.5	0
8185.5	0
8186.5	0
8187.5	0
8188.5	0
8189.5	0
8190.5	0
8191.5	0
