0.5	175
1.5	90
2.5	10
3.5	3
4.5	0
5.5	9
6.5	2
7.5	1
8.5	3
9.5	1
10.5	2
11.5	2
12.5	1
13.5	1
14.5	4
15.5	2
16.5	2
17.5	2
18.5	4
19.5	3
20.5	3
21.5	2
22.5	0
23.5	2
24.5	0
25.5	2
26.5	4
27.5	4
28.5	2
29.5	3
30.5	3
31.5	1
32.5	1
33.5	4
34.5	1
35.5	3
36.5	3
37.5	2
38.5	3
39.5	3
40.5	3
41.5	1
42.5	4
43.5	5
44.5	6
45.5	5
46.5	4
47.5	5
48.5	2
49.5	4
50.5	6
51.5	4
52.5	5
53.5	3
54.5	7
55.5	4
56.5	7
57.5	5
58.5	5
59.5	5
60.5	2
61.5	4
62.5	3
63.5	7
64.5	7
65.5	5
66.5	5
67.5	4
68.5	3
69.5	2
70.5	4
71.5	7
72.5	2
73.5	3
74.5	3
75.5	5
76.5	5
77.5	8
78.5	5
79.5	4
80.5	8
81.5	5
82.5	3
83.5	9
84.5	5
85.5	6
86.5	9
87.5	5
88.5	11
89.5	17
90.5	26
91.5	24
92.5	53
93.5	65
94.5	85
95.5	114
96.5	139
97.5	187
98.5	227
99.5	281
100.5	325
101.5	414
102.5	528
103.5	639
104.5	701
105.5	837
106.5	962
107.5	1140
108.5	1212
109.5	1362
110.5	1465
111.5	1595
112.5	1715
113.5	1912
114.5	1875
115.5	2014
116.5	2186
117.5	2203
118.5	2379
119.5	2375
120.5	2496
121.5	2638
122.5	2708
123.5	2819
124.5	2927
125.5	2940
126.5	3098
127.5	3407
128.5	3675
129.5	4300
130.5	4946
131.5	6225
132.5	7669
133.5	9879
134.5	12028
135.5	14779
136.5	16889
137.5	18343
138.5	19713
139.5	18849
140.5	17622
141.5	15434
142.5	13050
143.5	10180
144.5	7827
145.5	5760
146.5	4393
147.5	3427
148.5	2620
149.5	2312
150.5	2034
151.5	1996
152.5	1998
153.5	1942
154.5	1941
155.5	1985
156.5	1931
157.5	2164
158.5	2194
159.5	2347
160.5	2495
161.5	2795
162.5	3208
163.5	3668
164.5	4097
165.5	4636
166.5	5075
167.5	5275
168.5	5578
169.5	5306
170.5	5135
171.5	4683
172.5	4169
173.5	3508
174.5	2917
175.5	2516
176.5	2075
177.5	1872
178.5	1673
179.5	1531
180.5	1471
181.5	1428
182.5	1364
183.5	1384
184.5	1321
185.5	1360
186.5	1333
187.5	1277
188.5	1275
189.5	1279
190.5	1359
191.5	1272
192.5	1271
193.5	1249
194.5	1331
195.5	1352
196.5	1340
197.5	1333
198.5	1323
199.5	1332
200.5	1361
201.5	1302
202.5	1336
203.5	1300
204.5	1236
205.5	1283
206.5	1288
207.5	1316
208.5	1226
209.5	1120
210.5	1181
211.5	1170
212.5	1138
213.5	1104
214.5	1157
215.5	1121
216.5	1085
217.5	1133
218.5	1136
219.5	1122
220.5	1174
221.5	1093
222.5	1142
223.5	1167
224.5	1119
225.5	1135
226.5	1100
227.5	1156
228.5	1140
229.5	1165
230.5	1166
231.5	1117
232.5	1126
233.5	1100
234.5	1063
235.5	1081
236.5	1019
237.5	997
238.5	1004
239.5	958
240.5	945
241.5	963
242.5	873
243.5	939
244.5	889
245.5	841
246.5	840
247.5	850
248.5	852
249.5	845
250.5	875
251.5	897
252.5	848
253.5	867
254.5	827
255.5	808
256.5	838
257.5	832
258.5	793
259.5	857
260.5	764
261.5	860
262.5	823
263.5	838
264.5	788
265.5	786
266.5	860
267.5	794
268.5	821
269.5	745
270.5	797
271.5	757
272.5	735
273.5	765
274.5	726
275.5	769
276.5	767
277.5	824
278.5	732
279.5	734
280.5	791
281.5	824
282.5	732
283.5	791
284.5	719
285.5	783
286.5	760
287.5	738
288.5	746
289.5	705
290.5	794
291.5	741
292.5	818
293.5	825
294.5	883
295.5	930
296.5	1097
297.5	1195
298.5	1373
299.5	1528
300.5	1792
301.5	2069
302.5	2390
303.5	2670
304.5	2872
305.5	3222
306.5	3367
307.5	3477
308.5	3504
309.5	3372
310.5	3178
311.5	3012
312.5	2765
313.5	2477
314.5	2053
315.5	1907
316.5	1542
317.5	1238
318.5	1053
319.5	875
320.5	788
321.5	686
322.5	568
323.5	517
324.5	498
325.5	440
326.5	447
327.5	457
328.5	428
329.5	406
330.5	398
331.5	419
332.5	373
333.5	436
334.5	383
335.5	389
336.5	381
337.5	414
338.5	371
339.5	409
340.5	381
341.5	389
342.5	367
343.5	331
344.5	389
345.5	378
346.5	381
347.5	356
348.5	363
349.5	379
350.5	392
351.5	350
352.5	371
353.5	317
354.5	365
355.5	358
356.5	352
357.5	383
358.5	369
359.5	348
360.5	328
361.5	330
362.5	335
363.5	330
364.5	363
365.5	336
366.5	293
367.5	340
368.5	361
369.5	332
370.5	351
371.5	359
372.5	309
373.5	353
374.5	367
375.5	371
376.5	387
377.5	361
378.5	357
379.5	389
380.5	368
381.5	399
382.5	369
383.5	384
384.5	401
385.5	410
386.5	418
387.5	469
388.5	394
389.5	401
390.5	372
391.5	402
392.5	391
393.5	373
394.5	343
395.5	310
396.5	320
397.5	306
398.5	256
399.5	275
400.5	265
401.5	256
402.5	259
403.5	280
404.5	242
405.5	258
406.5	259
407.5	216
408.5	290
409.5	271
410.5	274
411.5	283
412.5	243
413.5	242
414.5	251
415.5	251
416.5	272
417.5	254
418.5	252
419.5	234
420.5	235
421.5	230
422.5	256
423.5	251
424.5	250
425.5	263
426.5	250
427.5	254
428.5	229
429.5	261
430.5	251
431.5	214
432.5	247
433.5	241
434.5	225
435.5	224
436.5	213
437.5	215
438.5	244
439.5	219
440.5	235
441.5	198
442.5	211
443.5	234
444.5	227
445.5	238
446.5	213
447.5	214
448.5	229
449.5	196
450.5	219
451.5	214
452.5	230
453.5	238
454.5	222
455.5	207
456.5	248
457.5	222
458.5	209
459.5	221
460.5	200
461.5	243
462.5	202
463.5	209
464.5	214
465.5	193
466.5	213
467.5	202
468.5	207
469.5	209
470.5	233
471.5	187
472.5	213
473.5	203
474.5	209
475.5	197
476.5	240
477.5	203
478.5	194
479.5	234
480.5	211
481.5	230
482.5	245
483.5	226
484.5	238
485.5	213
486.5	228
487.5	241
488.5	239
489.5	228
490.5	259
491.5	238
492.5	222
493.5	207
494.5	212
495.5	222
496.5	235
497.5	209
498.5	216
499.5	233
500.5	216
501.5	215
502.5	241
503.5	256
504.5	265
505.5	259
506.5	248
507.5	267
508.5	316
509.5	332
510.5	385
511.5	431
512.5	435
513.5	462
514.5	529
515.5	565
516.5	586
517.5	642
518.5	646
519.5	661
520.5	666
521.5	676
522.5	657
523.5	689
524.5	690
525.5	637
526.5	615
527.5	572
528.5	550
529.5	464
530.5	422
531.5	392
532.5	400
533.5	326
534.5	315
535.5	274
536.5	260
537.5	243
538.5	242
539.5	243
540.5	223
541.5	177
542.5	182
543.5	196
544.5	195
545.5	179
546.5	183
547.5	180
548.5	167
549.5	165
550.5	169
551.5	154
552.5	183
553.5	163
554.5	169
555.5	197
556.5	135
557.5	174
558.5	160
559.5	188
560.5	171
561.5	204
562.5	170
563.5	175
564.5	163
565.5	161
566.5	171
567.5	148
568.5	155
569.5	156
570.5	158
571.5	169
572.5	190
573.5	186
574.5	165
575.5	174
576.5	159
577.5	161
578.5	132
579.5	196
580.5	168
581.5	182
582.5	151
583.5	183
584.5	167
585.5	178
586.5	151
587.5	168
588.5	181
589.5	178
590.5	156
591.5	169
592.5	174
593.5	166
594.5	158
595.5	165
596.5	157
597.5	170
598.5	131
599.5	161
600.5	163
601.5	141
602.5	144
603.5	162
604.5	153
605.5	163
606.5	165
607.5	162
608.5	163
609.5	158
610.5	177
611.5	172
612.5	150
613.5	176
614.5	164
615.5	196
616.5	160
617.5	163
618.5	150
619.5	156
620.5	195
621.5	186
622.5	163
623.5	146
624.5	162
625.5	191
626.5	165
627.5	173
628.5	168
629.5	157
630.5	174
631.5	158
632.5	158
633.5	173
634.5	156
635.5	163
636.5	157
637.5	164
638.5	159
639.5	159
640.5	170
641.5	140
642.5	169
643.5	169
644.5	166
645.5	163
646.5	132
647.5	164
648.5	169
649.5	141
650.5	169
651.5	150
652.5	139
653.5	142
654.5	168
655.5	123
656.5	173
657.5	149
658.5	133
659.5	150
660.5	157
661.5	140
662.5	147
663.5	143
664.5	156
665.5	167
666.5	140
667.5	172
668.5	133
669.5	114
670.5	127
671.5	131
672.5	141
673.5	112
674.5	117
675.5	117
676.5	120
677.5	130
678.5	138
679.5	125
680.5	137
681.5	130
682.5	131
683.5	104
684.5	108
685.5	112
686.5	116
687.5	131
688.5	106
689.5	99
690.5	113
691.5	94
692.5	116
693.5	114
694.5	121
695.5	121
696.5	117
697.5	112
698.5	118
699.5	110
700.5	91
701.5	97
702.5	117
703.5	117
704.5	101
705.5	108
706.5	112
707.5	113
708.5	101
709.5	102
710.5	101
711.5	104
712.5	114
713.5	78
714.5	104
715.5	101
716.5	89
717.5	100
718.5	102
719.5	104
720.5	103
721.5	106
722.5	87
723.5	97
724.5	87
725.5	81
726.5	88
727.5	88
728.5	85
729.5	101
730.5	82
731.5	102
732.5	124
733.5	79
734.5	78
735.5	90
736.5	93
737.5	91
738.5	98
739.5	105
740.5	99
741.5	84
742.5	103
743.5	92
744.5	92
745.5	92
746.5	98
747.5	103
748.5	108
749.5	89
750.5	91
751.5	99
752.5	100
753.5	87
754.5	90
755.5	108
756.5	92
757.5	93
758.5	84
759.5	83
760.5	96
761.5	88
762.5	106
763.5	91
764.5	98
765.5	102
766.5	97
767.5	95
768.5	97
769.5	91
770.5	93
771.5	79
772.5	99
773.5	87
774.5	88
775.5	86
776.5	83
777.5	93
778.5	98
779.5	81
780.5	89
781.5	92
782.5	95
783.5	98
784.5	94
785.5	93
786.5	116
787.5	123
788.5	112
789.5	108
790.5	85
791.5	126
792.5	103
793.5	108
794.5	93
795.5	103
796.5	104
797.5	111
798.5	127
799.5	111
800.5	96
801.5	116
802.5	113
803.5	94
804.5	109
805.5	95
806.5	99
807.5	103
808.5	109
809.5	122
810.5	107
811.5	89
812.5	76
813.5	101
814.5	80
815.5	89
816.5	81
817.5	90
818.5	103
819.5	92
820.5	75
821.5	86
822.5	75
823.5	81
824.5	78
825.5	107
826.5	94
827.5	106
828.5	88
829.5	96
830.5	106
831.5	91
832.5	113
833.5	107
834.5	107
835.5	106
836.5	143
837.5	132
838.5	138
839.5	170
840.5	154
841.5	191
842.5	205
843.5	225
844.5	234
845.5	334
846.5	294
847.5	330
848.5	387
849.5	434
850.5	454
851.5	507
852.5	505
853.5	590
854.5	634
855.5	654
856.5	645
857.5	682
858.5	736
859.5	721
860.5	801
861.5	791
862.5	754
863.5	732
864.5	741
865.5	746
866.5	739
867.5	634
868.5	611
869.5	586
870.5	631
871.5	527
872.5	499
873.5	433
874.5	417
875.5	361
876.5	337
877.5	282
878.5	315
879.5	262
880.5	233
881.5	165
882.5	164
883.5	154
884.5	150
885.5	142
886.5	113
887.5	111
888.5	115
889.5	98
890.5	80
891.5	98
892.5	93
893.5	94
894.5	74
895.5	92
896.5	105
897.5	109
898.5	113
899.5	132
900.5	111
901.5	104
902.5	110
903.5	124
904.5	111
905.5	109
906.5	113
907.5	118
908.5	114
909.5	112
910.5	116
911.5	94
912.5	114
913.5	88
914.5	100
915.5	112
916.5	70
917.5	78
918.5	74
919.5	81
920.5	78
921.5	93
922.5	76
923.5	91
924.5	76
925.5	81
926.5	63
927.5	81
928.5	71
929.5	78
930.5	68
931.5	77
932.5	78
933.5	71
934.5	74
935.5	82
936.5	66
937.5	76
938.5	92
939.5	82
940.5	88
941.5	62
942.5	75
943.5	63
944.5	87
945.5	81
946.5	87
947.5	79
948.5	65
949.5	75
950.5	85
951.5	74
952.5	78
953.5	64
954.5	64
955.5	63
956.5	56
957.5	68
958.5	47
959.5	79
960.5	62
961.5	57
962.5	70
963.5	71
964.5	64
965.5	56
966.5	59
967.5	51
968.5	51
969.5	65
970.5	78
971.5	66
972.5	78
973.5	66
974.5	84
975.5	81
976.5	111
977.5	101
978.5	99
979.5	102
980.5	135
981.5	137
982.5	129
983.5	142
984.5	151
985.5	168
986.5	196
987.5	205
988.5	216
989.5	213
990.5	241
991.5	246
992.5	244
993.5	275
994.5	293
995.5	296
996.5	304
997.5	293
998.5	287
999.5	324
1000.5	316
1001.5	338
1002.5	291
1003.5	272
1004.5	293
1005.5	276
1006.5	253
1007.5	246
1008.5	253
1009.5	191
1010.5	229
1011.5	212
1012.5	199
1013.5	182
1014.5	169
1015.5	183
1016.5	139
1017.5	163
1018.5	125
1019.5	118
1020.5	131
1021.5	97
1022.5	103
1023.5	106
1024.5	87
1025.5	104
1026.5	89
1027.5	74
1028.5	80
1029.5	77
1030.5	75
1031.5	94
1032.5	72
1033.5	93
1034.5	52
1035.5	79
1036.5	72
1037.5	60
1038.5	70
1039.5	61
1040.5	63
1041.5	62
1042.5	60
1043.5	63
1044.5	55
1045.5	56
1046.5	61
1047.5	41
1048.5	52
1049.5	47
1050.5	52
1051.5	39
1052.5	43
1053.5	39
1054.5	41
1055.5	53
1056.5	34
1057.5	47
1058.5	45
1059.5	44
1060.5	42
1061.5	48
1062.5	28
1063.5	40
1064.5	39
1065.5	47
1066.5	31
1067.5	43
1068.5	36
1069.5	36
1070.5	32
1071.5	36
1072.5	37
1073.5	33
1074.5	39
1075.5	29
1076.5	38
1077.5	33
1078.5	43
1079.5	44
1080.5	31
1081.5	37
1082.5	42
1083.5	35
1084.5	39
1085.5	43
1086.5	28
1087.5	42
1088.5	34
1089.5	34
1090.5	41
1091.5	46
1092.5	35
1093.5	40
1094.5	42
1095.5	34
1096.5	32
1097.5	36
1098.5	41
1099.5	30
1100.5	40
1101.5	36
1102.5	44
1103.5	33
1104.5	46
1105.5	40
1106.5	41
1107.5	40
1108.5	38
1109.5	37
1110.5	32
1111.5	40
1112.5	39
1113.5	38
1114.5	38
1115.5	27
1116.5	38
1117.5	35
1118.5	26
1119.5	34
1120.5	29
1121.5	32
1122.5	32
1123.5	51
1124.5	36
1125.5	45
1126.5	42
1127.5	39
1128.5	43
1129.5	35
1130.5	40
1131.5	39
1132.5	29
1133.5	41
1134.5	46
1135.5	51
1136.5	35
1137.5	36
1138.5	43
1139.5	30
1140.5	51
1141.5	39
1142.5	52
1143.5	35
1144.5	40
1145.5	39
1146.5	32
1147.5	35
1148.5	38
1149.5	29
1150.5	36
1151.5	38
1152.5	37
1153.5	41
1154.5	43
1155.5	40
1156.5	45
1157.5	37
1158.5	42
1159.5	28
1160.5	37
1161.5	38
1162.5	40
1163.5	42
1164.5	36
1165.5	37
1166.5	41
1167.5	35
1168.5	46
1169.5	41
1170.5	50
1171.5	45
1172.5	41
1173.5	35
1174.5	41
1175.5	45
1176.5	35
1177.5	31
1178.5	38
1179.5	37
1180.5	43
1181.5	35
1182.5	48
1183.5	39
1184.5	49
1185.5	32
1186.5	39
1187.5	37
1188.5	35
1189.5	51
1190.5	39
1191.5	31
1192.5	32
1193.5	35
1194.5	33
1195.5	39
1196.5	32
1197.5	36
1198.5	22
1199.5	49
1200.5	33
1201.5	32
1202.5	35
1203.5	33
1204.5	35
1205.5	33
1206.5	23
1207.5	37
1208.5	30
1209.5	30
1210.5	44
1211.5	33
1212.5	38
1213.5	33
1214.5	28
1215.5	30
1216.5	31
1217.5	45
1218.5	21
1219.5	46
1220.5	29
1221.5	33
1222.5	29
1223.5	29
1224.5	24
1225.5	39
1226.5	40
1227.5	39
1228.5	26
1229.5	32
1230.5	31
1231.5	23
1232.5	36
1233.5	31
1234.5	27
1235.5	39
1236.5	30
1237.5	30
1238.5	25
1239.5	25
1240.5	41
1241.5	26
1242.5	40
1243.5	36
1244.5	29
1245.5	24
1246.5	25
1247.5	34
1248.5	33
1249.5	33
1250.5	19
1251.5	42
1252.5	33
1253.5	35
1254.5	27
1255.5	26
1256.5	26
1257.5	23
1258.5	23
1259.5	26
1260.5	28
1261.5	35
1262.5	31
1263.5	32
1264.5	33
1265.5	32
1266.5	30
1267.5	25
1268.5	30
1269.5	34
1270.5	28
1271.5	37
1272.5	27
1273.5	21
1274.5	22
1275.5	28
1276.5	28
1277.5	29
1278.5	23
1279.5	23
1280.5	27
1281.5	27
1282.5	38
1283.5	32
1284.5	26
1285.5	21
1286.5	21
1287.5	31
1288.5	33
1289.5	29
1290.5	39
1291.5	25
1292.5	35
1293.5	25
1294.5	39
1295.5	36
1296.5	20
1297.5	26
1298.5	37
1299.5	32
1300.5	27
1301.5	27
1302.5	32
1303.5	38
1304.5	28
1305.5	29
1306.5	27
1307.5	37
1308.5	40
1309.5	24
1310.5	29
1311.5	34
1312.5	26
1313.5	32
1314.5	33
1315.5	32
1316.5	28
1317.5	32
1318.5	34
1319.5	27
1320.5	30
1321.5	26
1322.5	28
1323.5	27
1324.5	35
1325.5	38
1326.5	33
1327.5	42
1328.5	29
1329.5	34
1330.5	32
1331.5	26
1332.5	31
1333.5	32
1334.5	26
1335.5	26
1336.5	40
1337.5	23
1338.5	29
1339.5	26
1340.5	38
1341.5	36
1342.5	28
1343.5	39
1344.5	20
1345.5	28
1346.5	18
1347.5	25
1348.5	27
1349.5	28
1350.5	26
1351.5	17
1352.5	31
1353.5	21
1354.5	16
1355.5	28
1356.5	33
1357.5	26
1358.5	23
1359.5	30
1360.5	26
1361.5	24
1362.5	17
1363.5	31
1364.5	19
1365.5	26
1366.5	43
1367.5	27
1368.5	33
1369.5	34
1370.5	36
1371.5	20
1372.5	30
1373.5	28
1374.5	33
1375.5	37
1376.5	34
1377.5	39
1378.5	56
1379.5	38
1380.5	33
1381.5	39
1382.5	28
1383.5	45
1384.5	34
1385.5	47
1386.5	32
1387.5	38
1388.5	35
1389.5	35
1390.5	46
1391.5	47
1392.5	38
1393.5	36
1394.5	37
1395.5	32
1396.5	32
1397.5	35
1398.5	33
1399.5	36
1400.5	30
1401.5	42
1402.5	39
1403.5	48
1404.5	26
1405.5	34
1406.5	36
1407.5	33
1408.5	34
1409.5	31
1410.5	29
1411.5	35
1412.5	29
1413.5	39
1414.5	37
1415.5	26
1416.5	36
1417.5	36
1418.5	34
1419.5	38
1420.5	42
1421.5	49
1422.5	35
1423.5	35
1424.5	43
1425.5	47
1426.5	47
1427.5	43
1428.5	47
1429.5	38
1430.5	51
1431.5	47
1432.5	66
1433.5	49
1434.5	74
1435.5	54
1436.5	63
1437.5	71
1438.5	66
1439.5	59
1440.5	73
1441.5	54
1442.5	67
1443.5	70
1444.5	78
1445.5	63
1446.5	68
1447.5	51
1448.5	63
1449.5	83
1450.5	87
1451.5	74
1452.5	78
1453.5	84
1454.5	73
1455.5	74
1456.5	70
1457.5	77
1458.5	66
1459.5	57
1460.5	60
1461.5	62
1462.5	68
1463.5	56
1464.5	78
1465.5	71
1466.5	61
1467.5	60
1468.5	63
1469.5	70
1470.5	74
1471.5	60
1472.5	69
1473.5	73
1474.5	58
1475.5	53
1476.5	60
1477.5	60
1478.5	66
1479.5	46
1480.5	54
1481.5	48
1482.5	51
1483.5	41
1484.5	40
1485.5	53
1486.5	45
1487.5	40
1488.5	39
1489.5	43
1490.5	36
1491.5	37
1492.5	36
1493.5	42
1494.5	47
1495.5	39
1496.5	30
1497.5	45
1498.5	35
1499.5	35
1500.5	29
1501.5	40
1502.5	33
1503.5	32
1504.5	24
1505.5	32
1506.5	28
1507.5	22
1508.5	34
1509.5	22
1510.5	19
1511.5	28
1512.5	30
1513.5	26
1514.5	28
1515.5	17
1516.5	22
1517.5	20
1518.5	16
1519.5	25
1520.5	29
1521.5	17
1522.5	19
1523.5	19
1524.5	18
1525.5	19
1526.5	15
1527.5	22
1528.5	18
1529.5	22
1530.5	15
1531.5	21
1532.5	22
1533.5	16
1534.5	17
1535.5	19
1536.5	18
1537.5	20
1538.5	18
1539.5	16
1540.5	16
1541.5	16
1542.5	19
1543.5	17
1544.5	14
1545.5	13
1546.5	16
1547.5	14
1548.5	15
1549.5	14
1550.5	21
1551.5	20
1552.5	15
1553.5	13
1554.5	10
1555.5	9
1556.5	11
1557.5	10
1558.5	19
1559.5	18
1560.5	22
1561.5	15
1562.5	16
1563.5	11
1564.5	23
1565.5	14
1566.5	18
1567.5	12
1568.5	12
1569.5	19
1570.5	21
1571.5	14
1572.5	21
1573.5	19
1574.5	13
1575.5	21
1576.5	28
1577.5	11
1578.5	15
1579.5	15
1580.5	9
1581.5	20
1582.5	16
1583.5	21
1584.5	21
1585.5	9
1586.5	14
1587.5	20
1588.5	13
1589.5	16
1590.5	12
1591.5	16
1592.5	19
1593.5	7
1594.5	15
1595.5	18
1596.5	17
1597.5	10
1598.5	13
1599.5	10
1600.5	9
1601.5	27
1602.5	14
1603.5	10
1604.5	15
1605.5	19
1606.5	13
1607.5	16
1608.5	18
1609.5	15
1610.5	20
1611.5	9
1612.5	11
1613.5	19
1614.5	12
1615.5	17
1616.5	12
1617.5	18
1618.5	13
1619.5	11
1620.5	19
1621.5	12
1622.5	17
1623.5	17
1624.5	20
1625.5	16
1626.5	17
1627.5	13
1628.5	14
1629.5	14
1630.5	18
1631.5	27
1632.5	21
1633.5	16
1634.5	12
1635.5	17
1636.5	9
1637.5	19
1638.5	23
1639.5	12
1640.5	17
1641.5	23
1642.5	18
1643.5	13
1644.5	24
1645.5	15
1646.5	17
1647.5	19
1648.5	26
1649.5	18
1650.5	16
1651.5	15
1652.5	17
1653.5	20
1654.5	17
1655.5	16
1656.5	11
1657.5	13
1658.5	7
1659.5	17
1660.5	18
1661.5	19
1662.5	6
1663.5	17
1664.5	21
1665.5	15
1666.5	20
1667.5	17
1668.5	9
1669.5	14
1670.5	10
1671.5	13
1672.5	23
1673.5	16
1674.5	9
1675.5	11
1676.5	15
1677.5	15
1678.5	11
1679.5	13
1680.5	11
1681.5	9
1682.5	12
1683.5	8
1684.5	13
1685.5	12
1686.5	7
1687.5	13
1688.5	12
1689.5	10
1690.5	17
1691.5	10
1692.5	13
1693.5	14
1694.5	7
1695.5	7
1696.5	13
1697.5	9
1698.5	10
1699.5	13
1700.5	11
1701.5	22
1702.5	13
1703.5	15
1704.5	19
1705.5	14
1706.5	13
1707.5	16
1708.5	14
1709.5	7
1710.5	19
1711.5	16
1712.5	15
1713.5	16
1714.5	9
1715.5	9
1716.5	17
1717.5	20
1718.5	8
1719.5	16
1720.5	13
1721.5	14
1722.5	26
1723.5	13
1724.5	15
1725.5	16
1726.5	10
1727.5	16
1728.5	12
1729.5	17
1730.5	12
1731.5	17
1732.5	9
1733.5	13
1734.5	16
1735.5	10
1736.5	16
1737.5	14
1738.5	10
1739.5	7
1740.5	14
1741.5	14
1742.5	17
1743.5	12
1744.5	10
1745.5	17
1746.5	13
1747.5	12
1748.5	15
1749.5	16
1750.5	22
1751.5	15
1752.5	18
1753.5	19
1754.5	15
1755.5	15
1756.5	21
1757.5	23
1758.5	24
1759.5	29
1760.5	29
1761.5	14
1762.5	23
1763.5	21
1764.5	16
1765.5	24
1766.5	22
1767.5	18
1768.5	24
1769.5	21
1770.5	23
1771.5	31
1772.5	25
1773.5	34
1774.5	38
1775.5	31
1776.5	25
1777.5	38
1778.5	34
1779.5	18
1780.5	33
1781.5	42
1782.5	25
1783.5	28
1784.5	26
1785.5	31
1786.5	31
1787.5	36
1788.5	28
1789.5	23
1790.5	19
1791.5	20
1792.5	30
1793.5	26
1794.5	24
1795.5	16
1796.5	25
1797.5	24
1798.5	19
1799.5	19
1800.5	23
1801.5	17
1802.5	17
1803.5	28
1804.5	18
1805.5	23
1806.5	15
1807.5	16
1808.5	21
1809.5	18
1810.5	15
1811.5	16
1812.5	9
1813.5	18
1814.5	20
1815.5	15
1816.5	16
1817.5	22
1818.5	11
1819.5	11
1820.5	12
1821.5	12
1822.5	10
1823.5	21
1824.5	16
1825.5	12
1826.5	14
1827.5	14
1828.5	16
1829.5	8
1830.5	11
1831.5	14
1832.5	10
1833.5	15
1834.5	12
1835.5	13
1836.5	12
1837.5	15
1838.5	14
1839.5	17
1840.5	7
1841.5	9
1842.5	12
1843.5	12
1844.5	8
1845.5	13
1846.5	14
1847.5	13
1848.5	20
1849.5	7
1850.5	16
1851.5	16
1852.5	9
1853.5	10
1854.5	13
1855.5	22
1856.5	9
1857.5	10
1858.5	13
1859.5	12
1860.5	13
1861.5	13
1862.5	8
1863.5	13
1864.5	6
1865.5	9
1866.5	13
1867.5	20
1868.5	11
1869.5	9
1870.5	10
1871.5	8
1872.5	4
1873.5	7
1874.5	6
1875.5	12
1876.5	12
1877.5	16
1878.5	12
1879.5	14
1880.5	12
1881.5	13
1882.5	17
1883.5	10
1884.5	10
1885.5	8
1886.5	13
1887.5	18
1888.5	8
1889.5	12
1890.5	15
1891.5	11
1892.5	14
1893.5	13
1894.5	19
1895.5	13
1896.5	9
1897.5	13
1898.5	16
1899.5	9
1900.5	18
1901.5	12
1902.5	11
1903.5	5
1904.5	11
1905.5	11
1906.5	16
1907.5	10
1908.5	22
1909.5	10
1910.5	22
1911.5	20
1912.5	11
1913.5	11
1914.5	7
1915.5	13
1916.5	9
1917.5	12
1918.5	19
1919.5	16
1920.5	17
1921.5	16
1922.5	14
1923.5	11
1924.5	9
1925.5	13
1926.5	12
1927.5	13
1928.5	8
1929.5	14
1930.5	8
1931.5	15
1932.5	4
1933.5	16
1934.5	18
1935.5	17
1936.5	12
1937.5	17
1938.5	15
1939.5	12
1940.5	13
1941.5	16
1942.5	15
1943.5	10
1944.5	11
1945.5	15
1946.5	16
1947.5	16
1948.5	18
1949.5	21
1950.5	14
1951.5	17
1952.5	11
1953.5	14
1954.5	12
1955.5	8
1956.5	6
1957.5	11
1958.5	12
1959.5	8
1960.5	8
1961.5	10
1962.5	13
1963.5	7
1964.5	14
1965.5	9
1966.5	13
1967.5	9
1968.5	16
1969.5	14
1970.5	9
1971.5	10
1972.5	8
1973.5	9
1974.5	10
1975.5	7
1976.5	11
1977.5	5
1978.5	8
1979.5	23
1980.5	16
1981.5	14
1982.5	11
1983.5	11
1984.5	14
1985.5	9
1986.5	14
1987.5	9
1988.5	13
1989.5	10
1990.5	15
1991.5	14
1992.5	9
1993.5	8
1994.5	13
1995.5	13
1996.5	11
1997.5	15
1998.5	15
1999.5	13
2000.5	13
2001.5	21
2002.5	10
2003.5	10
2004.5	18
2005.5	11
2006.5	14
2007.5	12
2008.5	13
2009.5	16
2010.5	10
2011.5	14
2012.5	14
2013.5	12
2014.5	16
2015.5	14
2016.5	15
2017.5	17
2018.5	18
2019.5	12
2020.5	12
2021.5	8
2022.5	13
2023.5	12
2024.5	10
2025.5	16
2026.5	23
2027.5	11
2028.5	13
2029.5	17
2030.5	8
2031.5	19
2032.5	7
2033.5	16
2034.5	11
2035.5	11
2036.5	11
2037.5	15
2038.5	12
2039.5	20
2040.5	10
2041.5	17
2042.5	14
2043.5	10
2044.5	15
2045.5	11
2046.5	14
2047.5	10
2048.5	16
2049.5	12
2050.5	11
2051.5	16
2052.5	17
2053.5	10
2054.5	15
2055.5	15
2056.5	9
2057.5	17
2058.5	10
2059.5	15
2060.5	15
2061.5	13
2062.5	14
2063.5	17
2064.5	7
2065.5	16
2066.5	16
2067.5	7
2068.5	13
2069.5	7
2070.5	13
2071.5	13
2072.5	16
2073.5	11
2074.5	9
2075.5	14
2076.5	7
2077.5	13
2078.5	14
2079.5	15
2080.5	11
2081.5	14
2082.5	12
2083.5	13
2084.5	10
2085.5	12
2086.5	12
2087.5	9
2088.5	18
2089.5	12
2090.5	10
2091.5	10
2092.5	19
2093.5	14
2094.5	15
2095.5	14
2096.5	11
2097.5	12
2098.5	10
2099.5	11
2100.5	13
2101.5	8
2102.5	9
2103.5	15
2104.5	12
2105.5	10
2106.5	9
2107.5	16
2108.5	7
2109.5	15
2110.5	11
2111.5	9
2112.5	9
2113.5	10
2114.5	15
2115.5	14
2116.5	11
2117.5	14
2118.5	10
2119.5	15
2120.5	19
2121.5	13
2122.5	11
2123.5	16
2124.5	12
2125.5	10
2126.5	13
2127.5	12
2128.5	12
2129.5	12
2130.5	9
2131.5	6
2132.5	15
2133.5	10
2134.5	6
2135.5	6
2136.5	11
2137.5	19
2138.5	9
2139.5	14
2140.5	9
2141.5	9
2142.5	18
2143.5	17
2144.5	15
2145.5	8
2146.5	7
2147.5	9
2148.5	14
2149.5	10
2150.5	16
2151.5	8
2152.5	14
2153.5	10
2154.5	12
2155.5	10
2156.5	13
2157.5	7
2158.5	11
2159.5	12
2160.5	10
2161.5	11
2162.5	13
2163.5	9
2164.5	10
2165.5	9
2166.5	14
2167.5	15
2168.5	12
2169.5	13
2170.5	16
2171.5	14
2172.5	13
2173.5	10
2174.5	7
2175.5	13
2176.5	12
2177.5	12
2178.5	16
2179.5	19
2180.5	10
2181.5	16
2182.5	10
2183.5	15
2184.5	13
2185.5	18
2186.5	17
2187.5	13
2188.5	10
2189.5	12
2190.5	8
2191.5	16
2192.5	9
2193.5	12
2194.5	16
2195.5	8
2196.5	14
2197.5	14
2198.5	8
2199.5	9
2200.5	13
2201.5	13
2202.5	13
2203.5	14
2204.5	19
2205.5	18
2206.5	10
2207.5	5
2208.5	10
2209.5	13
2210.5	16
2211.5	15
2212.5	15
2213.5	13
2214.5	11
2215.5	15
2216.5	11
2217.5	10
2218.5	9
2219.5	14
2220.5	18
2221.5	12
2222.5	15
2223.5	13
2224.5	22
2225.5	11
2226.5	9
2227.5	11
2228.5	4
2229.5	10
2230.5	10
2231.5	18
2232.5	10
2233.5	14
2234.5	12
2235.5	7
2236.5	12
2237.5	16
2238.5	17
2239.5	9
2240.5	15
2241.5	6
2242.5	9
2243.5	8
2244.5	13
2245.5	9
2246.5	14
2247.5	8
2248.5	9
2249.5	15
2250.5	9
2251.5	10
2252.5	14
2253.5	11
2254.5	12
2255.5	13
2256.5	13
2257.5	12
2258.5	9
2259.5	11
2260.5	8
2261.5	18
2262.5	15
2263.5	9
2264.5	19
2265.5	9
2266.5	19
2267.5	14
2268.5	18
2269.5	13
2270.5	10
2271.5	15
2272.5	17
2273.5	14
2274.5	12
2275.5	12
2276.5	11
2277.5	15
2278.5	14
2279.5	16
2280.5	9
2281.5	17
2282.5	15
2283.5	23
2284.5	24
2285.5	14
2286.5	18
2287.5	15
2288.5	10
2289.5	23
2290.5	13
2291.5	14
2292.5	20
2293.5	13
2294.5	26
2295.5	19
2296.5	7
2297.5	12
2298.5	19
2299.5	19
2300.5	17
2301.5	15
2302.5	20
2303.5	21
2304.5	10
2305.5	14
2306.5	18
2307.5	18
2308.5	9
2309.5	17
2310.5	18
2311.5	10
2312.5	14
2313.5	13
2314.5	14
2315.5	13
2316.5	19
2317.5	14
2318.5	12
2319.5	10
2320.5	12
2321.5	14
2322.5	14
2323.5	10
2324.5	16
2325.5	15
2326.5	14
2327.5	10
2328.5	14
2329.5	14
2330.5	14
2331.5	15
2332.5	14
2333.5	11
2334.5	19
2335.5	11
2336.5	9
2337.5	11
2338.5	14
2339.5	12
2340.5	9
2341.5	12
2342.5	14
2343.5	9
2344.5	11
2345.5	10
2346.5	11
2347.5	11
2348.5	12
2349.5	4
2350.5	14
2351.5	17
2352.5	8
2353.5	11
2354.5	10
2355.5	14
2356.5	14
2357.5	14
2358.5	14
2359.5	17
2360.5	8
2361.5	9
2362.5	10
2363.5	19
2364.5	8
2365.5	19
2366.5	14
2367.5	12
2368.5	12
2369.5	13
2370.5	11
2371.5	3
2372.5	18
2373.5	16
2374.5	10
2375.5	12
2376.5	13
2377.5	15
2378.5	10
2379.5	10
2380.5	9
2381.5	10
2382.5	17
2383.5	10
2384.5	9
2385.5	21
2386.5	9
2387.5	10
2388.5	14
2389.5	9
2390.5	9
2391.5	13
2392.5	12
2393.5	9
2394.5	6
2395.5	11
2396.5	7
2397.5	11
2398.5	14
2399.5	8
2400.5	15
2401.5	11
2402.5	6
2403.5	12
2404.5	9
2405.5	16
2406.5	12
2407.5	6
2408.5	12
2409.5	2
2410.5	8
2411.5	13
2412.5	6
2413.5	8
2414.5	9
2415.5	12
2416.5	10
2417.5	9
2418.5	8
2419.5	12
2420.5	12
2421.5	7
2422.5	7
2423.5	13
2424.5	4
2425.5	12
2426.5	10
2427.5	5
2428.5	13
2429.5	13
2430.5	6
2431.5	11
2432.5	5
2433.5	12
2434.5	11
2435.5	6
2436.5	11
2437.5	11
2438.5	12
2439.5	11
2440.5	11
2441.5	13
2442.5	8
2443.5	6
2444.5	7
2445.5	7
2446.5	6
2447.5	9
2448.5	13
2449.5	12
2450.5	14
2451.5	10
2452.5	9
2453.5	7
2454.5	7
2455.5	6
2456.5	14
2457.5	10
2458.5	10
2459.5	9
2460.5	11
2461.5	8
2462.5	9
2463.5	7
2464.5	16
2465.5	10
2466.5	9
2467.5	5
2468.5	13
2469.5	13
2470.5	7
2471.5	12
2472.5	5
2473.5	10
2474.5	9
2475.5	12
2476.5	11
2477.5	12
2478.5	13
2479.5	7
2480.5	14
2481.5	12
2482.5	10
2483.5	9
2484.5	12
2485.5	11
2486.5	12
2487.5	15
2488.5	7
2489.5	8
2490.5	9
2491.5	15
2492.5	13
2493.5	13
2494.5	13
2495.5	9
2496.5	10
2497.5	10
2498.5	2
2499.5	10
2500.5	7
2501.5	12
2502.5	13
2503.5	13
2504.5	10
2505.5	17
2506.5	12
2507.5	5
2508.5	10
2509.5	6
2510.5	12
2511.5	10
2512.5	14
2513.5	9
2514.5	9
2515.5	10
2516.5	8
2517.5	10
2518.5	5
2519.5	13
2520.5	6
2521.5	12
2522.5	19
2523.5	9
2524.5	4
2525.5	4
2526.5	5
2527.5	13
2528.5	4
2529.5	12
2530.5	10
2531.5	10
2532.5	15
2533.5	8
2534.5	13
2535.5	9
2536.5	17
2537.5	7
2538.5	12
2539.5	14
2540.5	10
2541.5	12
2542.5	11
2543.5	11
2544.5	9
2545.5	11
2546.5	6
2547.5	7
2548.5	10
2549.5	5
2550.5	11
2551.5	11
2552.5	14
2553.5	13
2554.5	11
2555.5	13
2556.5	4
2557.5	10
2558.5	10
2559.5	7
2560.5	17
2561.5	8
2562.5	8
2563.5	10
2564.5	14
2565.5	12
2566.5	7
2567.5	18
2568.5	8
2569.5	9
2570.5	10
2571.5	15
2572.5	13
2573.5	8
2574.5	12
2575.5	9
2576.5	11
2577.5	10
2578.5	17
2579.5	9
2580.5	8
2581.5	12
2582.5	15
2583.5	11
2584.5	14
2585.5	13
2586.5	17
2587.5	16
2588.5	12
2589.5	6
2590.5	10
2591.5	12
2592.5	10
2593.5	12
2594.5	11
2595.5	11
2596.5	15
2597.5	12
2598.5	15
2599.5	18
2600.5	15
2601.5	18
2602.5	14
2603.5	5
2604.5	16
2605.5	7
2606.5	14
2607.5	4
2608.5	8
2609.5	6
2610.5	10
2611.5	16
2612.5	9
2613.5	16
2614.5	12
2615.5	8
2616.5	12
2617.5	13
2618.5	8
2619.5	12
2620.5	9
2621.5	9
2622.5	12
2623.5	8
2624.5	8
2625.5	14
2626.5	11
2627.5	7
2628.5	8
2629.5	13
2630.5	12
2631.5	14
2632.5	10
2633.5	11
2634.5	11
2635.5	12
2636.5	11
2637.5	9
2638.5	7
2639.5	18
2640.5	7
2641.5	9
2642.5	11
2643.5	12
2644.5	10
2645.5	9
2646.5	10
2647.5	4
2648.5	4
2649.5	9
2650.5	6
2651.5	13
2652.5	7
2653.5	12
2654.5	11
2655.5	9
2656.5	9
2657.5	4
2658.5	9
2659.5	12
2660.5	8
2661.5	12
2662.5	6
2663.5	8
2664.5	9
2665.5	10
2666.5	9
2667.5	11
2668.5	3
2669.5	10
2670.5	3
2671.5	12
2672.5	8
2673.5	13
2674.5	14
2675.5	13
2676.5	9
2677.5	11
2678.5	9
2679.5	13
2680.5	11
2681.5	12
2682.5	11
2683.5	10
2684.5	11
2685.5	12
2686.5	14
2687.5	10
2688.5	9
2689.5	10
2690.5	10
2691.5	7
2692.5	8
2693.5	6
2694.5	14
2695.5	13
2696.5	6
2697.5	4
2698.5	11
2699.5	8
2700.5	10
2701.5	14
2702.5	10
2703.5	8
2704.5	16
2705.5	8
2706.5	7
2707.5	8
2708.5	13
2709.5	11
2710.5	11
2711.5	15
2712.5	9
2713.5	12
2714.5	6
2715.5	15
2716.5	19
2717.5	14
2718.5	10
2719.5	9
2720.5	8
2721.5	5
2722.5	9
2723.5	11
2724.5	12
2725.5	17
2726.5	12
2727.5	14
2728.5	11
2729.5	13
2730.5	15
2731.5	6
2732.5	11
2733.5	16
2734.5	7
2735.5	5
2736.5	9
2737.5	6
2738.5	7
2739.5	11
2740.5	6
2741.5	7
2742.5	16
2743.5	15
2744.5	9
2745.5	8
2746.5	9
2747.5	13
2748.5	15
2749.5	10
2750.5	9
2751.5	5
2752.5	16
2753.5	15
2754.5	7
2755.5	7
2756.5	7
2757.5	8
2758.5	5
2759.5	6
2760.5	6
2761.5	12
2762.5	10
2763.5	7
2764.5	6
2765.5	6
2766.5	7
2767.5	4
2768.5	9
2769.5	8
2770.5	12
2771.5	13
2772.5	10
2773.5	8
2774.5	8
2775.5	14
2776.5	10
2777.5	8
2778.5	9
2779.5	7
2780.5	10
2781.5	7
2782.5	11
2783.5	6
2784.5	13
2785.5	1
2786.5	11
2787.5	6
2788.5	11
2789.5	8
2790.5	5
2791.5	10
2792.5	8
2793.5	9
2794.5	13
2795.5	8
2796.5	7
2797.5	8
2798.5	10
2799.5	8
2800.5	7
2801.5	10
2802.5	10
2803.5	15
2804.5	9
2805.5	6
2806.5	10
2807.5	15
2808.5	15
2809.5	10
2810.5	9
2811.5	7
2812.5	8
2813.5	6
2814.5	10
2815.5	8
2816.5	19
2817.5	16
2818.5	12
2819.5	16
2820.5	8
2821.5	10
2822.5	13
2823.5	12
2824.5	10
2825.5	4
2826.5	10
2827.5	7
2828.5	10
2829.5	9
2830.5	9
2831.5	9
2832.5	10
2833.5	14
2834.5	18
2835.5	12
2836.5	6
2837.5	10
2838.5	8
2839.5	8
2840.5	7
2841.5	10
2842.5	10
2843.5	12
2844.5	8
2845.5	15
2846.5	9
2847.5	16
2848.5	12
2849.5	9
2850.5	9
2851.5	12
2852.5	13
2853.5	13
2854.5	15
2855.5	10
2856.5	7
2857.5	6
2858.5	11
2859.5	9
2860.5	8
2861.5	6
2862.5	12
2863.5	11
2864.5	14
2865.5	10
2866.5	7
2867.5	8
2868.5	11
2869.5	11
2870.5	8
2871.5	5
2872.5	17
2873.5	11
2874.5	14
2875.5	9
2876.5	11
2877.5	4
2878.5	11
2879.5	11
2880.5	10
2881.5	13
2882.5	15
2883.5	7
2884.5	7
2885.5	10
2886.5	6
2887.5	5
2888.5	7
2889.5	11
2890.5	11
2891.5	9
2892.5	15
2893.5	9
2894.5	15
2895.5	12
2896.5	4
2897.5	11
2898.5	12
2899.5	4
2900.5	8
2901.5	6
2902.5	8
2903.5	5
2904.5	10
2905.5	13
2906.5	10
2907.5	18
2908.5	5
2909.5	9
2910.5	14
2911.5	10
2912.5	10
2913.5	15
2914.5	11
2915.5	12
2916.5	9
2917.5	9
2918.5	3
2919.5	11
2920.5	11
2921.5	14
2922.5	8
2923.5	11
2924.5	7
2925.5	8
2926.5	9
2927.5	7
2928.5	7
2929.5	6
2930.5	15
2931.5	10
2932.5	11
2933.5	18
2934.5	12
2935.5	7
2936.5	11
2937.5	18
2938.5	12
2939.5	7
2940.5	8
2941.5	7
2942.5	10
2943.5	10
2944.5	17
2945.5	14
2946.5	7
2947.5	13
2948.5	12
2949.5	11
2950.5	7
2951.5	11
2952.5	13
2953.5	6
2954.5	10
2955.5	7
2956.5	15
2957.5	13
2958.5	10
2959.5	12
2960.5	4
2961.5	13
2962.5	13
2963.5	8
2964.5	12
2965.5	15
2966.5	9
2967.5	10
2968.5	9
2969.5	10
2970.5	13
2971.5	10
2972.5	11
2973.5	12
2974.5	8
2975.5	13
2976.5	10
2977.5	9
2978.5	11
2979.5	9
2980.5	6
2981.5	17
2982.5	9
2983.5	10
2984.5	9
2985.5	8
2986.5	9
2987.5	6
2988.5	12
2989.5	8
2990.5	9
2991.5	11
2992.5	11
2993.5	16
2994.5	9
2995.5	13
2996.5	13
2997.5	12
2998.5	9
2999.5	10
3000.5	12
3001.5	12
3002.5	5
3003.5	6
3004.5	16
3005.5	18
3006.5	6
3007.5	8
3008.5	10
3009.5	10
3010.5	20
3011.5	15
3012.5	7
3013.5	7
3014.5	7
3015.5	8
3016.5	12
3017.5	12
3018.5	7
3019.5	11
3020.5	11
3021.5	6
3022.5	17
3023.5	7
3024.5	11
3025.5	18
3026.5	10
3027.5	7
3028.5	14
3029.5	7
3030.5	14
3031.5	8
3032.5	13
3033.5	18
3034.5	8
3035.5	15
3036.5	12
3037.5	9
3038.5	6
3039.5	12
3040.5	12
3041.5	13
3042.5	14
3043.5	10
3044.5	4
3045.5	12
3046.5	6
3047.5	7
3048.5	21
3049.5	7
3050.5	9
3051.5	8
3052.5	14
3053.5	10
3054.5	10
3055.5	15
3056.5	16
3057.5	13
3058.5	7
3059.5	12
3060.5	6
3061.5	12
3062.5	9
3063.5	15
3064.5	8
3065.5	14
3066.5	6
3067.5	12
3068.5	17
3069.5	9
3070.5	14
3071.5	14
3072.5	9
3073.5	12
3074.5	12
3075.5	6
3076.5	10
3077.5	13
3078.5	16
3079.5	10
3080.5	15
3081.5	22
3082.5	8
3083.5	19
3084.5	13
3085.5	17
3086.5	15
3087.5	14
3088.5	10
3089.5	10
3090.5	12
3091.5	11
3092.5	12
3093.5	9
3094.5	11
3095.5	9
3096.5	16
3097.5	9
3098.5	15
3099.5	12
3100.5	12
3101.5	17
3102.5	7
3103.5	10
3104.5	11
3105.5	16
3106.5	12
3107.5	14
3108.5	6
3109.5	15
3110.5	14
3111.5	10
3112.5	8
3113.5	9
3114.5	11
3115.5	15
3116.5	13
3117.5	6
3118.5	6
3119.5	5
3120.5	14
3121.5	6
3122.5	17
3123.5	9
3124.5	10
3125.5	8
3126.5	11
3127.5	7
3128.5	15
3129.5	12
3130.5	15
3131.5	10
3132.5	9
3133.5	16
3134.5	9
3135.5	10
3136.5	10
3137.5	8
3138.5	12
3139.5	13
3140.5	11
3141.5	19
3142.5	10
3143.5	20
3144.5	16
3145.5	13
3146.5	6
3147.5	18
3148.5	10
3149.5	8
3150.5	14
3151.5	19
3152.5	14
3153.5	15
3154.5	11
3155.5	14
3156.5	14
3157.5	11
3158.5	15
3159.5	12
3160.5	20
3161.5	14
3162.5	12
3163.5	8
3164.5	11
3165.5	8
3166.5	8
3167.5	10
3168.5	13
3169.5	13
3170.5	20
3171.5	10
3172.5	12
3173.5	15
3174.5	21
3175.5	10
3176.5	11
3177.5	10
3178.5	4
3179.5	14
3180.5	8
3181.5	16
3182.5	10
3183.5	18
3184.5	9
3185.5	17
3186.5	8
3187.5	9
3188.5	11
3189.5	13
3190.5	20
3191.5	12
3192.5	9
3193.5	14
3194.5	11
3195.5	13
3196.5	13
3197.5	13
3198.5	9
3199.5	11
3200.5	16
3201.5	19
3202.5	14
3203.5	10
3204.5	9
3205.5	9
3206.5	12
3207.5	17
3208.5	16
3209.5	12
3210.5	8
3211.5	12
3212.5	11
3213.5	18
3214.5	12
3215.5	13
3216.5	10
3217.5	10
3218.5	17
3219.5	16
3220.5	16
3221.5	19
3222.5	10
3223.5	18
3224.5	13
3225.5	23
3226.5	16
3227.5	13
3228.5	19
3229.5	12
3230.5	15
3231.5	22
3232.5	12
3233.5	20
3234.5	18
3235.5	27
3236.5	22
3237.5	19
3238.5	18
3239.5	16
3240.5	17
3241.5	19
3242.5	21
3243.5	21
3244.5	15
3245.5	11
3246.5	12
3247.5	12
3248.5	17
3249.5	31
3250.5	17
3251.5	27
3252.5	30
3253.5	26
3254.5	18
3255.5	22
3256.5	25
3257.5	31
3258.5	18
3259.5	25
3260.5	27
3261.5	20
3262.5	27
3263.5	33
3264.5	22
3265.5	21
3266.5	28
3267.5	25
3268.5	27
3269.5	19
3270.5	31
3271.5	38
3272.5	22
3273.5	31
3274.5	29
3275.5	31
3276.5	31
3277.5	24
3278.5	32
3279.5	30
3280.5	25
3281.5	38
3282.5	28
3283.5	34
3284.5	35
3285.5	28
3286.5	21
3287.5	23
3288.5	36
3289.5	36
3290.5	37
3291.5	36
3292.5	34
3293.5	39
3294.5	34
3295.5	34
3296.5	36
3297.5	30
3298.5	23
3299.5	20
3300.5	28
3301.5	37
3302.5	26
3303.5	39
3304.5	31
3305.5	29
3306.5	31
3307.5	24
3308.5	31
3309.5	36
3310.5	34
3311.5	26
3312.5	22
3313.5	25
3314.5	39
3315.5	27
3316.5	26
3317.5	30
3318.5	21
3319.5	21
3320.5	26
3321.5	35
3322.5	22
3323.5	23
3324.5	35
3325.5	33
3326.5	27
3327.5	28
3328.5	35
3329.5	28
3330.5	31
3331.5	27
3332.5	32
3333.5	30
3334.5	28
3335.5	37
3336.5	25
3337.5	28
3338.5	29
3339.5	24
3340.5	23
3341.5	29
3342.5	29
3343.5	23
3344.5	30
3345.5	22
3346.5	26
3347.5	31
3348.5	40
3349.5	27
3350.5	20
3351.5	39
3352.5	30
3353.5	33
3354.5	21
3355.5	10
3356.5	20
3357.5	33
3358.5	32
3359.5	28
3360.5	21
3361.5	22
3362.5	26
3363.5	30
3364.5	34
3365.5	30
3366.5	19
3367.5	19
3368.5	19
3369.5	21
3370.5	14
3371.5	22
3372.5	23
3373.5	24
3374.5	21
3375.5	18
3376.5	33
3377.5	22
3378.5	21
3379.5	27
3380.5	20
3381.5	25
3382.5	12
3383.5	19
3384.5	15
3385.5	24
3386.5	21
3387.5	22
3388.5	23
3389.5	19
3390.5	20
3391.5	18
3392.5	21
3393.5	15
3394.5	27
3395.5	20
3396.5	22
3397.5	24
3398.5	22
3399.5	16
3400.5	25
3401.5	15
3402.5	17
3403.5	27
3404.5	18
3405.5	21
3406.5	22
3407.5	25
3408.5	21
3409.5	25
3410.5	20
3411.5	17
3412.5	17
3413.5	14
3414.5	19
3415.5	28
3416.5	18
3417.5	20
3418.5	24
3419.5	17
3420.5	25
3421.5	23
3422.5	17
3423.5	16
3424.5	15
3425.5	22
3426.5	25
3427.5	19
3428.5	13
3429.5	25
3430.5	29
3431.5	29
3432.5	19
3433.5	23
3434.5	21
3435.5	27
3436.5	17
3437.5	15
3438.5	17
3439.5	26
3440.5	21
3441.5	18
3442.5	19
3443.5	21
3444.5	26
3445.5	22
3446.5	26
3447.5	29
3448.5	20
3449.5	14
3450.5	23
3451.5	24
3452.5	25
3453.5	27
3454.5	28
3455.5	23
3456.5	27
3457.5	14
3458.5	23
3459.5	17
3460.5	25
3461.5	18
3462.5	13
3463.5	18
3464.5	19
3465.5	13
3466.5	23
3467.5	22
3468.5	25
3469.5	23
3470.5	20
3471.5	26
3472.5	20
3473.5	28
3474.5	16
3475.5	28
3476.5	27
3477.5	22
3478.5	19
3479.5	20
3480.5	19
3481.5	16
3482.5	22
3483.5	29
3484.5	27
3485.5	20
3486.5	27
3487.5	27
3488.5	11
3489.5	20
3490.5	32
3491.5	16
3492.5	22
3493.5	25
3494.5	29
3495.5	24
3496.5	18
3497.5	27
3498.5	21
3499.5	15
3500.5	34
3501.5	28
3502.5	23
3503.5	24
3504.5	21
3505.5	22
3506.5	17
3507.5	21
3508.5	23
3509.5	21
3510.5	22
3511.5	22
3512.5	22
3513.5	31
3514.5	30
3515.5	17
3516.5	31
3517.5	16
3518.5	20
3519.5	22
3520.5	27
3521.5	17
3522.5	28
3523.5	24
3524.5	24
3525.5	27
3526.5	22
3527.5	26
3528.5	21
3529.5	23
3530.5	20
3531.5	22
3532.5	16
3533.5	17
3534.5	18
3535.5	16
3536.5	20
3537.5	29
3538.5	24
3539.5	25
3540.5	29
3541.5	17
3542.5	16
3543.5	14
3544.5	23
3545.5	18
3546.5	13
3547.5	22
3548.5	20
3549.5	17
3550.5	22
3551.5	19
3552.5	25
3553.5	16
3554.5	17
3555.5	16
3556.5	13
3557.5	23
3558.5	22
3559.5	35
3560.5	21
3561.5	20
3562.5	20
3563.5	19
3564.5	30
3565.5	27
3566.5	22
3567.5	23
3568.5	16
3569.5	19
3570.5	16
3571.5	19
3572.5	19
3573.5	17
3574.5	17
3575.5	18
3576.5	17
3577.5	21
3578.5	18
3579.5	20
3580.5	19
3581.5	18
3582.5	25
3583.5	26
3584.5	22
3585.5	23
3586.5	15
3587.5	9
3588.5	20
3589.5	25
3590.5	23
3591.5	22
3592.5	15
3593.5	22
3594.5	21
3595.5	18
3596.5	21
3597.5	23
3598.5	27
3599.5	15
3600.5	12
3601.5	18
3602.5	26
3603.5	23
3604.5	23
3605.5	25
3606.5	26
3607.5	21
3608.5	26
3609.5	20
3610.5	19
3611.5	17
3612.5	19
3613.5	17
3614.5	15
3615.5	21
3616.5	20
3617.5	15
3618.5	13
3619.5	15
3620.5	15
3621.5	18
3622.5	20
3623.5	23
3624.5	19
3625.5	20
3626.5	15
3627.5	13
3628.5	15
3629.5	18
3630.5	8
3631.5	16
3632.5	22
3633.5	9
3634.5	18
3635.5	21
3636.5	14
3637.5	24
3638.5	22
3639.5	18
3640.5	21
3641.5	18
3642.5	21
3643.5	25
3644.5	19
3645.5	14
3646.5	21
3647.5	26
3648.5	10
3649.5	19
3650.5	21
3651.5	20
3652.5	27
3653.5	21
3654.5	19
3655.5	12
3656.5	13
3657.5	27
3658.5	14
3659.5	23
3660.5	23
3661.5	34
3662.5	28
3663.5	25
3664.5	26
3665.5	23
3666.5	22
3667.5	31
3668.5	30
3669.5	11
3670.5	17
3671.5	29
3672.5	22
3673.5	26
3674.5	24
3675.5	29
3676.5	33
3677.5	35
3678.5	41
3679.5	30
3680.5	27
3681.5	36
3682.5	27
3683.5	34
3684.5	43
3685.5	33
3686.5	37
3687.5	40
3688.5	39
3689.5	44
3690.5	43
3691.5	41
3692.5	55
3693.5	35
3694.5	34
3695.5	43
3696.5	34
3697.5	54
3698.5	36
3699.5	34
3700.5	36
3701.5	37
3702.5	41
3703.5	26
3704.5	38
3705.5	44
3706.5	46
3707.5	36
3708.5	35
3709.5	45
3710.5	52
3711.5	43
3712.5	47
3713.5	38
3714.5	43
3715.5	52
3716.5	49
3717.5	44
3718.5	59
3719.5	46
3720.5	48
3721.5	46
3722.5	49
3723.5	42
3724.5	44
3725.5	48
3726.5	63
3727.5	55
3728.5	50
3729.5	60
3730.5	48
3731.5	40
3732.5	53
3733.5	42
3734.5	55
3735.5	51
3736.5	43
3737.5	43
3738.5	42
3739.5	41
3740.5	47
3741.5	32
3742.5	44
3743.5	51
3744.5	38
3745.5	44
3746.5	36
3747.5	51
3748.5	52
3749.5	46
3750.5	41
3751.5	30
3752.5	49
3753.5	36
3754.5	33
3755.5	42
3756.5	34
3757.5	50
3758.5	37
3759.5	40
3760.5	36
3761.5	55
3762.5	39
3763.5	42
3764.5	47
3765.5	39
3766.5	46
3767.5	40
3768.5	44
3769.5	41
3770.5	49
3771.5	37
3772.5	37
3773.5	35
3774.5	27
3775.5	38
3776.5	38
3777.5	41
3778.5	38
3779.5	29
3780.5	25
3781.5	38
3782.5	30
3783.5	27
3784.5	24
3785.5	32
3786.5	23
3787.5	39
3788.5	42
3789.5	32
3790.5	29
3791.5	25
3792.5	31
3793.5	35
3794.5	25
3795.5	44
3796.5	23
3797.5	30
3798.5	30
3799.5	25
3800.5	36
3801.5	30
3802.5	25
3803.5	30
3804.5	25
3805.5	22
3806.5	22
3807.5	15
3808.5	22
3809.5	33
3810.5	22
3811.5	22
3812.5	28
3813.5	29
3814.5	14
3815.5	23
3816.5	36
3817.5	25
3818.5	14
3819.5	24
3820.5	15
3821.5	18
3822.5	24
3823.5	18
3824.5	21
3825.5	23
3826.5	25
3827.5	25
3828.5	20
3829.5	20
3830.5	29
3831.5	18
3832.5	22
3833.5	23
3834.5	26
3835.5	22
3836.5	14
3837.5	19
3838.5	20
3839.5	35
3840.5	17
3841.5	25
3842.5	35
3843.5	26
3844.5	19
3845.5	24
3846.5	25
3847.5	22
3848.5	20
3849.5	28
3850.5	18
3851.5	19
3852.5	25
3853.5	21
3854.5	21
3855.5	18
3856.5	21
3857.5	23
3858.5	21
3859.5	22
3860.5	25
3861.5	29
3862.5	19
3863.5	13
3864.5	19
3865.5	25
3866.5	22
3867.5	20
3868.5	22
3869.5	22
3870.5	25
3871.5	18
3872.5	23
3873.5	29
3874.5	17
3875.5	23
3876.5	25
3877.5	25
3878.5	13
3879.5	17
3880.5	21
3881.5	21
3882.5	23
3883.5	25
3884.5	21
3885.5	20
3886.5	25
3887.5	26
3888.5	22
3889.5	19
3890.5	24
3891.5	21
3892.5	18
3893.5	12
3894.5	16
3895.5	17
3896.5	20
3897.5	20
3898.5	19
3899.5	26
3900.5	18
3901.5	20
3902.5	18
3903.5	25
3904.5	19
3905.5	21
3906.5	21
3907.5	19
3908.5	19
3909.5	22
3910.5	27
3911.5	14
3912.5	21
3913.5	24
3914.5	15
3915.5	19
3916.5	19
3917.5	18
3918.5	9
3919.5	21
3920.5	17
3921.5	20
3922.5	21
3923.5	21
3924.5	22
3925.5	17
3926.5	16
3927.5	22
3928.5	17
3929.5	16
3930.5	17
3931.5	21
3932.5	20
3933.5	21
3934.5	24
3935.5	21
3936.5	18
3937.5	15
3938.5	17
3939.5	22
3940.5	27
3941.5	18
3942.5	18
3943.5	14
3944.5	20
3945.5	24
3946.5	28
3947.5	13
3948.5	20
3949.5	19
3950.5	16
3951.5	15
3952.5	18
3953.5	18
3954.5	12
3955.5	21
3956.5	13
3957.5	27
3958.5	19
3959.5	20
3960.5	20
3961.5	15
3962.5	21
3963.5	17
3964.5	10
3965.5	15
3966.5	10
3967.5	16
3968.5	19
3969.5	21
3970.5	16
3971.5	12
3972.5	12
3973.5	14
3974.5	14
3975.5	14
3976.5	13
3977.5	14
3978.5	16
3979.5	15
3980.5	18
3981.5	14
3982.5	12
3983.5	11
3984.5	13
3985.5	17
3986.5	15
3987.5	17
3988.5	19
3989.5	12
3990.5	15
3991.5	10
3992.5	9
3993.5	9
3994.5	8
3995.5	7
3996.5	6
3997.5	19
3998.5	10
3999.5	11
4000.5	7
4001.5	12
4002.5	5
4003.5	10
4004.5	8
4005.5	12
4006.5	18
4007.5	12
4008.5	4
4009.5	9
4010.5	10
4011.5	6
4012.5	5
4013.5	5
4014.5	7
4015.5	4
4016.5	12
4017.5	6
4018.5	7
4019.5	4
4020.5	6
4021.5	6
4022.5	8
4023.5	10
4024.5	8
4025.5	10
4026.5	10
4027.5	9
4028.5	8
4029.5	9
4030.5	2
4031.5	4
4032.5	7
4033.5	7
4034.5	11
4035.5	9
4036.5	10
4037.5	12
4038.5	6
4039.5	6
4040.5	9
4041.5	7
4042.5	8
4043.5	9
4044.5	6
4045.5	8
4046.5	5
4047.5	18
4048.5	11
4049.5	7
4050.5	7
4051.5	11
4052.5	14
4053.5	8
4054.5	12
4055.5	12
4056.5	12
4057.5	13
4058.5	21
4059.5	10
4060.5	11
4061.5	18
4062.5	10
4063.5	13
4064.5	9
4065.5	20
4066.5	14
4067.5	16
4068.5	17
4069.5	20
4070.5	25
4071.5	23
4072.5	20
4073.5	21
4074.5	27
4075.5	26
4076.5	27
4077.5	24
4078.5	19
4079.5	15
4080.5	17
4081.5	21
4082.5	23
4083.5	21
4084.5	24
4085.5	33
4086.5	29
4087.5	25
4088.5	34
4089.5	32
4090.5	25
4091.5	30
4092.5	28
4093.5	38
4094.5	37
4095.5	25
4096.5	37
4097.5	48
4098.5	41
4099.5	38
4100.5	43
4101.5	30
4102.5	43
4103.5	46
4104.5	38
4105.5	38
4106.5	41
4107.5	39
4108.5	38
4109.5	52
4110.5	42
4111.5	42
4112.5	41
4113.5	44
4114.5	46
4115.5	46
4116.5	45
4117.5	50
4118.5	37
4119.5	49
4120.5	30
4121.5	38
4122.5	35
4123.5	44
4124.5	42
4125.5	34
4126.5	37
4127.5	49
4128.5	48
4129.5	37
4130.5	47
4131.5	42
4132.5	46
4133.5	40
4134.5	41
4135.5	53
4136.5	41
4137.5	32
4138.5	36
4139.5	30
4140.5	47
4141.5	39
4142.5	48
4143.5	29
4144.5	41
4145.5	37
4146.5	46
4147.5	27
4148.5	36
4149.5	40
4150.5	28
4151.5	34
4152.5	26
4153.5	32
4154.5	33
4155.5	29
4156.5	28
4157.5	27
4158.5	25
4159.5	29
4160.5	47
4161.5	40
4162.5	25
4163.5	26
4164.5	20
4165.5	35
4166.5	30
4167.5	24
4168.5	24
4169.5	30
4170.5	27
4171.5	26
4172.5	22
4173.5	18
4174.5	15
4175.5	27
4176.5	16
4177.5	21
4178.5	22
4179.5	18
4180.5	10
4181.5	28
4182.5	19
4183.5	20
4184.5	20
4185.5	11
4186.5	15
4187.5	14
4188.5	18
4189.5	20
4190.5	13
4191.5	21
4192.5	16
4193.5	10
4194.5	13
4195.5	9
4196.5	12
4197.5	15
4198.5	18
4199.5	9
4200.5	13
4201.5	9
4202.5	13
4203.5	8
4204.5	11
4205.5	9
4206.5	5
4207.5	4
4208.5	8
4209.5	8
4210.5	11
4211.5	9
4212.5	3
4213.5	12
4214.5	7
4215.5	8
4216.5	7
4217.5	7
4218.5	6
4219.5	9
4220.5	6
4221.5	3
4222.5	1
4223.5	5
4224.5	3
4225.5	5
4226.5	2
4227.5	8
4228.5	4
4229.5	4
4230.5	2
4231.5	2
4232.5	4
4233.5	3
4234.5	4
4235.5	3
4236.5	3
4237.5	3
4238.5	4
4239.5	0
4240.5	4
4241.5	3
4242.5	1
4243.5	0
4244.5	3
4245.5	4
4246.5	3
4247.5	2
4248.5	2
4249.5	3
4250.5	1
4251.5	2
4252.5	2
4253.5	4
4254.5	0
4255.5	3
4256.5	0
4257.5	5
4258.5	3
4259.5	1
4260.5	0
4261.5	2
4262.5	2
4263.5	3
4264.5	3
4265.5	1
4266.5	3
4267.5	0
4268.5	0
4269.5	1
4270.5	3
4271.5	1
4272.5	1
4273.5	1
4274.5	1
4275.5	4
4276.5	0
4277.5	1
4278.5	3
4279.5	0
4280.5	2
4281.5	2
4282.5	1
4283.5	3
4284.5	0
4285.5	1
4286.5	0
4287.5	3
4288.5	3
4289.5	1
4290.5	2
4291.5	4
4292.5	1
4293.5	0
4294.5	2
4295.5	2
4296.5	2
4297.5	2
4298.5	1
4299.5	0
4300.5	1
4301.5	2
4302.5	1
4303.5	2
4304.5	4
4305.5	1
4306.5	1
4307.5	2
4308.5	1
4309.5	2
4310.5	1
4311.5	4
4312.5	1
4313.5	2
4314.5	1
4315.5	3
4316.5	2
4317.5	2
4318.5	3
4319.5	1
4320.5	2
4321.5	2
4322.5	1
4323.5	2
4324.5	2
4325.5	5
4326.5	2
4327.5	0
4328.5	2
4329.5	1
4330.5	1
4331.5	0
4332.5	2
4333.5	1
4334.5	1
4335.5	0
4336.5	1
4337.5	2
4338.5	1
4339.5	0
4340.5	3
4341.5	6
4342.5	3
4343.5	3
4344.5	2
4345.5	0
4346.5	0
4347.5	1
4348.5	2
4349.5	0
4350.5	2
4351.5	1
4352.5	2
4353.5	2
4354.5	0
4355.5	3
4356.5	2
4357.5	2
4358.5	1
4359.5	3
4360.5	1
4361.5	0
4362.5	1
4363.5	1
4364.5	1
4365.5	2
4366.5	0
4367.5	2
4368.5	0
4369.5	1
4370.5	2
4371.5	2
4372.5	1
4373.5	0
4374.5	1
4375.5	0
4376.5	2
4377.5	0
4378.5	4
4379.5	4
4380.5	1
4381.5	3
4382.5	3
4383.5	2
4384.5	1
4385.5	1
4386.5	2
4387.5	2
4388.5	0
4389.5	2
4390.5	2
4391.5	3
4392.5	2
4393.5	1
4394.5	2
4395.5	3
4396.5	3
4397.5	2
4398.5	2
4399.5	1
4400.5	0
4401.5	2
4402.5	2
4403.5	8
4404.5	2
4405.5	0
4406.5	4
4407.5	1
4408.5	4
4409.5	1
4410.5	1
4411.5	0
4412.5	2
4413.5	2
4414.5	1
4415.5	6
4416.5	1
4417.5	0
4418.5	1
4419.5	3
4420.5	1
4421.5	3
4422.5	3
4423.5	3
4424.5	0
4425.5	1
4426.5	3
4427.5	3
4428.5	4
4429.5	1
4430.5	3
4431.5	1
4432.5	0
4433.5	3
4434.5	3
4435.5	3
4436.5	0
4437.5	3
4438.5	2
4439.5	1
4440.5	1
4441.5	3
4442.5	1
4443.5	2
4444.5	3
4445.5	1
4446.5	3
4447.5	1
4448.5	0
4449.5	0
4450.5	2
4451.5	2
4452.5	2
4453.5	1
4454.5	1
4455.5	1
4456.5	3
4457.5	1
4458.5	1
4459.5	5
4460.5	1
4461.5	3
4462.5	5
4463.5	1
4464.5	2
4465.5	3
4466.5	2
4467.5	0
4468.5	2
4469.5	1
4470.5	4
4471.5	2
4472.5	3
4473.5	0
4474.5	1
4475.5	2
4476.5	2
4477.5	1
4478.5	2
4479.5	2
4480.5	2
4481.5	2
4482.5	3
4483.5	1
4484.5	3
4485.5	2
4486.5	1
4487.5	0
4488.5	1
4489.5	1
4490.5	0
4491.5	0
4492.5	3
4493.5	0
4494.5	1
4495.5	2
4496.5	0
4497.5	3
4498.5	5
4499.5	2
4500.5	3
4501.5	1
4502.5	3
4503.5	0
4504.5	3
4505.5	5
4506.5	0
4507.5	3
4508.5	1
4509.5	2
4510.5	2
4511.5	2
4512.5	1
4513.5	1
4514.5	4
4515.5	4
4516.5	2
4517.5	4
4518.5	4
4519.5	2
4520.5	2
4521.5	3
4522.5	1
4523.5	3
4524.5	1
4525.5	1
4526.5	2
4527.5	1
4528.5	2
4529.5	4
4530.5	0
4531.5	1
4532.5	1
4533.5	1
4534.5	1
4535.5	3
4536.5	3
4537.5	0
4538.5	1
4539.5	2
4540.5	2
4541.5	2
4542.5	1
4543.5	2
4544.5	3
4545.5	1
4546.5	1
4547.5	3
4548.5	1
4549.5	0
4550.5	3
4551.5	3
4552.5	2
4553.5	0
4554.5	2
4555.5	1
4556.5	5
4557.5	2
4558.5	0
4559.5	0
4560.5	1
4561.5	1
4562.5	3
4563.5	3
4564.5	2
4565.5	4
4566.5	5
4567.5	2
4568.5	3
4569.5	0
4570.5	1
4571.5	1
4572.5	2
4573.5	0
4574.5	1
4575.5	3
4576.5	0
4577.5	2
4578.5	0
4579.5	1
4580.5	2
4581.5	3
4582.5	0
4583.5	2
4584.5	1
4585.5	0
4586.5	2
4587.5	4
4588.5	1
4589.5	3
4590.5	0
4591.5	3
4592.5	2
4593.5	3
4594.5	3
4595.5	3
4596.5	3
4597.5	4
4598.5	1
4599.5	3
4600.5	3
4601.5	1
4602.5	1
4603.5	1
4604.5	1
4605.5	2
4606.5	2
4607.5	3
4608.5	2
4609.5	4
4610.5	1
4611.5	4
4612.5	2
4613.5	4
4614.5	1
4615.5	2
4616.5	2
4617.5	2
4618.5	3
4619.5	6
4620.5	1
4621.5	3
4622.5	2
4623.5	2
4624.5	4
4625.5	5
4626.5	2
4627.5	4
4628.5	0
4629.5	1
4630.5	3
4631.5	3
4632.5	1
4633.5	0
4634.5	4
4635.5	2
4636.5	2
4637.5	3
4638.5	4
4639.5	1
4640.5	1
4641.5	4
4642.5	2
4643.5	1
4644.5	1
4645.5	3
4646.5	1
4647.5	2
4648.5	3
4649.5	6
4650.5	3
4651.5	2
4652.5	1
4653.5	1
4654.5	1
4655.5	4
4656.5	4
4657.5	2
4658.5	1
4659.5	2
4660.5	1
4661.5	3
4662.5	2
4663.5	2
4664.5	1
4665.5	1
4666.5	0
4667.5	2
4668.5	3
4669.5	2
4670.5	2
4671.5	2
4672.5	1
4673.5	1
4674.5	2
4675.5	0
4676.5	3
4677.5	2
4678.5	2
4679.5	1
4680.5	1
4681.5	1
4682.5	5
4683.5	1
4684.5	1
4685.5	2
4686.5	0
4687.5	2
4688.5	2
4689.5	1
4690.5	4
4691.5	2
4692.5	5
4693.5	2
4694.5	2
4695.5	2
4696.5	1
4697.5	2
4698.5	5
4699.5	2
4700.5	3
4701.5	6
4702.5	0
4703.5	4
4704.5	3
4705.5	2
4706.5	1
4707.5	1
4708.5	2
4709.5	3
4710.5	1
4711.5	2
4712.5	3
4713.5	1
4714.5	7
4715.5	0
4716.5	1
4717.5	1
4718.5	2
4719.5	2
4720.5	4
4721.5	1
4722.5	3
4723.5	2
4724.5	3
4725.5	1
4726.5	1
4727.5	4
4728.5	0
4729.5	2
4730.5	0
4731.5	2
4732.5	4
4733.5	1
4734.5	1
4735.5	4
4736.5	1
4737.5	2
4738.5	0
4739.5	4
4740.5	4
4741.5	1
4742.5	2
4743.5	0
4744.5	1
4745.5	1
4746.5	0
4747.5	1
4748.5	0
4749.5	2
4750.5	0
4751.5	3
4752.5	2
4753.5	1
4754.5	3
4755.5	1
4756.5	3
4757.5	6
4758.5	0
4759.5	3
4760.5	2
4761.5	1
4762.5	2
4763.5	1
4764.5	2
4765.5	2
4766.5	2
4767.5	1
4768.5	3
4769.5	2
4770.5	1
4771.5	2
4772.5	1
4773.5	2
4774.5	0
4775.5	2
4776.5	4
4777.5	2
4778.5	2
4779.5	3
4780.5	1
4781.5	0
4782.5	3
4783.5	5
4784.5	6
4785.5	0
4786.5	5
4787.5	1
4788.5	2
4789.5	1
4790.5	1
4791.5	3
4792.5	1
4793.5	3
4794.5	1
4795.5	2
4796.5	1
4797.5	2
4798.5	2
4799.5	4
4800.5	2
4801.5	2
4802.5	4
4803.5	3
4804.5	2
4805.5	0
4806.5	3
4807.5	0
4808.5	1
4809.5	0
4810.5	2
4811.5	2
4812.5	3
4813.5	1
4814.5	3
4815.5	0
4816.5	1
4817.5	2
4818.5	1
4819.5	2
4820.5	1
4821.5	3
4822.5	1
4823.5	0
4824.5	3
4825.5	1
4826.5	2
4827.5	3
4828.5	0
4829.5	1
4830.5	0
4831.5	7
4832.5	1
4833.5	2
4834.5	2
4835.5	1
4836.5	1
4837.5	5
4838.5	4
4839.5	2
4840.5	2
4841.5	3
4842.5	0
4843.5	2
4844.5	2
4845.5	3
4846.5	0
4847.5	3
4848.5	1
4849.5	2
4850.5	1
4851.5	0
4852.5	3
4853.5	1
4854.5	3
4855.5	0
4856.5	2
4857.5	3
4858.5	1
4859.5	2
4860.5	5
4861.5	1
4862.5	2
4863.5	3
4864.5	1
4865.5	4
4866.5	1
4867.5	2
4868.5	0
4869.5	1
4870.5	2
4871.5	3
4872.5	1
4873.5	1
4874.5	2
4875.5	5
4876.5	4
4877.5	1
4878.5	4
4879.5	1
4880.5	2
4881.5	1
4882.5	1
4883.5	0
4884.5	2
4885.5	2
4886.5	0
4887.5	2
4888.5	4
4889.5	2
4890.5	1
4891.5	3
4892.5	1
4893.5	1
4894.5	0
4895.5	4
4896.5	2
4897.5	1
4898.5	2
4899.5	0
4900.5	2
4901.5	2
4902.5	0
4903.5	1
4904.5	2
4905.5	4
4906.5	0
4907.5	1
4908.5	3
4909.5	4
4910.5	1
4911.5	2
4912.5	3
4913.5	2
4914.5	3
4915.5	0
4916.5	4
4917.5	2
4918.5	2
4919.5	1
4920.5	0
4921.5	2
4922.5	1
4923.5	1
4924.5	2
4925.5	0
4926.5	2
4927.5	3
4928.5	1
4929.5	0
4930.5	3
4931.5	0
4932.5	1
4933.5	3
4934.5	2
4935.5	1
4936.5	6
4937.5	1
4938.5	2
4939.5	2
4940.5	1
4941.5	1
4942.5	0
4943.5	2
4944.5	0
4945.5	3
4946.5	0
4947.5	3
4948.5	2
4949.5	1
4950.5	1
4951.5	2
4952.5	0
4953.5	2
4954.5	1
4955.5	4
4956.5	3
4957.5	2
4958.5	2
4959.5	4
4960.5	1
4961.5	4
4962.5	3
4963.5	3
4964.5	3
4965.5	4
4966.5	1
4967.5	3
4968.5	0
4969.5	3
4970.5	4
4971.5	6
4972.5	5
4973.5	0
4974.5	2
4975.5	4
4976.5	2
4977.5	1
4978.5	2
4979.5	5
4980.5	2
4981.5	1
4982.5	2
4983.5	2
4984.5	2
4985.5	2
4986.5	2
4987.5	1
4988.5	1
4989.5	1
4990.5	1
4991.5	5
4992.5	4
4993.5	3
4994.5	5
4995.5	1
4996.5	0
4997.5	2
4998.5	4
4999.5	3
5000.5	2
5001.5	3
5002.5	1
5003.5	2
5004.5	1
5005.5	0
5006.5	3
5007.5	2
5008.5	1
5009.5	2
5010.5	2
5011.5	1
5012.5	4
5013.5	1
5014.5	1
5015.5	1
5016.5	3
5017.5	3
5018.5	0
5019.5	1
5020.5	2
5021.5	1
5022.5	2
5023.5	4
5024.5	0
5025.5	1
5026.5	2
5027.5	5
5028.5	4
5029.5	2
5030.5	1
5031.5	3
5032.5	2
5033.5	2
5034.5	3
5035.5	5
5036.5	1
5037.5	0
5038.5	1
5039.5	3
5040.5	2
5041.5	1
5042.5	5
5043.5	3
5044.5	1
5045.5	1
5046.5	3
5047.5	2
5048.5	4
5049.5	2
5050.5	4
5051.5	2
5052.5	0
5053.5	3
5054.5	2
5055.5	1
5056.5	1
5057.5	2
5058.5	0
5059.5	2
5060.5	1
5061.5	3
5062.5	6
5063.5	1
5064.5	1
5065.5	2
5066.5	2
5067.5	1
5068.5	4
5069.5	4
5070.5	3
5071.5	0
5072.5	1
5073.5	1
5074.5	2
5075.5	2
5076.5	1
5077.5	2
5078.5	0
5079.5	1
5080.5	6
5081.5	1
5082.5	3
5083.5	3
5084.5	2
5085.5	1
5086.5	5
5087.5	2
5088.5	1
5089.5	4
5090.5	2
5091.5	3
5092.5	2
5093.5	0
5094.5	5
5095.5	0
5096.5	6
5097.5	3
5098.5	3
5099.5	3
5100.5	2
5101.5	2
5102.5	2
5103.5	4
5104.5	4
5105.5	2
5106.5	2
5107.5	4
5108.5	0
5109.5	1
5110.5	2
5111.5	7
5112.5	4
5113.5	1
5114.5	4
5115.5	3
5116.5	2
5117.5	3
5118.5	3
5119.5	4
5120.5	1
5121.5	0
5122.5	4
5123.5	1
5124.5	0
5125.5	4
5126.5	3
5127.5	1
5128.5	2
5129.5	0
5130.5	4
5131.5	2
5132.5	2
5133.5	2
5134.5	3
5135.5	2
5136.5	2
5137.5	2
5138.5	1
5139.5	2
5140.5	1
5141.5	0
5142.5	2
5143.5	1
5144.5	1
5145.5	2
5146.5	2
5147.5	2
5148.5	4
5149.5	2
5150.5	2
5151.5	1
5152.5	1
5153.5	4
5154.5	1
5155.5	1
5156.5	4
5157.5	2
5158.5	2
5159.5	0
5160.5	2
5161.5	0
5162.5	3
5163.5	3
5164.5	3
5165.5	2
5166.5	0
5167.5	2
5168.5	4
5169.5	1
5170.5	2
5171.5	2
5172.5	1
5173.5	1
5174.5	2
5175.5	1
5176.5	2
5177.5	2
5178.5	1
5179.5	3
5180.5	1
5181.5	2
5182.5	1
5183.5	4
5184.5	0
5185.5	0
5186.5	3
5187.5	4
5188.5	3
5189.5	0
5190.5	2
5191.5	2
5192.5	3
5193.5	0
5194.5	1
5195.5	3
5196.5	0
5197.5	4
5198.5	0
5199.5	0
5200.5	2
5201.5	3
5202.5	1
5203.5	1
5204.5	4
5205.5	3
5206.5	3
5207.5	0
5208.5	2
5209.5	2
5210.5	3
5211.5	1
5212.5	2
5213.5	4
5214.5	2
5215.5	6
5216.5	2
5217.5	3
5218.5	2
5219.5	6
5220.5	0
5221.5	2
5222.5	1
5223.5	1
5224.5	1
5225.5	2
5226.5	2
5227.5	3
5228.5	1
5229.5	4
5230.5	1
5231.5	3
5232.5	4
5233.5	1
5234.5	5
5235.5	2
5236.5	2
5237.5	2
5238.5	1
5239.5	1
5240.5	0
5241.5	2
5242.5	5
5243.5	1
5244.5	1
5245.5	0
5246.5	3
5247.5	1
5248.5	0
5249.5	1
5250.5	4
5251.5	5
5252.5	4
5253.5	0
5254.5	0
5255.5	1
5256.5	4
5257.5	4
5258.5	2
5259.5	4
5260.5	1
5261.5	2
5262.5	1
5263.5	4
5264.5	1
5265.5	0
5266.5	2
5267.5	4
5268.5	4
5269.5	0
5270.5	3
5271.5	2
5272.5	4
5273.5	1
5274.5	5
5275.5	1
5276.5	2
5277.5	1
5278.5	2
5279.5	2
5280.5	2
5281.5	5
5282.5	3
5283.5	4
5284.5	1
5285.5	2
5286.5	6
5287.5	3
5288.5	3
5289.5	4
5290.5	1
5291.5	2
5292.5	3
5293.5	6
5294.5	2
5295.5	0
5296.5	2
5297.5	2
5298.5	2
5299.5	3
5300.5	3
5301.5	2
5302.5	1
5303.5	2
5304.5	3
5305.5	1
5306.5	2
5307.5	3
5308.5	3
5309.5	2
5310.5	1
5311.5	0
5312.5	2
5313.5	3
5314.5	5
5315.5	5
5316.5	0
5317.5	5
5318.5	4
5319.5	3
5320.5	0
5321.5	4
5322.5	3
5323.5	2
5324.5	4
5325.5	5
5326.5	0
5327.5	2
5328.5	6
5329.5	1
5330.5	1
5331.5	1
5332.5	2
5333.5	6
5334.5	0
5335.5	0
5336.5	2
5337.5	1
5338.5	3
5339.5	0
5340.5	2
5341.5	3
5342.5	3
5343.5	2
5344.5	2
5345.5	1
5346.5	1
5347.5	1
5348.5	0
5349.5	2
5350.5	2
5351.5	2
5352.5	3
5353.5	1
5354.5	0
5355.5	1
5356.5	1
5357.5	2
5358.5	4
5359.5	2
5360.5	1
5361.5	1
5362.5	5
5363.5	3
5364.5	4
5365.5	1
5366.5	3
5367.5	2
5368.5	0
5369.5	3
5370.5	3
5371.5	2
5372.5	2
5373.5	3
5374.5	0
5375.5	1
5376.5	3
5377.5	1
5378.5	0
5379.5	0
5380.5	2
5381.5	5
5382.5	3
5383.5	1
5384.5	1
5385.5	1
5386.5	4
5387.5	3
5388.5	1
5389.5	3
5390.5	0
5391.5	3
5392.5	1
5393.5	4
5394.5	2
5395.5	2
5396.5	5
5397.5	4
5398.5	1
5399.5	2
5400.5	3
5401.5	1
5402.5	2
5403.5	1
5404.5	3
5405.5	3
5406.5	1
5407.5	2
5408.5	1
5409.5	3
5410.5	4
5411.5	0
5412.5	1
5413.5	3
5414.5	1
5415.5	1
5416.5	5
5417.5	4
5418.5	4
5419.5	1
5420.5	0
5421.5	1
5422.5	2
5423.5	1
5424.5	0
5425.5	4
5426.5	0
5427.5	1
5428.5	2
5429.5	2
5430.5	6
5431.5	5
5432.5	1
5433.5	2
5434.5	4
5435.5	2
5436.5	4
5437.5	1
5438.5	0
5439.5	2
5440.5	2
5441.5	1
5442.5	1
5443.5	2
5444.5	1
5445.5	2
5446.5	2
5447.5	1
5448.5	0
5449.5	3
5450.5	2
5451.5	6
5452.5	2
5453.5	2
5454.5	1
5455.5	2
5456.5	0
5457.5	4
5458.5	0
5459.5	3
5460.5	0
5461.5	3
5462.5	1
5463.5	2
5464.5	3
5465.5	2
5466.5	1
5467.5	1
5468.5	3
5469.5	2
5470.5	5
5471.5	1
5472.5	4
5473.5	3
5474.5	1
5475.5	2
5476.5	0
5477.5	1
5478.5	2
5479.5	1
5480.5	0
5481.5	2
5482.5	2
5483.5	1
5484.5	2
5485.5	2
5486.5	2
5487.5	2
5488.5	4
5489.5	2
5490.5	3
5491.5	2
5492.5	1
5493.5	2
5494.5	2
5495.5	1
5496.5	2
5497.5	4
5498.5	3
5499.5	1
5500.5	2
5501.5	1
5502.5	1
5503.5	1
5504.5	2
5505.5	1
5506.5	2
5507.5	1
5508.5	2
5509.5	1
5510.5	2
5511.5	1
5512.5	3
5513.5	1
5514.5	5
5515.5	3
5516.5	1
5517.5	3
5518.5	2
5519.5	1
5520.5	0
5521.5	2
5522.5	2
5523.5	1
5524.5	2
5525.5	3
5526.5	3
5527.5	1
5528.5	3
5529.5	1
5530.5	3
5531.5	3
5532.5	2
5533.5	2
5534.5	3
5535.5	1
5536.5	0
5537.5	3
5538.5	1
5539.5	3
5540.5	4
5541.5	1
5542.5	1
5543.5	0
5544.5	2
5545.5	2
5546.5	2
5547.5	0
5548.5	1
5549.5	0
5550.5	2
5551.5	1
5552.5	1
5553.5	3
5554.5	5
5555.5	1
5556.5	1
5557.5	1
5558.5	2
5559.5	4
5560.5	1
5561.5	2
5562.5	3
5563.5	0
5564.5	2
5565.5	1
5566.5	1
5567.5	6
5568.5	2
5569.5	3
5570.5	0
5571.5	0
5572.5	1
5573.5	0
5574.5	5
5575.5	4
5576.5	1
5577.5	3
5578.5	0
5579.5	0
5580.5	2
5581.5	4
5582.5	0
5583.5	2
5584.5	3
5585.5	2
5586.5	1
5587.5	1
5588.5	1
5589.5	0
5590.5	0
5591.5	2
5592.5	1
5593.5	3
5594.5	1
5595.5	4
5596.5	3
5597.5	5
5598.5	4
5599.5	2
5600.5	1
5601.5	1
5602.5	4
5603.5	1
5604.5	0
5605.5	2
5606.5	0
5607.5	5
5608.5	1
5609.5	2
5610.5	3
5611.5	1
5612.5	2
5613.5	3
5614.5	1
5615.5	2
5616.5	2
5617.5	1
5618.5	1
5619.5	1
5620.5	3
5621.5	1
5622.5	1
5623.5	1
5624.5	4
5625.5	1
5626.5	1
5627.5	1
5628.5	3
5629.5	1
5630.5	0
5631.5	3
5632.5	3
5633.5	2
5634.5	1
5635.5	2
5636.5	0
5637.5	4
5638.5	2
5639.5	2
5640.5	1
5641.5	2
5642.5	4
5643.5	1
5644.5	0
5645.5	3
5646.5	0
5647.5	1
5648.5	1
5649.5	2
5650.5	2
5651.5	2
5652.5	2
5653.5	1
5654.5	3
5655.5	1
5656.5	2
5657.5	1
5658.5	4
5659.5	1
5660.5	0
5661.5	3
5662.5	2
5663.5	3
5664.5	3
5665.5	1
5666.5	2
5667.5	2
5668.5	3
5669.5	4
5670.5	2
5671.5	1
5672.5	1
5673.5	1
5674.5	0
5675.5	4
5676.5	1
5677.5	1
5678.5	2
5679.5	2
5680.5	1
5681.5	1
5682.5	4
5683.5	1
5684.5	2
5685.5	2
5686.5	3
5687.5	0
5688.5	2
5689.5	3
5690.5	1
5691.5	0
5692.5	2
5693.5	1
5694.5	1
5695.5	2
5696.5	2
5697.5	3
5698.5	1
5699.5	1
5700.5	1
5701.5	2
5702.5	1
5703.5	0
5704.5	0
5705.5	2
5706.5	1
5707.5	1
5708.5	1
5709.5	1
5710.5	0
5711.5	3
5712.5	4
5713.5	3
5714.5	0
5715.5	2
5716.5	4
5717.5	2
5718.5	1
5719.5	3
5720.5	1
5721.5	3
5722.5	1
5723.5	2
5724.5	2
5725.5	3
5726.5	2
5727.5	0
5728.5	3
5729.5	1
5730.5	1
5731.5	0
5732.5	1
5733.5	0
5734.5	2
5735.5	0
5736.5	3
5737.5	2
5738.5	1
5739.5	0
5740.5	0
5741.5	1
5742.5	2
5743.5	0
5744.5	0
5745.5	4
5746.5	2
5747.5	1
5748.5	1
5749.5	3
5750.5	3
5751.5	2
5752.5	0
5753.5	1
5754.5	1
5755.5	0
5756.5	1
5757.5	2
5758.5	2
5759.5	2
5760.5	1
5761.5	1
5762.5	1
5763.5	1
5764.5	0
5765.5	0
5766.5	2
5767.5	3
5768.5	1
5769.5	0
5770.5	1
5771.5	2
5772.5	1
5773.5	3
5774.5	3
5775.5	3
5776.5	1
5777.5	0
5778.5	1
5779.5	2
5780.5	0
5781.5	0
5782.5	5
5783.5	0
5784.5	0
5785.5	2
5786.5	0
5787.5	1
5788.5	0
5789.5	0
5790.5	2
5791.5	1
5792.5	3
5793.5	1
5794.5	1
5795.5	0
5796.5	0
5797.5	0
5798.5	1
5799.5	2
5800.5	1
5801.5	0
5802.5	1
5803.5	1
5804.5	1
5805.5	3
5806.5	1
5807.5	0
5808.5	1
5809.5	0
5810.5	4
5811.5	2
5812.5	1
5813.5	1
5814.5	0
5815.5	2
5816.5	1
5817.5	2
5818.5	1
5819.5	1
5820.5	1
5821.5	2
5822.5	1
5823.5	0
5824.5	0
5825.5	1
5826.5	2
5827.5	0
5828.5	1
5829.5	2
5830.5	1
5831.5	2
5832.5	2
5833.5	0
5834.5	0
5835.5	2
5836.5	2
5837.5	0
5838.5	2
5839.5	2
5840.5	0
5841.5	0
5842.5	2
5843.5	1
5844.5	2
5845.5	1
5846.5	1
5847.5	2
5848.5	1
5849.5	1
5850.5	1
5851.5	0
5852.5	1
5853.5	2
5854.5	2
5855.5	0
5856.5	2
5857.5	0
5858.5	1
5859.5	1
5860.5	1
5861.5	1
5862.5	2
5863.5	1
5864.5	0
5865.5	2
5866.5	0
5867.5	2
5868.5	1
5869.5	1
5870.5	1
5871.5	1
5872.5	2
5873.5	0
5874.5	3
5875.5	0
5876.5	2
5877.5	1
5878.5	1
5879.5	1
5880.5	0
5881.5	0
5882.5	0
5883.5	1
5884.5	1
5885.5	0
5886.5	0
5887.5	1
5888.5	1
5889.5	1
5890.5	2
5891.5	2
5892.5	2
5893.5	1
5894.5	0
5895.5	1
5896.5	0
5897.5	1
5898.5	1
5899.5	1
5900.5	2
5901.5	0
5902.5	0
5903.5	1
5904.5	2
5905.5	2
5906.5	3
5907.5	2
5908.5	0
5909.5	3
5910.5	1
5911.5	1
5912.5	1
5913.5	0
5914.5	2
5915.5	4
5916.5	3
5917.5	2
5918.5	1
5919.5	0
5920.5	1
5921.5	1
5922.5	1
5923.5	2
5924.5	2
5925.5	0
5926.5	3
5927.5	0
5928.5	0
5929.5	0
5930.5	1
5931.5	2
5932.5	0
5933.5	1
5934.5	2
5935.5	3
5936.5	0
5937.5	1
5938.5	2
5939.5	0
5940.5	1
5941.5	0
5942.5	0
5943.5	0
5944.5	1
5945.5	1
5946.5	1
5947.5	0
5948.5	0
5949.5	1
5950.5	1
5951.5	2
5952.5	2
5953.5	1
5954.5	2
5955.5	1
5956.5	2
5957.5	2
5958.5	0
5959.5	0
5960.5	0
5961.5	0
5962.5	0
5963.5	0
5964.5	1
5965.5	0
5966.5	0
5967.5	0
5968.5	1
5969.5	1
5970.5	1
5971.5	2
5972.5	0
5973.5	1
5974.5	0
5975.5	0
5976.5	1
5977.5	1
5978.5	2
5979.5	0
5980.5	2
5981.5	0
5982.5	1
5983.5	0
5984.5	0
5985.5	1
5986.5	0
5987.5	0
5988.5	2
5989.5	0
5990.5	0
5991.5	1
5992.5	0
5993.5	1
5994.5	1
5995.5	0
5996.5	0
5997.5	2
5998.5	1
5999.5	1
6000.5	0
6001.5	0
6002.5	2
6003.5	3
6004.5	1
6005.5	0
6006.5	0
6007.5	0
6008.5	1
6009.5	1
6010.5	0
6011.5	0
6012.5	1
6013.5	0
6014.5	1
6015.5	1
6016.5	0
6017.5	0
6018.5	2
6019.5	0
6020.5	0
6021.5	0
6022.5	0
6023.5	0
6024.5	0
6025.5	0
6026.5	1
6027.5	0
6028.5	1
6029.5	0
6030.5	0
6031.5	1
6032.5	0
6033.5	1
6034.5	0
6035.5	0
6036.5	3
6037.5	0
6038.5	0
6039.5	0
6040.5	0
6041.5	2
6042.5	1
6043.5	0
6044.5	0
6045.5	1
6046.5	0
6047.5	0
6048.5	1
6049.5	0
6050.5	0
6051.5	0
6052.5	1
6053.5	0
6054.5	0
6055.5	0
6056.5	1
6057.5	0
6058.5	0
6059.5	0
6060.5	0
6061.5	1
6062.5	0
6063.5	0
6064.5	0
6065.5	0
6066.5	0
6067.5	0
6068.5	0
6069.5	0
6070.5	0
6071.5	0
6072.5	0
6073.5	0
6074.5	0
6075.5	0
6076.5	0
6077.5	0
6078.5	0
6079.5	0
6080.5	0
6081.5	0
6082.5	0
6083.5	0
6084.5	0
6085.5	1
6086.5	0
6087.5	0
6088.5	0
6089.5	0
6090.5	0
6091.5	0
6092.5	0
6093.5	0
6094.5	0
6095.5	0
6096.5	0
6097.5	0
6098.5	0
6099.5	0
6100.5	0
6101.5	0
6102.5	0
6103.5	0
6104.5	1
6105.5	0
6106.5	0
6107.5	0
6108.5	0
6109.5	0
6110.5	0
6111.5	0
6112.5	0
6113.5	0
6114.5	0
6115.5	0
6116.5	0
6117.5	0
6118.5	0
6119.5	0
6120.5	0
6121.5	0
6122.5	0
6123.5	0
6124.5	0
6125.5	0
6126.5	0
6127.5	0
6128.5	0
6129.5	0
6130.5	0
6131.5	0
6132.5	0
6133.5	0
6134.5	0
6135.5	0
6136.5	0
6137.5	0
6138.5	0
6139.5	0
6140.5	0
6141.5	0
6142.5	0
6143.5	0
6144.5	0
6145.5	0
6146.5	0
6147.5	0
6148.5	0
6149.5	0
6150.5	0
6151.5	0
6152.5	0
6153.5	0
6154.5	0
6155.5	0
6156.5	0
6157.5	0
6158.5	0
6159.5	0
6160.5	0
6161.5	0
6162.5	0
6163.5	0
6164.5	0
6165.5	0
6166.5	0
6167.5	1
6168.5	0
6169.5	0
6170.5	0
6171.5	0
6172.5	0
6173.5	0
6174.5	0
6175.5	0
6176.5	0
6177.5	0
6178.5	0
6179.5	0
6180.5	0
6181.5	0
6182.5	0
6183.5	0
6184.5	0
6185.5	0
6186.5	0
6187.5	0
6188.5	0
6189.5	0
6190.5	0
6191.5	0
6192.5	0
6193.5	0
6194.5	0
6195.5	0
6196.5	0
6197.5	0
6198.5	0
6199.5	0
6200.5	0
6201.5	0
6202.5	0
6203.5	0
6204.5	0
6205.5	0
6206.5	0
6207.5	0
6208.5	0
6209.5	0
6210.5	0
6211.5	0
6212.5	0
6213.5	0
6214.5	0
6215.5	0
6216.5	0
6217.5	0
6218.5	0
6219.5	0
6220.5	0
6221.5	0
6222.5	0
6223.5	0
6224.5	0
6225.5	0
6226.5	0
6227.5	0
6228.5	0
6229.5	0
6230.5	0
6231.5	0
6232.5	0
6233.5	0
6234.5	0
6235.5	0
6236.5	0
6237.5	0
6238.5	0
6239.5	0
6240.5	0
6241.5	0
6242.5	0
6243.5	0
6244.5	0
6245.5	0
6246.5	0
6247.5	0
6248.5	0
6249.5	0
6250.5	0
6251.5	0
6252.5	0
6253.5	0
6254.5	0
6255.5	0
6256.5	0
6257.5	0
6258.5	0
6259.5	0
6260.5	0
6261.5	0
6262.5	0
6263.5	0
6264.5	0
6265.5	0
6266.5	0
6267.5	0
6268.5	0
6269.5	0
6270.5	0
6271.5	0
6272.5	0
6273.5	0
6274.5	0
6275.5	0
6276.5	0
6277.5	0
6278.5	0
6279.5	0
6280.5	0
6281.5	0
6282.5	0
6283.5	0
6284.5	0
6285.5	0
6286.5	0
6287.5	0
6288.5	0
6289.5	0
6290.5	0
6291.5	0
6292.5	0
6293.5	0
6294.5	0
6295.5	0
6296.5	0
6297.5	0
6298.5	0
6299.5	0
6300.5	0
6301.5	0
6302.5	0
6303.5	0
6304.5	0
6305.5	0
6306.5	0
6307.5	0
6308.5	0
6309.5	0
6310.5	0
6311.5	0
6312.5	0
6313.5	0
6314.5	0
6315.5	0
6316.5	0
6317.5	0
6318.5	0
6319.5	0
6320.5	0
6321.5	0
6322.5	0
6323.5	0
6324.5	0
6325.5	0
6326.5	0
6327.5	0
6328.5	0
6329.5	0
6330.5	0
6331.5	0
6332.5	0
6333.5	0
6334.5	0
6335.5	0
6336.5	0
6337.5	0
6338.5	0
6339.5	0
6340.5	0
6341.5	0
6342.5	0
6343.5	0
6344.5	0
6345.5	0
6346.5	0
6347.5	0
6348.5	0
6349.5	0
6350.5	0
6351.5	0
6352.5	0
6353.5	0
6354.5	0
6355.5	0
6356.5	0
6357.5	0
6358.5	0
6359.5	0
6360.5	0
6361.5	0
6362.5	0
6363.5	0
6364.5	0
6365.5	0
6366.5	0
6367.5	0
6368.5	0
6369.5	0
6370.5	0
6371.5	0
6372.5	0
6373.5	0
6374.5	0
6375.5	0
6376.5	0
6377.5	0
6378.5	0
6379.5	0
6380.5	0
6381.5	0
6382.5	0
6383.5	0
6384.5	0
6385.5	0
6386.5	0
6387.5	0
6388.5	0
6389.5	0
6390.5	0
6391.5	0
6392.5	0
6393.5	0
6394.5	0
6395.5	0
6396.5	0
6397.5	0
6398.5	0
6399.5	0
6400.5	0
6401.5	0
6402.5	0
6403.5	0
6404.5	0
6405.5	0
6406.5	0
6407.5	0
6408.5	0
6409.5	0
6410.5	0
6411.5	0
6412.5	0
6413.5	0
6414.5	0
6415.5	0
6416.5	0
6417.5	0
6418.5	0
6419.5	0
6420.5	0
6421.5	0
6422.5	0
6423.5	0
6424.5	0
6425.5	0
6426.5	0
6427.5	0
6428.5	0
6429.5	0
6430.5	0
6431.5	0
6432.5	0
6433.5	0
6434.5	0
6435.5	0
6436.5	0
6437.5	0
6438.5	0
6439.5	0
6440.5	0
6441.5	0
6442.5	0
6443.5	0
6444.5	0
6445.5	0
6446.5	0
6447.5	0
6448.5	0
6449.5	0
6450.5	0
6451.5	0
6452.5	0
6453.5	0
6454.5	0
6455.5	0
6456.5	0
6457.5	0
6458.5	0
6459.5	0
6460.5	0
6461.5	0
6462.5	0
6463.5	0
6464.5	0
6465.5	0
6466.5	0
6467.5	0
6468.5	0
6469.5	0
6470.5	0
6471.5	0
6472.5	0
6473.5	0
6474.5	0
6475.5	0
6476.5	0
6477.5	0
6478.5	0
6479.5	0
6480.5	0
6481.5	0
6482.5	0
6483.5	0
6484.5	0
6485.5	0
6486.5	0
6487.5	0
6488.5	0
6489.5	0
6490.5	0
6491.5	0
6492.5	0
6493.5	0
6494.5	0
6495.5	0
6496.5	0
6497.5	0
6498.5	0
6499.5	0
6500.5	0
6501.5	0
6502.5	0
6503.5	0
6504.5	0
6505.5	0
6506.5	0
6507.5	0
6508.5	0
6509.5	0
6510.5	0
6511.5	0
6512.5	0
6513.5	0
6514.5	0
6515.5	0
6516.5	0
6517.5	0
6518.5	0
6519.5	0
6520.5	0
6521.5	0
6522.5	0
6523.5	0
6524.5	0
6525.5	0
6526.5	0
6527.5	0
6528.5	0
6529.5	0
6530.5	0
6531.5	0
6532.5	0
6533.5	0
6534.5	0
6535.5	0
6536.5	0
6537.5	0
6538.5	0
6539.5	0
6540.5	0
6541.5	0
6542.5	0
6543.5	0
6544.5	0
6545.5	0
6546.5	0
6547.5	0
6548.5	0
6549.5	0
6550.5	0
6551.5	0
6552.5	0
6553.5	0
6554.5	0
6555.5	0
6556.5	0
6557.5	0
6558.5	0
6559.5	0
6560.5	0
6561.5	0
6562.5	0
6563.5	0
6564.5	0
6565.5	0
6566.5	0
6567.5	0
6568.5	0
6569.5	0
6570.5	0
6571.5	0
6572.5	0
6573.5	0
6574.5	0
6575.5	0
6576.5	0
6577.5	0
6578.5	0
6579.5	0
6580.5	0
6581.5	0
6582.5	0
6583.5	0
6584.5	0
6585.5	0
6586.5	0
6587.5	0
6588.5	0
6589.5	0
6590.5	0
6591.5	0
6592.5	0
6593.5	0
6594.5	0
6595.5	0
6596.5	0
6597.5	0
6598.5	0
6599.5	0
6600.5	0
6601.5	0
6602.5	0
6603.5	0
6604.5	0
6605.5	0
6606.5	0
6607.5	0
6608.5	0
6609.5	0
6610.5	0
6611.5	0
6612.5	0
6613.5	0
6614.5	0
6615.5	0
6616.5	0
6617.5	0
6618.5	0
6619.5	0
6620.5	0
6621.5	0
6622.5	0
6623.5	0
6624.5	0
6625.5	0
6626.5	0
6627.5	0
6628.5	0
6629.5	0
6630.5	0
6631.5	0
6632.5	0
6633.5	0
6634.5	0
6635.5	0
6636.5	0
6637.5	0
6638.5	0
6639.5	0
6640.5	0
6641.5	0
6642.5	0
6643.5	0
6644.5	0
6645.5	0
6646.5	0
6647.5	0
6648.5	0
6649.5	0
6650.5	0
6651.5	0
6652.5	0
6653.5	0
6654.5	0
6655.5	0
6656.5	0
6657.5	0
6658.5	0
6659.5	0
6660.5	0
6661.5	0
6662.5	0
6663.5	0
6664.5	0
6665.5	0
6666.5	0
6667.5	0
6668.5	0
6669.5	0
6670.5	0
6671.5	0
6672.5	0
6673.5	0
6674.5	0
6675.5	0
6676.5	0
6677.5	0
6678.5	0
6679.5	0
6680.5	0
6681.5	0
6682.5	0
6683.5	0
6684.5	0
6685.5	0
6686.5	0
6687.5	0
6688.5	0
6689.5	0
6690.5	0
6691.5	0
6692.5	0
6693.5	0
6694.5	0
6695.5	0
6696.5	0
6697.5	0
6698.5	0
6699.5	0
6700.5	0
6701.5	0
6702.5	0
6703.5	0
6704.5	0
6705.5	0
6706.5	0
6707.5	0
6708.5	0
6709.5	0
6710.5	0
6711.5	0
6712.5	0
6713.5	0
6714.5	0
6715.5	0
6716.5	0
6717.5	0
6718.5	0
6719.5	0
6720.5	0
6721.5	0
6722.5	0
6723.5	0
6724.5	0
6725.5	0
6726.5	0
6727.5	0
6728.5	0
6729.5	0
6730.5	0
6731.5	0
6732.5	0
6733.5	0
6734.5	0
6735.5	0
6736.5	0
6737.5	0
6738.5	0
6739.5	0
6740.5	0
6741.5	0
6742.5	0
6743.5	0
6744.5	0
6745.5	0
6746.5	0
6747.5	0
6748.5	0
6749.5	0
6750.5	0
6751.5	0
6752.5	0
6753.5	0
6754.5	0
6755.5	0
6756.5	0
6757.5	0
6758.5	0
6759.5	0
6760.5	0
6761.5	0
6762.5	0
6763.5	0
6764.5	0
6765.5	0
6766.5	0
6767.5	0
6768.5	0
6769.5	0
6770.5	0
6771.5	0
6772.5	0
6773.5	0
6774.5	0
6775.5	0
6776.5	0
6777.5	0
6778.5	0
6779.5	0
6780.5	0
6781.5	0
6782.5	0
6783.5	0
6784.5	0
6785.5	0
6786.5	0
6787.5	0
6788.5	0
6789.5	0
6790.5	0
6791.5	0
6792.5	0
6793.5	0
6794.5	0
6795.5	0
6796.5	0
6797.5	0
6798.5	0
6799.5	0
6800.5	0
6801.5	0
6802.5	0
6803.5	0
6804.5	0
6805.5	0
6806.5	0
6807.5	0
6808.5	0
6809.5	0
6810.5	0
6811.5	0
6812.5	0
6813.5	0
6814.5	0
6815.5	0
6816.5	0
6817.5	0
6818.5	0
6819.5	0
6820.5	0
6821.5	0
6822.5	0
6823.5	0
6824.5	0
6825.5	0
6826.5	0
6827.5	0
6828.5	0
6829.5	0
6830.5	0
6831.5	0
6832.5	0
6833.5	0
6834.5	0
6835.5	0
6836.5	0
6837.5	0
6838.5	0
6839.5	0
6840.5	0
6841.5	0
6842.5	0
6843.5	0
6844.5	0
6845.5	0
6846.5	0
6847.5	0
6848.5	0
6849.5	0
6850.5	0
6851.5	0
6852.5	0
6853.5	0
6854.5	0
6855.5	0
6856.5	0
6857.5	0
6858.5	0
6859.5	0
6860.5	0
6861.5	0
6862.5	0
6863.5	0
6864.5	0
6865.5	0
6866.5	0
6867.5	0
6868.5	0
6869.5	0
6870.5	0
6871.5	0
6872.5	0
6873.5	0
6874.5	0
6875.5	0
6876.5	0
6877.5	0
6878.5	0
6879.5	0
6880.5	0
6881.5	0
6882.5	0
6883.5	0
6884.5	0
6885.5	0
6886.5	0
6887.5	0
6888.5	0
6889.5	0
6890.5	0
6891.5	0
6892.5	0
6893.5	0
6894.5	0
6895.5	0
6896.5	0
6897.5	0
6898.5	0
6899.5	0
6900.5	0
6901.5	0
6902.5	0
6903.5	0
6904.5	0
6905.5	0
6906.5	0
6907.5	0
6908.5	0
6909.5	0
6910.5	0
6911.5	0
6912.5	0
6913.5	0
6914.5	0
6915.5	0
6916.5	0
6917.5	0
6918.5	0
6919.5	0
6920.5	0
6921.5	0
6922.5	0
6923.5	0
6924.5	0
6925.5	0
6926.5	0
6927.5	0
6928.5	0
6929.5	0
6930.5	0
6931.5	0
6932.5	0
6933.5	0
6934.5	0
6935.5	0
6936.5	0
6937.5	0
6938.5	0
6939.5	0
6940.5	0
6941.5	0
6942.5	0
6943.5	0
6944.5	0
6945.5	0
6946.5	0
6947.5	0
6948.5	0
6949.5	0
6950.5	0
6951.5	0
6952.5	0
6953.5	0
6954.5	0
6955.5	0
6956.5	0
6957.5	0
6958.5	0
6959.5	0
6960.5	0
6961.5	0
6962.5	0
6963.5	0
6964.5	0
6965.5	0
6966.5	0
6967.5	0
6968.5	0
6969.5	0
6970.5	0
6971.5	0
6972.5	0
6973.5	0
6974.5	0
6975.5	0
6976.5	0
6977.5	0
6978.5	0
6979.5	0
6980.5	0
6981.5	0
6982.5	0
6983.5	0
6984.5	0
6985.5	0
6986.5	0
6987.5	0
6988.5	0
6989.5	0
6990.5	0
6991.5	0
6992.5	0
6993.5	0
6994.5	0
6995.5	0
6996.5	0
6997.5	0
6998.5	0
6999.5	0
7000.5	0
7001.5	0
7002.5	0
7003.5	0
7004.5	0
7005.5	0
7006.5	0
7007.5	0
7008.5	0
7009.5	0
7010.5	0
7011.5	0
7012.5	0
7013.5	0
7014.5	0
7015.5	0
7016.5	0
7017.5	0
7018.5	0
7019.5	0
7020.5	0
7021.5	0
7022.5	0
7023.5	0
7024.5	0
7025.5	0
7026.5	0
7027.5	0
7028.5	0
7029.5	0
7030.5	0
7031.5	0
7032.5	0
7033.5	0
7034.5	0
7035.5	0
7036.5	0
7037.5	0
7038.5	0
7039.5	0
7040.5	0
7041.5	0
7042.5	0
7043.5	0
7044.5	0
7045.5	0
7046.5	0
7047.5	0
7048.5	0
7049.5	0
7050.5	0
7051.5	0
7052.5	0
7053.5	0
7054.5	0
7055.5	0
7056.5	0
7057.5	0
7058.5	0
7059.5	0
7060.5	0
7061.5	0
7062.5	0
7063.5	0
7064.5	0
7065.5	0
7066.5	0
7067.5	0
7068.5	0
7069.5	0
7070.5	0
7071.5	0
7072.5	0
7073.5	0
7074.5	0
7075.5	0
7076.5	0
7077.5	0
7078.5	0
7079.5	0
7080.5	0
7081.5	0
7082.5	0
7083.5	0
7084.5	0
7085.5	0
7086.5	0
7087.5	0
7088.5	0
7089.5	0
7090.5	0
7091.5	0
7092.5	0
7093.5	0
7094.5	0
7095.5	0
7096.5	0
7097.5	0
7098.5	0
7099.5	0
7100.5	0
7101.5	0
7102.5	0
7103.5	0
7104.5	0
7105.5	0
7106.5	0
7107.5	0
7108.5	0
7109.5	0
7110.5	0
7111.5	0
7112.5	0
7113.5	0
7114.5	0
7115.5	0
7116.5	0
7117.5	0
7118.5	0
7119.5	0
7120.5	0
7121.5	0
7122.5	0
7123.5	0
7124.5	0
7125.5	0
7126.5	0
7127.5	0
7128.5	0
7129.5	0
7130.5	0
7131.5	0
7132.5	0
7133.5	0
7134.5	0
7135.5	0
7136.5	0
7137.5	0
7138.5	0
7139.5	0
7140.5	0
7141.5	0
7142.5	0
7143.5	0
7144.5	0
7145.5	0
7146.5	0
7147.5	0
7148.5	0
7149.5	0
7150.5	0
7151.5	0
7152.5	0
7153.5	0
7154.5	0
7155.5	0
7156.5	0
7157.5	0
7158.5	0
7159.5	0
7160.5	0
7161.5	0
7162.5	0
7163.5	0
7164.5	0
7165.5	0
7166.5	0
7167.5	0
7168.5	0
7169.5	0
7170.5	0
7171.5	0
7172.5	0
7173.5	0
7174.5	0
7175.5	0
7176.5	0
7177.5	0
7178.5	0
7179.5	0
7180.5	0
7181.5	0
7182.5	0
7183.5	0
7184.5	0
7185.5	0
7186.5	0
7187.5	0
7188.5	0
7189.5	0
7190.5	0
7191.5	0
7192.5	0
7193.5	0
7194.5	0
7195.5	0
7196.5	0
7197.5	0
7198.5	0
7199.5	0
7200.5	0
7201.5	0
7202.5	0
7203.5	0
7204.5	0
7205.5	0
7206.5	0
7207.5	0
7208.5	0
7209.5	0
7210.5	0
7211.5	0
7212.5	0
7213.5	0
7214.5	0
7215.5	0
7216.5	0
7217.5	0
7218.5	0
7219.5	0
7220.5	0
7221.5	0
7222.5	0
7223.5	0
7224.5	0
7225.5	0
7226.5	0
7227.5	0
7228.5	0
7229.5	0
7230.5	0
7231.5	0
7232.5	0
7233.5	0
7234.5	0
7235.5	0
7236.5	0
7237.5	0
7238.5	0
7239.5	0
7240.5	0
7241.5	0
7242.5	0
7243.5	0
7244.5	0
7245.5	0
7246.5	0
7247.5	0
7248.5	0
7249.5	0
7250.5	0
7251.5	0
7252.5	0
7253.5	0
7254.5	0
7255.5	0
7256.5	0
7257.5	0
7258.5	0
7259.5	0
7260.5	0
7261.5	0
7262.5	0
7263.5	0
7264.5	0
7265.5	0
7266.5	0
7267.5	0
7268.5	0
7269.5	0
7270.5	0
7271.5	0
7272.5	0
7273.5	0
7274.5	0
7275.5	0
7276.5	0
7277.5	0
7278.5	0
7279.5	0
7280.5	0
7281.5	0
7282.5	0
7283.5	0
7284.5	0
7285.5	0
7286.5	0
7287.5	0
7288.5	0
7289.5	0
7290.5	0
7291.5	0
7292.5	0
7293.5	0
7294.5	0
7295.5	0
7296.5	0
7297.5	0
7298.5	0
7299.5	0
7300.5	0
7301.5	0
7302.5	0
7303.5	0
7304.5	0
7305.5	0
7306.5	0
7307.5	0
7308.5	0
7309.5	0
7310.5	0
7311.5	0
7312.5	0
7313.5	0
7314.5	0
7315.5	0
7316.5	0
7317.5	0
7318.5	0
7319.5	0
7320.5	0
7321.5	0
7322.5	0
7323.5	0
7324.5	0
7325.5	0
7326.5	0
7327.5	0
7328.5	0
7329.5	0
7330.5	0
7331.5	0
7332.5	0
7333.5	0
7334.5	0
7335.5	0
7336.5	0
7337.5	0
7338.5	0
7339.5	0
7340.5	0
7341.5	0
7342.5	0
7343.5	0
7344.5	0
7345.5	0
7346.5	0
7347.5	0
7348.5	0
7349.5	0
7350.5	0
7351.5	0
7352.5	0
7353.5	0
7354.5	0
7355.5	0
7356.5	0
7357.5	0
7358.5	0
7359.5	0
7360.5	0
7361.5	0
7362.5	0
7363.5	0
7364.5	0
7365.5	0
7366.5	0
7367.5	0
7368.5	0
7369.5	0
7370.5	0
7371.5	0
7372.5	0
7373.5	0
7374.5	0
7375.5	0
7376.5	0
7377.5	0
7378.5	0
7379.5	0
7380.5	0
7381.5	0
7382.5	0
7383.5	0
7384.5	0
7385.5	0
7386.5	0
7387.5	0
7388.5	0
7389.5	0
7390.5	0
7391.5	0
7392.5	0
7393.5	0
7394.5	0
7395.5	0
7396.5	0
7397.5	0
7398.5	0
7399.5	0
7400.5	0
7401.5	0
7402.5	0
7403.5	0
7404.5	0
7405.5	0
7406.5	0
7407.5	0
7408.5	0
7409.5	0
7410.5	0
7411.5	0
7412.5	0
7413.5	0
7414.5	0
7415.5	0
7416.5	0
7417.5	0
7418.5	0
7419.5	0
7420.5	0
7421.5	0
7422.5	0
7423.5	0
7424.5	0
7425.5	0
7426.5	0
7427.5	0
7428.5	0
7429.5	0
7430.5	0
7431.5	0
7432.5	0
7433.5	0
7434.5	0
7435.5	0
7436.5	0
7437.5	0
7438.5	0
7439.5	0
7440.5	0
7441.5	0
7442.5	0
7443.5	0
7444.5	0
7445.5	0
7446.5	0
7447.5	0
7448.5	0
7449.5	0
7450.5	0
7451.5	0
7452.5	0
7453.5	0
7454.5	0
7455.5	0
7456.5	0
7457.5	0
7458.5	0
7459.5	0
7460.5	0
7461.5	0
7462.5	0
7463.5	0
7464.5	0
7465.5	0
7466.5	0
7467.5	0
7468.5	0
7469.5	0
7470.5	0
7471.5	0
7472.5	0
7473.5	0
7474.5	0
7475.5	0
7476.5	0
7477.5	0
7478.5	0
7479.5	0
7480.5	0
7481.5	0
7482.5	0
7483.5	0
7484.5	0
7485.5	0
7486.5	0
7487.5	0
7488.5	0
7489.5	0
7490.5	0
7491.5	0
7492.5	0
7493.5	0
7494.5	0
7495.5	0
7496.5	0
7497.5	0
7498.5	0
7499.5	0
7500.5	0
7501.5	0
7502.5	0
7503.5	0
7504.5	0
7505.5	0
7506.5	0
7507.5	0
7508.5	0
7509.5	0
7510.5	0
7511.5	0
7512.5	0
7513.5	0
7514.5	0
7515.5	0
7516.5	0
7517.5	0
7518.5	0
7519.5	0
7520.5	0
7521.5	0
7522.5	0
7523.5	0
7524.5	0
7525.5	0
7526.5	0
7527.5	0
7528.5	0
7529.5	0
7530.5	0
7531.5	0
7532.5	0
7533.5	0
7534.5	0
7535.5	0
7536.5	0
7537.5	0
7538.5	0
7539.5	0
7540.5	0
7541.5	0
7542.5	0
7543.5	0
7544.5	0
7545.5	0
7546.5	0
7547.5	0
7548.5	0
7549.5	0
7550.5	0
7551.5	0
7552.5	0
7553.5	0
7554.5	0
7555.5	0
7556.5	0
7557.5	0
7558.5	0
7559.5	0
7560.5	0
7561.5	0
7562.5	0
7563.5	0
7564.5	0
7565.5	0
7566.5	0
7567.5	0
7568.5	0
7569.5	0
7570.5	0
7571.5	0
7572.5	0
7573.5	0
7574.5	0
7575.5	0
7576.5	0
7577.5	0
7578.5	0
7579.5	0
7580.5	0
7581.5	0
7582.5	0
7583.5	0
7584.5	0
7585.5	0
7586.5	0
7587.5	0
7588.5	0
7589.5	0
7590.5	0
7591.5	0
7592.5	0
7593.5	0
7594.5	0
7595.5	0
7596.5	0
7597.5	0
7598.5	0
7599.5	0
7600.5	0
7601.5	0
7602.5	0
7603.5	0
7604.5	0
7605.5	0
7606.5	0
7607.5	0
7608.5	0
7609.5	0
7610.5	0
7611.5	0
7612.5	0
7613.5	0
7614.5	0
7615.5	0
7616.5	0
7617.5	0
7618.5	0
7619.5	0
7620.5	0
7621.5	0
7622.5	0
7623.5	0
7624.5	0
7625.5	0
7626.5	0
7627.5	0
7628.5	0
7629.5	0
7630.5	0
7631.5	0
7632.5	0
7633.5	0
7634.5	0
7635.5	0
7636.5	0
7637.5	0
7638.5	0
7639.5	0
7640.5	0
7641.5	0
7642.5	0
7643.5	0
7644.5	0
7645.5	0
7646.5	0
7647.5	0
7648.5	0
7649.5	0
7650.5	0
7651.5	0
7652.5	0
7653.5	0
7654.5	0
7655.5	0
7656.5	0
7657.5	0
7658.5	0
7659.5	0
7660.5	0
7661.5	0
7662.5	0
7663.5	0
7664.5	0
7665.5	0
7666.5	0
7667.5	0
7668.5	0
7669.5	0
7670.5	0
7671.5	0
7672.5	0
7673.5	0
7674.5	0
7675.5	0
7676.5	0
7677.5	0
7678.5	0
7679.5	0
7680.5	0
7681.5	0
7682.5	0
7683.5	0
7684.5	0
7685.5	0
7686.5	0
7687.5	0
7688.5	0
7689.5	0
7690.5	0
7691.5	0
7692.5	0
7693.5	0
7694.5	0
7695.5	0
7696.5	0
7697.5	0
7698.5	0
7699.5	0
7700.5	0
7701.5	0
7702.5	0
7703.5	0
7704.5	0
7705.5	0
7706.5	0
7707.5	0
7708.5	0
7709.5	0
7710.5	0
7711.5	0
7712.5	0
7713.5	0
7714.5	0
7715.5	0
7716.5	0
7717.5	0
7718.5	0
7719.5	0
7720.5	0
7721.5	0
7722.5	0
7723.5	0
7724.5	0
7725.5	0
7726.5	0
7727.5	0
7728.5	0
7729.5	0
7730.5	0
7731.5	0
7732.5	0
7733.5	0
7734.5	0
7735.5	0
7736.5	0
7737.5	0
7738.5	0
7739.5	0
7740.5	0
7741.5	0
7742.5	0
7743.5	0
7744.5	0
7745.5	0
7746.5	0
7747.5	0
7748.5	0
7749.5	0
7750.5	0
7751.5	0
7752.5	0
7753.5	0
7754.5	0
7755.5	0
7756.5	0
7757.5	0
7758.5	0
7759.5	0
7760.5	0
7761.5	0
7762.5	0
7763.5	0
7764.5	0
7765.5	0
7766.5	0
7767.5	0
7768.5	0
7769.5	0
7770.5	0
7771.5	0
7772.5	0
7773.5	0
7774.5	0
7775.5	0
7776.5	0
7777.5	0
7778.5	0
7779.5	0
7780.5	0
7781.5	0
7782.5	0
7783.5	0
7784.5	0
7785.5	0
7786.5	0
7787.5	0
7788.5	0
7789.5	0
7790.5	0
7791.5	0
7792.5	0
7793.5	0
7794.5	0
7795.5	0
7796.5	0
7797.5	0
7798.5	0
7799.5	0
7800.5	0
7801.5	0
7802.5	0
7803.5	0
7804.5	0
7805.5	0
7806.5	0
7807.5	0
7808.5	0
7809.5	0
7810.5	0
7811.5	0
7812.5	0
7813.5	0
7814.5	0
7815.5	0
7816.5	0
7817.5	0
7818.5	0
7819.5	0
7820.5	0
7821.5	0
7822.5	0
7823.5	0
7824.5	0
7825.5	0
7826.5	0
7827.5	0
7828.5	0
7829.5	0
7830.5	0
7831.5	0
7832.5	0
7833.5	0
7834.5	0
7835.5	0
7836.5	0
7837.5	0
7838.5	0
7839.5	0
7840.5	0
7841.5	0
7842.5	0
7843.5	0
7844.5	0
7845.5	0
7846.5	0
7847.5	0
7848.5	0
7849.5	0
7850.5	0
7851.5	0
7852.5	0
7853.5	0
7854.5	0
7855.5	0
7856.5	0
7857.5	0
7858.5	0
7859.5	0
7860.5	0
7861.5	0
7862.5	0
7863.5	0
7864.5	0
7865.5	0
7866.5	0
7867.5	0
7868.5	0
7869.5	0
7870.5	0
7871.5	0
7872.5	0
7873.5	0
7874.5	0
7875.5	0
7876.5	0
7877.5	0
7878.5	0
7879.5	0
7880.5	0
7881.5	0
7882.5	0
7883.5	0
7884.5	0
7885.5	0
7886.5	0
7887.5	0
7888.5	0
7889.5	0
7890.5	0
7891.5	0
7892.5	0
7893.5	0
7894.5	0
7895.5	0
7896.5	0
7897.5	0
7898.5	0
7899.5	0
7900.5	0
7901.5	0
7902.5	0
7903.5	0
7904.5	0
7905.5	0
7906.5	0
7907.5	0
7908.5	0
7909.5	0
7910.5	0
7911.5	0
7912.5	0
7913.5	0
7914.5	0
7915.5	0
7916.5	0
7917.5	0
7918.5	0
7919.5	0
7920.5	0
7921.5	0
7922.5	0
7923.5	0
7924.5	0
7925.5	0
7926.5	0
7927.5	0
7928.5	0
7929.5	0
7930.5	0
7931.5	0
7932.5	0
7933.5	0
7934.5	0
7935.5	0
7936.5	0
7937.5	0
7938.5	0
7939.5	0
7940.5	0
7941.5	0
7942.5	0
7943.5	0
7944.5	0
7945.5	0
7946.5	0
7947.5	0
7948.5	0
7949.5	0
7950.5	0
7951.5	0
7952.5	0
7953.5	0
7954.5	0
7955.5	0
7956.5	0
7957.5	0
7958.5	0
7959.5	0
7960.5	0
7961.5	0
7962.5	0
7963.5	0
7964.5	0
7965.5	0
7966.5	0
7967.5	0
7968.5	0
7969.5	0
7970.5	0
7971.5	0
7972.5	0
7973.5	0
7974.5	0
7975.5	0
7976.5	0
7977.5	0
7978.5	0
7979.5	0
7980.5	0
7981.5	0
7982.5	0
7983.5	0
7984.5	0
7985.5	0
7986.5	0
7987.5	0
7988.5	0
7989.5	0
7990.5	0
7991.5	0
7992.5	0
7993.5	0
7994.5	0
7995.5	0
7996.5	0
7997.5	0
7998.5	0
7999.5	0
8000.5	0
8001.5	0
8002.5	0
8003.5	0
8004.5	0
8005.5	0
8006.5	0
8007.5	0
8008.5	0
8009.5	0
8010.5	0
8011.5	0
8012.5	0
8013.5	0
8014.5	0
8015.5	0
8016.5	0
8017.5	0
8018.5	0
8019.5	0
8020.5	0
8021.5	0
8022.5	0
8023.5	0
8024.5	0
8025.5	0
8026.5	0
8027.5	0
8028.5	0
8029.5	0
8030.5	0
8031.5	0
8032.5	0
8033.5	0
8034.5	0
8035.5	0
8036.5	0
8037.5	0
8038.5	0
8039.5	0
8040.5	0
8041.5	0
8042.5	0
8043.5	0
8044.5	0
8045.5	0
8046.5	0
8047.5	0
8048.5	0
8049.5	0
8050.5	0
8051.5	0
8052.5	0
8053.5	0
8054.5	0
8055.5	0
8056.5	0
8057.5	0
8058.5	0
8059.5	0
8060.5	0
8061.5	0
8062.5	0
8063.5	0
8064.5	0
8065.5	0
8066.5	0
8067.5	0
8068.5	0
8069.5	0
8070.5	0
8071.5	0
8072.5	0
8073.5	0
8074.5	0
8075.5	0
8076.5	0
8077.5	0
8078.5	0
8079.5	0
8080.5	0
8081.5	0
8082.5	0
8083.5	0
8084.5	0
8085.5	0
8086.5	0
8087.5	0
8088.5	0
8089.5	0
8090.5	0
8091.5	0
8092.5	0
8093.5	0
8094.5	0
8095.5	0
8096.5	0
8097.5	0
8098.5	0
8099.5	0
8100.5	0
8101.5	0
8102.5	0
8103.5	0
8104.5	0
8105.5	0
8106.5	0
8107.5	0
8108.5	0
8109.5	0
8110.5	0
8111.5	0
8112.5	0
8113.5	0
8114.5	0
8115.5	0
8116.5	0
8117.5	0
8118.5	0
8119.5	0
8120.5	0
8121.5	0
8122.5	0
8123.5	0
8124.5	0
8125.5	0
8126.5	0
8127.5	0
8128.5	0
8129.5	0
8130.5	0
8131.5	0
8132.5	0
8133.5	0
8134.5	0
8135.5	0
8136.5	0
8137.5	0
8138.5	0
8139.5	0
8140.5	0
8141.5	0
8142.5	0
8143.5	0
8144.5	0
8145.5	0
8146.5	0
8147.5	0
8148.5	0
8149.5	0
8150.5	0
8151.5	0
8152.5	0
8153.5	0
8154.5	0
8155.5	0
8156.5	0
8157.5	0
8158.5	0
8159.5	0
8160.5	0
8161.5	0
8162.5	0
8163.5	0
8164.5	0
8165.5	0
8166.5	0
8167.5	0
8168.5	0
8169.5	0
8170.5	0
8171.5	0
8172.5	0
8173.5	0
8174.5	0
8175.5	0
8176.5	0
8177.5	0
8178.5	0
8179.5	0
8180.5	0
8181.5	0
8182.5	0
8183.5	0
8184.5	0
8185.5	0
8186.5	0
8187.5	0
8188.5	0
8189.5	0
8190.5	0
8191.5	0
