0.5	150
1.5	45
2.5	13
3.5	2
4.5	1
5.5	0
6.5	1
7.5	0
8.5	0
9.5	1
10.5	1
11.5	2
12.5	2
13.5	0
14.5	1
15.5	2
16.5	1
17.5	1
18.5	0
19.5	2
20.5	2
21.5	2
22.5	0
23.5	1
24.5	0
25.5	1
26.5	2
27.5	1
28.5	1
29.5	0
30.5	3
31.5	2
32.5	0
33.5	3
34.5	0
35.5	0
36.5	0
37.5	1
38.5	2
39.5	1
40.5	1
41.5	1
42.5	2
43.5	1
44.5	1
45.5	3
46.5	2
47.5	1
48.5	0
49.5	2
50.5	3
51.5	1
52.5	6
53.5	1
54.5	1
55.5	4
56.5	1
57.5	1
58.5	2
59.5	3
60.5	2
61.5	4
62.5	4
63.5	1
64.5	2
65.5	2
66.5	1
67.5	1
68.5	2
69.5	6
70.5	1
71.5	3
72.5	3
73.5	1
74.5	2
75.5	5
76.5	4
77.5	1
78.5	3
79.5	7
80.5	5
81.5	2
82.5	2
83.5	2
84.5	3
85.5	3
86.5	2
87.5	4
88.5	3
89.5	5
90.5	4
91.5	4
92.5	7
93.5	1
94.5	4
95.5	2
96.5	3
97.5	5
98.5	6
99.5	2
100.5	6
101.5	6
102.5	6
103.5	7
104.5	6
105.5	9
106.5	9
107.5	17
108.5	10
109.5	33
110.5	26
111.5	34
112.5	44
113.5	57
114.5	72
115.5	94
116.5	120
117.5	169
118.5	198
119.5	262
120.5	393
121.5	423
122.5	557
123.5	832
124.5	1172
125.5	1813
126.5	2702
127.5	3633
128.5	5149
129.5	6558
130.5	7760
131.5	8570
132.5	9051
133.5	8849
134.5	7964
135.5	6645
136.5	5624
137.5	4204
138.5	3328
139.5	2597
140.5	2196
141.5	2018
142.5	1914
143.5	1901
144.5	1836
145.5	1913
146.5	1997
147.5	2075
148.5	2105
149.5	2159
150.5	2364
151.5	2546
152.5	2841
153.5	3146
154.5	3699
155.5	4246
156.5	4712
157.5	5210
158.5	5502
159.5	5622
160.5	5455
161.5	5265
162.5	4692
163.5	4049
164.5	3477
165.5	2901
166.5	2454
167.5	2063
168.5	1843
169.5	1703
170.5	1547
171.5	1442
172.5	1561
173.5	1444
174.5	1437
175.5	1481
176.5	1401
177.5	1376
178.5	1355
179.5	1392
180.5	1373
181.5	1381
182.5	1340
183.5	1406
184.5	1383
185.5	1390
186.5	1373
187.5	1370
188.5	1405
189.5	1367
190.5	1401
191.5	1376
192.5	1408
193.5	1274
194.5	1377
195.5	1279
196.5	1319
197.5	1226
198.5	1336
199.5	1292
200.5	1297
201.5	1226
202.5	1257
203.5	1278
204.5	1192
205.5	1192
206.5	1154
207.5	1225
208.5	1197
209.5	1190
210.5	1257
211.5	1214
212.5	1237
213.5	1208
214.5	1244
215.5	1220
216.5	1206
217.5	1177
218.5	1174
219.5	1213
220.5	1207
221.5	1197
222.5	1112
223.5	1114
224.5	1021
225.5	1069
226.5	1038
227.5	1023
228.5	1012
229.5	946
230.5	1007
231.5	984
232.5	933
233.5	1016
234.5	933
235.5	910
236.5	916
237.5	956
238.5	901
239.5	872
240.5	920
241.5	952
242.5	887
243.5	918
244.5	901
245.5	906
246.5	899
247.5	919
248.5	904
249.5	882
250.5	904
251.5	853
252.5	891
253.5	847
254.5	868
255.5	926
256.5	805
257.5	861
258.5	874
259.5	823
260.5	815
261.5	831
262.5	875
263.5	806
264.5	872
265.5	888
266.5	890
267.5	841
268.5	867
269.5	830
270.5	822
271.5	795
272.5	788
273.5	744
274.5	750
275.5	768
276.5	814
277.5	853
278.5	850
279.5	966
280.5	1047
281.5	1183
282.5	1340
283.5	1589
284.5	1816
285.5	2179
286.5	2400
287.5	2798
288.5	3127
289.5	3421
290.5	3693
291.5	3724
292.5	3736
293.5	3659
294.5	3441
295.5	3278
296.5	2806
297.5	2437
298.5	2159
299.5	1794
300.5	1541
301.5	1262
302.5	1004
303.5	864
304.5	722
305.5	607
306.5	502
307.5	522
308.5	523
309.5	471
310.5	505
311.5	474
312.5	449
313.5	467
314.5	478
315.5	403
316.5	452
317.5	450
318.5	440
319.5	456
320.5	423
321.5	426
322.5	440
323.5	385
324.5	430
325.5	423
326.5	414
327.5	406
328.5	383
329.5	395
330.5	400
331.5	380
332.5	391
333.5	400
334.5	393
335.5	349
336.5	358
337.5	349
338.5	363
339.5	340
340.5	362
341.5	367
342.5	325
343.5	373
344.5	356
345.5	362
346.5	361
347.5	331
348.5	329
349.5	362
350.5	310
351.5	364
352.5	360
353.5	343
354.5	348
355.5	356
356.5	336
357.5	339
358.5	366
359.5	382
360.5	387
361.5	391
362.5	401
363.5	453
364.5	427
365.5	417
366.5	453
367.5	403
368.5	447
369.5	425
370.5	408
371.5	362
372.5	377
373.5	384
374.5	355
375.5	360
376.5	347
377.5	279
378.5	277
379.5	303
380.5	280
381.5	279
382.5	289
383.5	266
384.5	262
385.5	313
386.5	269
387.5	275
388.5	250
389.5	264
390.5	265
391.5	269
392.5	277
393.5	281
394.5	299
395.5	279
396.5	296
397.5	285
398.5	315
399.5	264
400.5	273
401.5	269
402.5	258
403.5	272
404.5	274
405.5	259
406.5	284
407.5	231
408.5	223
409.5	257
410.5	268
411.5	247
412.5	252
413.5	212
414.5	251
415.5	216
416.5	251
417.5	254
418.5	211
419.5	234
420.5	266
421.5	216
422.5	217
423.5	233
424.5	239
425.5	249
426.5	248
427.5	252
428.5	242
429.5	231
430.5	205
431.5	206
432.5	231
433.5	237
434.5	226
435.5	221
436.5	232
437.5	235
438.5	213
439.5	213
440.5	238
441.5	221
442.5	225
443.5	230
444.5	211
445.5	225
446.5	223
447.5	241
448.5	224
449.5	224
450.5	208
451.5	239
452.5	207
453.5	231
454.5	236
455.5	233
456.5	260
457.5	237
458.5	230
459.5	244
460.5	243
461.5	235
462.5	210
463.5	223
464.5	239
465.5	225
466.5	259
467.5	226
468.5	203
469.5	243
470.5	226
471.5	235
472.5	227
473.5	208
474.5	212
475.5	214
476.5	225
477.5	240
478.5	291
479.5	254
480.5	292
481.5	308
482.5	333
483.5	347
484.5	391
485.5	426
486.5	463
487.5	523
488.5	571
489.5	639
490.5	601
491.5	661
492.5	710
493.5	783
494.5	803
495.5	781
496.5	753
497.5	711
498.5	700
499.5	662
500.5	636
501.5	601
502.5	573
503.5	498
504.5	464
505.5	396
506.5	368
507.5	332
508.5	309
509.5	257
510.5	251
511.5	250
512.5	210
513.5	194
514.5	200
515.5	202
516.5	197
517.5	180
518.5	190
519.5	174
520.5	210
521.5	173
522.5	169
523.5	184
524.5	191
525.5	179
526.5	168
527.5	188
528.5	168
529.5	176
530.5	181
531.5	176
532.5	202
533.5	182
534.5	180
535.5	156
536.5	182
537.5	173
538.5	177
539.5	177
540.5	176
541.5	188
542.5	161
543.5	171
544.5	169
545.5	193
546.5	184
547.5	176
548.5	178
549.5	179
550.5	182
551.5	184
552.5	174
553.5	192
554.5	173
555.5	197
556.5	197
557.5	204
558.5	165
559.5	221
560.5	164
561.5	184
562.5	174
563.5	196
564.5	185
565.5	180
566.5	159
567.5	166
568.5	180
569.5	173
570.5	167
571.5	201
572.5	190
573.5	191
574.5	188
575.5	204
576.5	202
577.5	180
578.5	172
579.5	180
580.5	167
581.5	164
582.5	163
583.5	185
584.5	166
585.5	172
586.5	182
587.5	196
588.5	176
589.5	178
590.5	188
591.5	168
592.5	179
593.5	163
594.5	152
595.5	167
596.5	159
597.5	178
598.5	180
599.5	195
600.5	170
601.5	157
602.5	163
603.5	171
604.5	182
605.5	169
606.5	154
607.5	175
608.5	158
609.5	167
610.5	186
611.5	159
612.5	169
613.5	142
614.5	155
615.5	163
616.5	166
617.5	173
618.5	133
619.5	158
620.5	161
621.5	150
622.5	170
623.5	155
624.5	124
625.5	174
626.5	174
627.5	149
628.5	164
629.5	167
630.5	137
631.5	148
632.5	123
633.5	146
634.5	173
635.5	157
636.5	159
637.5	133
638.5	140
639.5	138
640.5	142
641.5	140
642.5	133
643.5	144
644.5	131
645.5	114
646.5	121
647.5	135
648.5	142
649.5	112
650.5	143
651.5	114
652.5	122
653.5	131
654.5	126
655.5	128
656.5	130
657.5	112
658.5	115
659.5	118
660.5	125
661.5	111
662.5	109
663.5	119
664.5	121
665.5	110
666.5	108
667.5	126
668.5	124
669.5	109
670.5	123
671.5	120
672.5	117
673.5	103
674.5	121
675.5	105
676.5	100
677.5	121
678.5	121
679.5	104
680.5	112
681.5	101
682.5	107
683.5	100
684.5	105
685.5	100
686.5	106
687.5	106
688.5	100
689.5	100
690.5	93
691.5	109
692.5	103
693.5	94
694.5	112
695.5	97
696.5	122
697.5	86
698.5	115
699.5	105
700.5	109
701.5	101
702.5	113
703.5	105
704.5	99
705.5	118
706.5	106
707.5	108
708.5	100
709.5	106
710.5	101
711.5	90
712.5	107
713.5	87
714.5	106
715.5	97
716.5	107
717.5	89
718.5	102
719.5	94
720.5	108
721.5	102
722.5	106
723.5	97
724.5	81
725.5	111
726.5	100
727.5	97
728.5	106
729.5	99
730.5	109
731.5	112
732.5	148
733.5	111
734.5	123
735.5	83
736.5	116
737.5	96
738.5	103
739.5	96
740.5	104
741.5	94
742.5	116
743.5	127
744.5	91
745.5	108
746.5	107
747.5	98
748.5	109
749.5	118
750.5	109
751.5	104
752.5	109
753.5	123
754.5	114
755.5	108
756.5	112
757.5	106
758.5	141
759.5	115
760.5	100
761.5	117
762.5	95
763.5	137
764.5	113
765.5	125
766.5	121
767.5	103
768.5	115
769.5	116
770.5	110
771.5	107
772.5	99
773.5	81
774.5	101
775.5	99
776.5	97
777.5	96
778.5	112
779.5	104
780.5	101
781.5	109
782.5	92
783.5	85
784.5	79
785.5	108
786.5	80
787.5	96
788.5	109
789.5	110
790.5	98
791.5	106
792.5	104
793.5	104
794.5	111
795.5	119
796.5	122
797.5	140
798.5	143
799.5	150
800.5	166
801.5	193
802.5	227
803.5	236
804.5	295
805.5	273
806.5	332
807.5	395
808.5	426
809.5	492
810.5	515
811.5	561
812.5	591
813.5	690
814.5	724
815.5	734
816.5	797
817.5	826
818.5	817
819.5	830
820.5	879
821.5	791
822.5	857
823.5	828
824.5	740
825.5	778
826.5	679
827.5	640
828.5	600
829.5	560
830.5	569
831.5	491
832.5	453
833.5	437
834.5	332
835.5	316
836.5	259
837.5	254
838.5	213
839.5	193
840.5	146
841.5	128
842.5	132
843.5	131
844.5	104
845.5	103
846.5	85
847.5	105
848.5	99
849.5	87
850.5	90
851.5	80
852.5	90
853.5	91
854.5	98
855.5	110
856.5	90
857.5	111
858.5	128
859.5	121
860.5	116
861.5	104
862.5	107
863.5	99
864.5	98
865.5	108
866.5	123
867.5	98
868.5	100
869.5	114
870.5	109
871.5	118
872.5	87
873.5	82
874.5	89
875.5	99
876.5	66
877.5	80
878.5	88
879.5	61
880.5	83
881.5	76
882.5	78
883.5	56
884.5	69
885.5	75
886.5	61
887.5	78
888.5	71
889.5	86
890.5	62
891.5	81
892.5	76
893.5	86
894.5	82
895.5	60
896.5	65
897.5	76
898.5	75
899.5	80
900.5	69
901.5	75
902.5	70
903.5	78
904.5	89
905.5	80
906.5	70
907.5	82
908.5	71
909.5	78
910.5	75
911.5	74
912.5	57
913.5	67
914.5	77
915.5	73
916.5	76
917.5	65
918.5	42
919.5	60
920.5	60
921.5	62
922.5	70
923.5	62
924.5	76
925.5	69
926.5	73
927.5	65
928.5	96
929.5	69
930.5	93
931.5	92
932.5	129
933.5	122
934.5	131
935.5	146
936.5	169
937.5	199
938.5	208
939.5	195
940.5	226
941.5	248
942.5	239
943.5	265
944.5	313
945.5	349
946.5	308
947.5	347
948.5	404
949.5	335
950.5	367
951.5	369
952.5	410
953.5	372
954.5	370
955.5	351
956.5	332
957.5	335
958.5	342
959.5	293
960.5	283
961.5	281
962.5	274
963.5	246
964.5	216
965.5	209
966.5	188
967.5	176
968.5	156
969.5	151
970.5	130
971.5	113
972.5	131
973.5	114
974.5	77
975.5	96
976.5	92
977.5	75
978.5	86
979.5	86
980.5	92
981.5	75
982.5	84
983.5	76
984.5	79
985.5	49
986.5	60
987.5	87
988.5	83
989.5	76
990.5	68
991.5	69
992.5	64
993.5	80
994.5	74
995.5	61
996.5	49
997.5	52
998.5	48
999.5	62
1000.5	52
1001.5	44
1002.5	50
1003.5	40
1004.5	51
1005.5	59
1006.5	49
1007.5	42
1008.5	44
1009.5	48
1010.5	43
1011.5	48
1012.5	37
1013.5	41
1014.5	44
1015.5	30
1016.5	61
1017.5	35
1018.5	35
1019.5	36
1020.5	44
1021.5	52
1022.5	40
1023.5	38
1024.5	37
1025.5	48
1026.5	47
1027.5	38
1028.5	36
1029.5	43
1030.5	37
1031.5	51
1032.5	39
1033.5	38
1034.5	44
1035.5	32
1036.5	24
1037.5	45
1038.5	45
1039.5	44
1040.5	49
1041.5	45
1042.5	46
1043.5	41
1044.5	34
1045.5	47
1046.5	39
1047.5	40
1048.5	46
1049.5	36
1050.5	44
1051.5	43
1052.5	32
1053.5	33
1054.5	35
1055.5	50
1056.5	37
1057.5	41
1058.5	45
1059.5	50
1060.5	37
1061.5	43
1062.5	37
1063.5	37
1064.5	41
1065.5	46
1066.5	46
1067.5	38
1068.5	36
1069.5	40
1070.5	43
1071.5	35
1072.5	28
1073.5	40
1074.5	42
1075.5	34
1076.5	40
1077.5	39
1078.5	46
1079.5	39
1080.5	41
1081.5	45
1082.5	47
1083.5	47
1084.5	44
1085.5	48
1086.5	35
1087.5	41
1088.5	40
1089.5	43
1090.5	44
1091.5	35
1092.5	38
1093.5	52
1094.5	30
1095.5	32
1096.5	38
1097.5	41
1098.5	42
1099.5	36
1100.5	35
1101.5	42
1102.5	48
1103.5	35
1104.5	33
1105.5	46
1106.5	42
1107.5	53
1108.5	38
1109.5	40
1110.5	41
1111.5	31
1112.5	41
1113.5	44
1114.5	52
1115.5	41
1116.5	41
1117.5	40
1118.5	32
1119.5	57
1120.5	37
1121.5	50
1122.5	30
1123.5	42
1124.5	36
1125.5	47
1126.5	26
1127.5	39
1128.5	41
1129.5	43
1130.5	55
1131.5	44
1132.5	38
1133.5	40
1134.5	38
1135.5	36
1136.5	22
1137.5	33
1138.5	28
1139.5	37
1140.5	30
1141.5	42
1142.5	34
1143.5	31
1144.5	31
1145.5	29
1146.5	30
1147.5	30
1148.5	30
1149.5	41
1150.5	33
1151.5	25
1152.5	31
1153.5	45
1154.5	35
1155.5	39
1156.5	40
1157.5	33
1158.5	34
1159.5	35
1160.5	32
1161.5	30
1162.5	35
1163.5	36
1164.5	32
1165.5	38
1166.5	33
1167.5	33
1168.5	32
1169.5	33
1170.5	42
1171.5	36
1172.5	34
1173.5	39
1174.5	37
1175.5	32
1176.5	33
1177.5	32
1178.5	33
1179.5	30
1180.5	30
1181.5	29
1182.5	28
1183.5	31
1184.5	34
1185.5	33
1186.5	34
1187.5	28
1188.5	26
1189.5	34
1190.5	34
1191.5	46
1192.5	30
1193.5	46
1194.5	28
1195.5	43
1196.5	34
1197.5	27
1198.5	21
1199.5	37
1200.5	27
1201.5	37
1202.5	31
1203.5	24
1204.5	21
1205.5	30
1206.5	25
1207.5	30
1208.5	25
1209.5	33
1210.5	25
1211.5	30
1212.5	40
1213.5	20
1214.5	29
1215.5	26
1216.5	30
1217.5	30
1218.5	26
1219.5	23
1220.5	39
1221.5	31
1222.5	39
1223.5	30
1224.5	31
1225.5	27
1226.5	23
1227.5	29
1228.5	35
1229.5	30
1230.5	42
1231.5	31
1232.5	33
1233.5	29
1234.5	28
1235.5	34
1236.5	30
1237.5	36
1238.5	29
1239.5	32
1240.5	39
1241.5	28
1242.5	32
1243.5	34
1244.5	27
1245.5	38
1246.5	27
1247.5	30
1248.5	39
1249.5	31
1250.5	40
1251.5	26
1252.5	29
1253.5	27
1254.5	26
1255.5	23
1256.5	36
1257.5	27
1258.5	34
1259.5	34
1260.5	34
1261.5	32
1262.5	34
1263.5	35
1264.5	29
1265.5	32
1266.5	38
1267.5	35
1268.5	26
1269.5	41
1270.5	19
1271.5	36
1272.5	28
1273.5	29
1274.5	37
1275.5	26
1276.5	27
1277.5	28
1278.5	32
1279.5	37
1280.5	41
1281.5	23
1282.5	31
1283.5	30
1284.5	33
1285.5	29
1286.5	26
1287.5	26
1288.5	34
1289.5	33
1290.5	27
1291.5	28
1292.5	31
1293.5	30
1294.5	21
1295.5	33
1296.5	25
1297.5	29
1298.5	34
1299.5	34
1300.5	30
1301.5	27
1302.5	31
1303.5	27
1304.5	30
1305.5	36
1306.5	21
1307.5	22
1308.5	22
1309.5	37
1310.5	35
1311.5	45
1312.5	32
1313.5	33
1314.5	38
1315.5	40
1316.5	44
1317.5	28
1318.5	41
1319.5	36
1320.5	31
1321.5	40
1322.5	39
1323.5	47
1324.5	40
1325.5	42
1326.5	36
1327.5	37
1328.5	35
1329.5	37
1330.5	40
1331.5	44
1332.5	38
1333.5	30
1334.5	35
1335.5	33
1336.5	34
1337.5	41
1338.5	37
1339.5	37
1340.5	38
1341.5	37
1342.5	42
1343.5	39
1344.5	45
1345.5	36
1346.5	32
1347.5	36
1348.5	30
1349.5	39
1350.5	26
1351.5	35
1352.5	32
1353.5	38
1354.5	36
1355.5	40
1356.5	43
1357.5	35
1358.5	44
1359.5	30
1360.5	37
1361.5	40
1362.5	46
1363.5	55
1364.5	44
1365.5	54
1366.5	37
1367.5	41
1368.5	52
1369.5	66
1370.5	62
1371.5	69
1372.5	48
1373.5	62
1374.5	74
1375.5	71
1376.5	90
1377.5	64
1378.5	72
1379.5	75
1380.5	66
1381.5	76
1382.5	81
1383.5	69
1384.5	84
1385.5	70
1386.5	87
1387.5	70
1388.5	74
1389.5	76
1390.5	80
1391.5	95
1392.5	67
1393.5	62
1394.5	57
1395.5	63
1396.5	74
1397.5	67
1398.5	76
1399.5	75
1400.5	58
1401.5	66
1402.5	59
1403.5	70
1404.5	70
1405.5	51
1406.5	55
1407.5	62
1408.5	50
1409.5	58
1410.5	56
1411.5	56
1412.5	45
1413.5	55
1414.5	51
1415.5	46
1416.5	55
1417.5	56
1418.5	51
1419.5	61
1420.5	56
1421.5	56
1422.5	42
1423.5	45
1424.5	39
1425.5	39
1426.5	42
1427.5	35
1428.5	31
1429.5	29
1430.5	37
1431.5	26
1432.5	38
1433.5	37
1434.5	39
1435.5	30
1436.5	21
1437.5	29
1438.5	25
1439.5	30
1440.5	34
1441.5	21
1442.5	33
1443.5	21
1444.5	22
1445.5	31
1446.5	34
1447.5	22
1448.5	25
1449.5	23
1450.5	20
1451.5	27
1452.5	24
1453.5	21
1454.5	19
1455.5	26
1456.5	18
1457.5	20
1458.5	20
1459.5	20
1460.5	20
1461.5	19
1462.5	25
1463.5	25
1464.5	28
1465.5	22
1466.5	23
1467.5	26
1468.5	25
1469.5	29
1470.5	13
1471.5	18
1472.5	12
1473.5	16
1474.5	18
1475.5	24
1476.5	19
1477.5	15
1478.5	8
1479.5	23
1480.5	16
1481.5	19
1482.5	16
1483.5	18
1484.5	16
1485.5	18
1486.5	9
1487.5	18
1488.5	14
1489.5	21
1490.5	22
1491.5	14
1492.5	16
1493.5	23
1494.5	22
1495.5	22
1496.5	17
1497.5	13
1498.5	15
1499.5	9
1500.5	21
1501.5	11
1502.5	18
1503.5	22
1504.5	15
1505.5	10
1506.5	14
1507.5	12
1508.5	14
1509.5	15
1510.5	19
1511.5	13
1512.5	16
1513.5	15
1514.5	18
1515.5	14
1516.5	21
1517.5	15
1518.5	15
1519.5	22
1520.5	18
1521.5	18
1522.5	12
1523.5	8
1524.5	23
1525.5	14
1526.5	13
1527.5	15
1528.5	11
1529.5	9
1530.5	19
1531.5	19
1532.5	13
1533.5	16
1534.5	11
1535.5	15
1536.5	10
1537.5	19
1538.5	14
1539.5	11
1540.5	13
1541.5	11
1542.5	17
1543.5	15
1544.5	22
1545.5	10
1546.5	16
1547.5	16
1548.5	12
1549.5	20
1550.5	19
1551.5	19
1552.5	17
1553.5	13
1554.5	12
1555.5	20
1556.5	15
1557.5	7
1558.5	16
1559.5	16
1560.5	21
1561.5	18
1562.5	13
1563.5	22
1564.5	12
1565.5	17
1566.5	26
1567.5	24
1568.5	18
1569.5	18
1570.5	19
1571.5	17
1572.5	17
1573.5	19
1574.5	11
1575.5	18
1576.5	17
1577.5	13
1578.5	19
1579.5	15
1580.5	10
1581.5	17
1582.5	22
1583.5	20
1584.5	17
1585.5	16
1586.5	18
1587.5	9
1588.5	17
1589.5	23
1590.5	18
1591.5	15
1592.5	17
1593.5	14
1594.5	10
1595.5	22
1596.5	11
1597.5	12
1598.5	11
1599.5	12
1600.5	14
1601.5	20
1602.5	15
1603.5	12
1604.5	17
1605.5	14
1606.5	18
1607.5	8
1608.5	7
1609.5	10
1610.5	17
1611.5	15
1612.5	14
1613.5	17
1614.5	15
1615.5	8
1616.5	14
1617.5	18
1618.5	12
1619.5	18
1620.5	14
1621.5	10
1622.5	13
1623.5	6
1624.5	20
1625.5	14
1626.5	14
1627.5	15
1628.5	13
1629.5	15
1630.5	10
1631.5	16
1632.5	8
1633.5	16
1634.5	13
1635.5	10
1636.5	12
1637.5	13
1638.5	12
1639.5	9
1640.5	12
1641.5	20
1642.5	11
1643.5	6
1644.5	9
1645.5	6
1646.5	14
1647.5	12
1648.5	12
1649.5	11
1650.5	12
1651.5	10
1652.5	11
1653.5	9
1654.5	13
1655.5	15
1656.5	16
1657.5	15
1658.5	24
1659.5	12
1660.5	10
1661.5	18
1662.5	18
1663.5	22
1664.5	13
1665.5	13
1666.5	18
1667.5	16
1668.5	22
1669.5	19
1670.5	15
1671.5	19
1672.5	29
1673.5	15
1674.5	18
1675.5	19
1676.5	14
1677.5	22
1678.5	16
1679.5	16
1680.5	24
1681.5	26
1682.5	14
1683.5	24
1684.5	21
1685.5	18
1686.5	23
1687.5	27
1688.5	27
1689.5	18
1690.5	20
1691.5	20
1692.5	19
1693.5	28
1694.5	35
1695.5	31
1696.5	20
1697.5	30
1698.5	34
1699.5	23
1700.5	24
1701.5	31
1702.5	33
1703.5	31
1704.5	31
1705.5	25
1706.5	23
1707.5	36
1708.5	31
1709.5	25
1710.5	30
1711.5	31
1712.5	30
1713.5	31
1714.5	34
1715.5	21
1716.5	26
1717.5	20
1718.5	19
1719.5	27
1720.5	18
1721.5	22
1722.5	13
1723.5	22
1724.5	20
1725.5	14
1726.5	14
1727.5	12
1728.5	17
1729.5	17
1730.5	19
1731.5	10
1732.5	16
1733.5	11
1734.5	15
1735.5	13
1736.5	17
1737.5	21
1738.5	11
1739.5	12
1740.5	8
1741.5	15
1742.5	23
1743.5	14
1744.5	7
1745.5	13
1746.5	13
1747.5	16
1748.5	18
1749.5	22
1750.5	11
1751.5	20
1752.5	13
1753.5	15
1754.5	14
1755.5	11
1756.5	8
1757.5	13
1758.5	14
1759.5	11
1760.5	13
1761.5	6
1762.5	13
1763.5	23
1764.5	18
1765.5	15
1766.5	7
1767.5	15
1768.5	9
1769.5	14
1770.5	11
1771.5	7
1772.5	11
1773.5	11
1774.5	17
1775.5	16
1776.5	9
1777.5	16
1778.5	18
1779.5	13
1780.5	7
1781.5	6
1782.5	10
1783.5	21
1784.5	9
1785.5	14
1786.5	13
1787.5	13
1788.5	12
1789.5	10
1790.5	11
1791.5	13
1792.5	10
1793.5	17
1794.5	14
1795.5	10
1796.5	12
1797.5	15
1798.5	20
1799.5	9
1800.5	9
1801.5	10
1802.5	12
1803.5	11
1804.5	12
1805.5	9
1806.5	13
1807.5	8
1808.5	12
1809.5	10
1810.5	15
1811.5	15
1812.5	18
1813.5	8
1814.5	15
1815.5	5
1816.5	20
1817.5	14
1818.5	18
1819.5	19
1820.5	16
1821.5	12
1822.5	5
1823.5	14
1824.5	9
1825.5	12
1826.5	16
1827.5	11
1828.5	16
1829.5	22
1830.5	12
1831.5	18
1832.5	10
1833.5	20
1834.5	17
1835.5	10
1836.5	15
1837.5	13
1838.5	18
1839.5	11
1840.5	14
1841.5	14
1842.5	16
1843.5	14
1844.5	13
1845.5	14
1846.5	16
1847.5	17
1848.5	9
1849.5	11
1850.5	15
1851.5	13
1852.5	15
1853.5	14
1854.5	11
1855.5	13
1856.5	14
1857.5	17
1858.5	13
1859.5	7
1860.5	11
1861.5	10
1862.5	12
1863.5	16
1864.5	20
1865.5	11
1866.5	20
1867.5	14
1868.5	14
1869.5	7
1870.5	15
1871.5	21
1872.5	9
1873.5	9
1874.5	10
1875.5	4
1876.5	11
1877.5	12
1878.5	5
1879.5	15
1880.5	20
1881.5	14
1882.5	11
1883.5	17
1884.5	14
1885.5	8
1886.5	13
1887.5	11
1888.5	16
1889.5	13
1890.5	12
1891.5	11
1892.5	11
1893.5	16
1894.5	19
1895.5	13
1896.5	13
1897.5	5
1898.5	16
1899.5	20
1900.5	9
1901.5	9
1902.5	16
1903.5	13
1904.5	19
1905.5	11
1906.5	9
1907.5	19
1908.5	16
1909.5	15
1910.5	9
1911.5	17
1912.5	7
1913.5	13
1914.5	18
1915.5	12
1916.5	15
1917.5	17
1918.5	8
1919.5	14
1920.5	15
1921.5	10
1922.5	12
1923.5	19
1924.5	15
1925.5	9
1926.5	16
1927.5	11
1928.5	18
1929.5	12
1930.5	14
1931.5	6
1932.5	12
1933.5	12
1934.5	19
1935.5	11
1936.5	26
1937.5	17
1938.5	14
1939.5	13
1940.5	15
1941.5	13
1942.5	13
1943.5	17
1944.5	14
1945.5	12
1946.5	16
1947.5	14
1948.5	12
1949.5	18
1950.5	8
1951.5	14
1952.5	13
1953.5	10
1954.5	18
1955.5	16
1956.5	12
1957.5	15
1958.5	13
1959.5	18
1960.5	15
1961.5	15
1962.5	13
1963.5	15
1964.5	17
1965.5	12
1966.5	14
1967.5	18
1968.5	6
1969.5	11
1970.5	13
1971.5	8
1972.5	14
1973.5	17
1974.5	7
1975.5	6
1976.5	10
1977.5	13
1978.5	12
1979.5	8
1980.5	13
1981.5	18
1982.5	11
1983.5	13
1984.5	7
1985.5	11
1986.5	9
1987.5	19
1988.5	13
1989.5	5
1990.5	10
1991.5	13
1992.5	15
1993.5	13
1994.5	12
1995.5	15
1996.5	10
1997.5	21
1998.5	16
1999.5	7
2000.5	10
2001.5	12
2002.5	14
2003.5	13
2004.5	12
2005.5	17
2006.5	18
2007.5	21
2008.5	19
2009.5	21
2010.5	20
2011.5	12
2012.5	13
2013.5	11
2014.5	11
2015.5	16
2016.5	18
2017.5	13
2018.5	16
2019.5	11
2020.5	12
2021.5	13
2022.5	7
2023.5	15
2024.5	14
2025.5	9
2026.5	10
2027.5	18
2028.5	14
2029.5	15
2030.5	11
2031.5	18
2032.5	15
2033.5	21
2034.5	15
2035.5	15
2036.5	13
2037.5	10
2038.5	14
2039.5	13
2040.5	13
2041.5	10
2042.5	20
2043.5	15
2044.5	12
2045.5	15
2046.5	14
2047.5	16
2048.5	11
2049.5	15
2050.5	8
2051.5	11
2052.5	8
2053.5	16
2054.5	4
2055.5	18
2056.5	14
2057.5	13
2058.5	18
2059.5	16
2060.5	8
2061.5	15
2062.5	10
2063.5	6
2064.5	13
2065.5	18
2066.5	19
2067.5	12
2068.5	11
2069.5	16
2070.5	14
2071.5	17
2072.5	14
2073.5	12
2074.5	15
2075.5	4
2076.5	13
2077.5	9
2078.5	12
2079.5	14
2080.5	7
2081.5	14
2082.5	10
2083.5	15
2084.5	11
2085.5	13
2086.5	15
2087.5	6
2088.5	7
2089.5	14
2090.5	11
2091.5	13
2092.5	16
2093.5	16
2094.5	12
2095.5	17
2096.5	17
2097.5	14
2098.5	14
2099.5	13
2100.5	9
2101.5	8
2102.5	13
2103.5	14
2104.5	9
2105.5	13
2106.5	24
2107.5	13
2108.5	12
2109.5	12
2110.5	8
2111.5	5
2112.5	16
2113.5	14
2114.5	14
2115.5	12
2116.5	12
2117.5	12
2118.5	14
2119.5	23
2120.5	15
2121.5	15
2122.5	19
2123.5	14
2124.5	8
2125.5	11
2126.5	15
2127.5	13
2128.5	9
2129.5	17
2130.5	16
2131.5	16
2132.5	11
2133.5	9
2134.5	15
2135.5	24
2136.5	14
2137.5	18
2138.5	11
2139.5	16
2140.5	17
2141.5	16
2142.5	17
2143.5	16
2144.5	13
2145.5	17
2146.5	12
2147.5	10
2148.5	11
2149.5	16
2150.5	14
2151.5	10
2152.5	17
2153.5	6
2154.5	13
2155.5	9
2156.5	7
2157.5	12
2158.5	13
2159.5	11
2160.5	16
2161.5	14
2162.5	8
2163.5	18
2164.5	6
2165.5	16
2166.5	5
2167.5	12
2168.5	18
2169.5	13
2170.5	17
2171.5	16
2172.5	8
2173.5	11
2174.5	24
2175.5	11
2176.5	17
2177.5	10
2178.5	23
2179.5	11
2180.5	20
2181.5	16
2182.5	14
2183.5	12
2184.5	17
2185.5	15
2186.5	12
2187.5	17
2188.5	16
2189.5	17
2190.5	15
2191.5	20
2192.5	14
2193.5	18
2194.5	15
2195.5	8
2196.5	18
2197.5	25
2198.5	19
2199.5	13
2200.5	10
2201.5	21
2202.5	20
2203.5	20
2204.5	19
2205.5	16
2206.5	14
2207.5	7
2208.5	12
2209.5	12
2210.5	14
2211.5	13
2212.5	11
2213.5	16
2214.5	15
2215.5	7
2216.5	11
2217.5	20
2218.5	17
2219.5	9
2220.5	13
2221.5	19
2222.5	12
2223.5	14
2224.5	4
2225.5	11
2226.5	12
2227.5	12
2228.5	7
2229.5	17
2230.5	15
2231.5	10
2232.5	16
2233.5	16
2234.5	9
2235.5	14
2236.5	12
2237.5	10
2238.5	11
2239.5	17
2240.5	13
2241.5	16
2242.5	12
2243.5	6
2244.5	10
2245.5	17
2246.5	15
2247.5	15
2248.5	9
2249.5	8
2250.5	11
2251.5	13
2252.5	11
2253.5	5
2254.5	16
2255.5	13
2256.5	16
2257.5	14
2258.5	10
2259.5	10
2260.5	16
2261.5	19
2262.5	15
2263.5	12
2264.5	9
2265.5	10
2266.5	8
2267.5	12
2268.5	8
2269.5	21
2270.5	12
2271.5	9
2272.5	12
2273.5	13
2274.5	12
2275.5	12
2276.5	8
2277.5	13
2278.5	10
2279.5	12
2280.5	12
2281.5	9
2282.5	12
2283.5	12
2284.5	11
2285.5	4
2286.5	12
2287.5	14
2288.5	10
2289.5	14
2290.5	10
2291.5	18
2292.5	15
2293.5	14
2294.5	10
2295.5	8
2296.5	14
2297.5	9
2298.5	13
2299.5	10
2300.5	16
2301.5	15
2302.5	9
2303.5	13
2304.5	2
2305.5	12
2306.5	14
2307.5	16
2308.5	17
2309.5	8
2310.5	15
2311.5	7
2312.5	15
2313.5	13
2314.5	7
2315.5	7
2316.5	12
2317.5	12
2318.5	10
2319.5	12
2320.5	12
2321.5	9
2322.5	10
2323.5	7
2324.5	12
2325.5	9
2326.5	12
2327.5	7
2328.5	13
2329.5	9
2330.5	17
2331.5	12
2332.5	18
2333.5	7
2334.5	12
2335.5	14
2336.5	11
2337.5	5
2338.5	10
2339.5	4
2340.5	11
2341.5	14
2342.5	10
2343.5	9
2344.5	4
2345.5	9
2346.5	6
2347.5	11
2348.5	13
2349.5	11
2350.5	11
2351.5	9
2352.5	13
2353.5	7
2354.5	14
2355.5	17
2356.5	9
2357.5	14
2358.5	11
2359.5	12
2360.5	11
2361.5	12
2362.5	9
2363.5	14
2364.5	12
2365.5	11
2366.5	12
2367.5	12
2368.5	10
2369.5	6
2370.5	10
2371.5	10
2372.5	10
2373.5	6
2374.5	8
2375.5	9
2376.5	11
2377.5	5
2378.5	10
2379.5	10
2380.5	11
2381.5	10
2382.5	7
2383.5	9
2384.5	14
2385.5	9
2386.5	10
2387.5	12
2388.5	9
2389.5	12
2390.5	11
2391.5	8
2392.5	14
2393.5	7
2394.5	12
2395.5	6
2396.5	10
2397.5	9
2398.5	15
2399.5	11
2400.5	6
2401.5	8
2402.5	11
2403.5	13
2404.5	14
2405.5	12
2406.5	10
2407.5	10
2408.5	14
2409.5	11
2410.5	11
2411.5	16
2412.5	12
2413.5	9
2414.5	6
2415.5	8
2416.5	8
2417.5	10
2418.5	11
2419.5	13
2420.5	20
2421.5	9
2422.5	12
2423.5	11
2424.5	14
2425.5	17
2426.5	9
2427.5	8
2428.5	11
2429.5	8
2430.5	12
2431.5	16
2432.5	14
2433.5	8
2434.5	14
2435.5	14
2436.5	14
2437.5	6
2438.5	5
2439.5	9
2440.5	12
2441.5	15
2442.5	12
2443.5	7
2444.5	9
2445.5	9
2446.5	10
2447.5	18
2448.5	8
2449.5	9
2450.5	7
2451.5	12
2452.5	15
2453.5	13
2454.5	9
2455.5	10
2456.5	12
2457.5	8
2458.5	18
2459.5	15
2460.5	13
2461.5	17
2462.5	8
2463.5	11
2464.5	18
2465.5	18
2466.5	14
2467.5	17
2468.5	15
2469.5	14
2470.5	15
2471.5	12
2472.5	20
2473.5	12
2474.5	12
2475.5	7
2476.5	9
2477.5	14
2478.5	10
2479.5	14
2480.5	12
2481.5	11
2482.5	10
2483.5	11
2484.5	16
2485.5	12
2486.5	13
2487.5	11
2488.5	9
2489.5	11
2490.5	8
2491.5	6
2492.5	15
2493.5	15
2494.5	13
2495.5	7
2496.5	11
2497.5	14
2498.5	12
2499.5	17
2500.5	11
2501.5	13
2502.5	12
2503.5	11
2504.5	15
2505.5	13
2506.5	16
2507.5	11
2508.5	8
2509.5	21
2510.5	16
2511.5	9
2512.5	9
2513.5	14
2514.5	14
2515.5	14
2516.5	12
2517.5	10
2518.5	11
2519.5	22
2520.5	11
2521.5	5
2522.5	12
2523.5	9
2524.5	16
2525.5	11
2526.5	9
2527.5	14
2528.5	11
2529.5	9
2530.5	9
2531.5	12
2532.5	14
2533.5	3
2534.5	9
2535.5	13
2536.5	8
2537.5	11
2538.5	13
2539.5	10
2540.5	13
2541.5	11
2542.5	10
2543.5	9
2544.5	10
2545.5	8
2546.5	10
2547.5	9
2548.5	8
2549.5	11
2550.5	6
2551.5	11
2552.5	4
2553.5	21
2554.5	17
2555.5	20
2556.5	7
2557.5	7
2558.5	8
2559.5	13
2560.5	6
2561.5	15
2562.5	13
2563.5	10
2564.5	13
2565.5	6
2566.5	7
2567.5	12
2568.5	8
2569.5	13
2570.5	9
2571.5	12
2572.5	9
2573.5	7
2574.5	3
2575.5	13
2576.5	12
2577.5	13
2578.5	18
2579.5	9
2580.5	8
2581.5	6
2582.5	14
2583.5	6
2584.5	5
2585.5	6
2586.5	10
2587.5	13
2588.5	13
2589.5	12
2590.5	10
2591.5	9
2592.5	11
2593.5	15
2594.5	11
2595.5	13
2596.5	6
2597.5	10
2598.5	12
2599.5	6
2600.5	12
2601.5	14
2602.5	8
2603.5	7
2604.5	18
2605.5	11
2606.5	11
2607.5	15
2608.5	11
2609.5	8
2610.5	14
2611.5	6
2612.5	6
2613.5	17
2614.5	10
2615.5	5
2616.5	8
2617.5	8
2618.5	5
2619.5	9
2620.5	2
2621.5	11
2622.5	10
2623.5	15
2624.5	5
2625.5	11
2626.5	6
2627.5	13
2628.5	8
2629.5	15
2630.5	13
2631.5	7
2632.5	10
2633.5	8
2634.5	9
2635.5	10
2636.5	9
2637.5	7
2638.5	10
2639.5	8
2640.5	10
2641.5	12
2642.5	5
2643.5	13
2644.5	10
2645.5	12
2646.5	11
2647.5	14
2648.5	5
2649.5	10
2650.5	17
2651.5	8
2652.5	9
2653.5	8
2654.5	8
2655.5	12
2656.5	11
2657.5	17
2658.5	12
2659.5	11
2660.5	5
2661.5	9
2662.5	13
2663.5	6
2664.5	9
2665.5	8
2666.5	11
2667.5	13
2668.5	14
2669.5	9
2670.5	15
2671.5	13
2672.5	11
2673.5	9
2674.5	7
2675.5	16
2676.5	11
2677.5	11
2678.5	6
2679.5	10
2680.5	11
2681.5	12
2682.5	11
2683.5	5
2684.5	10
2685.5	7
2686.5	9
2687.5	7
2688.5	8
2689.5	13
2690.5	11
2691.5	10
2692.5	7
2693.5	10
2694.5	11
2695.5	5
2696.5	12
2697.5	7
2698.5	19
2699.5	9
2700.5	14
2701.5	7
2702.5	10
2703.5	9
2704.5	13
2705.5	10
2706.5	12
2707.5	10
2708.5	10
2709.5	12
2710.5	14
2711.5	7
2712.5	17
2713.5	7
2714.5	12
2715.5	14
2716.5	13
2717.5	13
2718.5	11
2719.5	10
2720.5	6
2721.5	18
2722.5	8
2723.5	10
2724.5	12
2725.5	18
2726.5	10
2727.5	11
2728.5	13
2729.5	8
2730.5	11
2731.5	11
2732.5	9
2733.5	13
2734.5	8
2735.5	13
2736.5	9
2737.5	6
2738.5	5
2739.5	14
2740.5	16
2741.5	10
2742.5	7
2743.5	9
2744.5	12
2745.5	9
2746.5	4
2747.5	13
2748.5	8
2749.5	7
2750.5	10
2751.5	9
2752.5	13
2753.5	10
2754.5	11
2755.5	8
2756.5	10
2757.5	13
2758.5	6
2759.5	5
2760.5	11
2761.5	15
2762.5	11
2763.5	11
2764.5	7
2765.5	12
2766.5	7
2767.5	7
2768.5	16
2769.5	12
2770.5	14
2771.5	18
2772.5	15
2773.5	11
2774.5	5
2775.5	13
2776.5	10
2777.5	8
2778.5	10
2779.5	12
2780.5	10
2781.5	4
2782.5	9
2783.5	13
2784.5	5
2785.5	12
2786.5	14
2787.5	11
2788.5	8
2789.5	14
2790.5	10
2791.5	15
2792.5	9
2793.5	19
2794.5	10
2795.5	17
2796.5	10
2797.5	11
2798.5	11
2799.5	12
2800.5	11
2801.5	10
2802.5	10
2803.5	6
2804.5	13
2805.5	9
2806.5	12
2807.5	11
2808.5	10
2809.5	10
2810.5	12
2811.5	11
2812.5	11
2813.5	14
2814.5	15
2815.5	10
2816.5	10
2817.5	10
2818.5	11
2819.5	5
2820.5	10
2821.5	13
2822.5	22
2823.5	6
2824.5	10
2825.5	10
2826.5	9
2827.5	13
2828.5	14
2829.5	11
2830.5	13
2831.5	9
2832.5	6
2833.5	10
2834.5	6
2835.5	12
2836.5	13
2837.5	17
2838.5	9
2839.5	6
2840.5	12
2841.5	12
2842.5	11
2843.5	13
2844.5	15
2845.5	9
2846.5	12
2847.5	16
2848.5	13
2849.5	14
2850.5	16
2851.5	12
2852.5	9
2853.5	11
2854.5	20
2855.5	16
2856.5	9
2857.5	18
2858.5	11
2859.5	11
2860.5	17
2861.5	13
2862.5	4
2863.5	11
2864.5	15
2865.5	14
2866.5	14
2867.5	6
2868.5	13
2869.5	8
2870.5	17
2871.5	14
2872.5	9
2873.5	20
2874.5	17
2875.5	8
2876.5	12
2877.5	14
2878.5	13
2879.5	16
2880.5	12
2881.5	14
2882.5	10
2883.5	7
2884.5	6
2885.5	13
2886.5	23
2887.5	15
2888.5	11
2889.5	11
2890.5	11
2891.5	14
2892.5	9
2893.5	13
2894.5	11
2895.5	9
2896.5	11
2897.5	8
2898.5	10
2899.5	9
2900.5	11
2901.5	10
2902.5	11
2903.5	7
2904.5	14
2905.5	19
2906.5	16
2907.5	9
2908.5	10
2909.5	14
2910.5	9
2911.5	8
2912.5	13
2913.5	13
2914.5	9
2915.5	13
2916.5	12
2917.5	9
2918.5	13
2919.5	19
2920.5	13
2921.5	16
2922.5	17
2923.5	11
2924.5	7
2925.5	14
2926.5	9
2927.5	17
2928.5	17
2929.5	10
2930.5	12
2931.5	7
2932.5	13
2933.5	18
2934.5	12
2935.5	15
2936.5	14
2937.5	12
2938.5	6
2939.5	13
2940.5	7
2941.5	16
2942.5	16
2943.5	14
2944.5	12
2945.5	15
2946.5	17
2947.5	13
2948.5	16
2949.5	13
2950.5	10
2951.5	8
2952.5	15
2953.5	13
2954.5	15
2955.5	8
2956.5	8
2957.5	16
2958.5	16
2959.5	16
2960.5	12
2961.5	10
2962.5	14
2963.5	14
2964.5	7
2965.5	17
2966.5	11
2967.5	12
2968.5	11
2969.5	7
2970.5	10
2971.5	15
2972.5	12
2973.5	8
2974.5	10
2975.5	13
2976.5	17
2977.5	14
2978.5	15
2979.5	12
2980.5	7
2981.5	5
2982.5	5
2983.5	13
2984.5	12
2985.5	6
2986.5	8
2987.5	17
2988.5	12
2989.5	9
2990.5	14
2991.5	9
2992.5	16
2993.5	8
2994.5	5
2995.5	10
2996.5	12
2997.5	14
2998.5	18
2999.5	9
3000.5	9
3001.5	17
3002.5	13
3003.5	16
3004.5	11
3005.5	15
3006.5	15
3007.5	9
3008.5	11
3009.5	9
3010.5	9
3011.5	13
3012.5	14
3013.5	13
3014.5	7
3015.5	13
3016.5	10
3017.5	21
3018.5	13
3019.5	9
3020.5	18
3021.5	15
3022.5	11
3023.5	24
3024.5	14
3025.5	24
3026.5	18
3027.5	8
3028.5	15
3029.5	11
3030.5	11
3031.5	13
3032.5	13
3033.5	10
3034.5	9
3035.5	19
3036.5	12
3037.5	13
3038.5	14
3039.5	10
3040.5	10
3041.5	15
3042.5	12
3043.5	13
3044.5	11
3045.5	7
3046.5	15
3047.5	12
3048.5	18
3049.5	8
3050.5	13
3051.5	17
3052.5	9
3053.5	14
3054.5	14
3055.5	13
3056.5	25
3057.5	23
3058.5	12
3059.5	18
3060.5	9
3061.5	11
3062.5	10
3063.5	17
3064.5	8
3065.5	17
3066.5	11
3067.5	9
3068.5	13
3069.5	19
3070.5	14
3071.5	12
3072.5	19
3073.5	14
3074.5	12
3075.5	22
3076.5	11
3077.5	10
3078.5	18
3079.5	19
3080.5	16
3081.5	12
3082.5	22
3083.5	10
3084.5	16
3085.5	10
3086.5	18
3087.5	18
3088.5	11
3089.5	19
3090.5	9
3091.5	14
3092.5	16
3093.5	11
3094.5	11
3095.5	15
3096.5	21
3097.5	17
3098.5	17
3099.5	15
3100.5	27
3101.5	20
3102.5	16
3103.5	20
3104.5	23
3105.5	11
3106.5	16
3107.5	23
3108.5	16
3109.5	21
3110.5	18
3111.5	14
3112.5	24
3113.5	23
3114.5	20
3115.5	24
3116.5	16
3117.5	23
3118.5	28
3119.5	25
3120.5	29
3121.5	21
3122.5	25
3123.5	32
3124.5	24
3125.5	29
3126.5	23
3127.5	24
3128.5	32
3129.5	35
3130.5	33
3131.5	31
3132.5	30
3133.5	28
3134.5	21
3135.5	32
3136.5	38
3137.5	31
3138.5	29
3139.5	25
3140.5	29
3141.5	40
3142.5	28
3143.5	24
3144.5	31
3145.5	26
3146.5	39
3147.5	38
3148.5	24
3149.5	34
3150.5	38
3151.5	37
3152.5	38
3153.5	34
3154.5	39
3155.5	28
3156.5	38
3157.5	37
3158.5	30
3159.5	32
3160.5	39
3161.5	28
3162.5	32
3163.5	33
3164.5	52
3165.5	24
3166.5	42
3167.5	35
3168.5	35
3169.5	27
3170.5	38
3171.5	35
3172.5	35
3173.5	33
3174.5	37
3175.5	32
3176.5	31
3177.5	32
3178.5	39
3179.5	31
3180.5	42
3181.5	32
3182.5	30
3183.5	35
3184.5	30
3185.5	44
3186.5	34
3187.5	40
3188.5	44
3189.5	25
3190.5	29
3191.5	23
3192.5	35
3193.5	26
3194.5	39
3195.5	30
3196.5	27
3197.5	27
3198.5	24
3199.5	34
3200.5	31
3201.5	21
3202.5	13
3203.5	28
3204.5	30
3205.5	38
3206.5	31
3207.5	33
3208.5	22
3209.5	33
3210.5	39
3211.5	36
3212.5	33
3213.5	25
3214.5	25
3215.5	28
3216.5	32
3217.5	24
3218.5	18
3219.5	30
3220.5	27
3221.5	22
3222.5	17
3223.5	22
3224.5	14
3225.5	29
3226.5	20
3227.5	32
3228.5	27
3229.5	20
3230.5	22
3231.5	23
3232.5	26
3233.5	25
3234.5	29
3235.5	12
3236.5	20
3237.5	23
3238.5	17
3239.5	32
3240.5	27
3241.5	20
3242.5	19
3243.5	23
3244.5	25
3245.5	27
3246.5	17
3247.5	16
3248.5	21
3249.5	22
3250.5	21
3251.5	27
3252.5	20
3253.5	23
3254.5	20
3255.5	19
3256.5	20
3257.5	16
3258.5	26
3259.5	25
3260.5	16
3261.5	19
3262.5	32
3263.5	16
3264.5	16
3265.5	20
3266.5	20
3267.5	28
3268.5	20
3269.5	22
3270.5	18
3271.5	19
3272.5	21
3273.5	11
3274.5	26
3275.5	19
3276.5	29
3277.5	17
3278.5	17
3279.5	25
3280.5	27
3281.5	34
3282.5	23
3283.5	21
3284.5	24
3285.5	20
3286.5	22
3287.5	16
3288.5	29
3289.5	21
3290.5	23
3291.5	18
3292.5	29
3293.5	19
3294.5	24
3295.5	23
3296.5	22
3297.5	29
3298.5	22
3299.5	20
3300.5	27
3301.5	23
3302.5	26
3303.5	22
3304.5	25
3305.5	29
3306.5	26
3307.5	23
3308.5	12
3309.5	30
3310.5	19
3311.5	17
3312.5	29
3313.5	21
3314.5	14
3315.5	31
3316.5	19
3317.5	13
3318.5	20
3319.5	23
3320.5	19
3321.5	22
3322.5	23
3323.5	23
3324.5	19
3325.5	28
3326.5	12
3327.5	18
3328.5	19
3329.5	22
3330.5	13
3331.5	29
3332.5	23
3333.5	19
3334.5	26
3335.5	22
3336.5	23
3337.5	32
3338.5	18
3339.5	21
3340.5	23
3341.5	18
3342.5	19
3343.5	26
3344.5	16
3345.5	21
3346.5	20
3347.5	27
3348.5	22
3349.5	18
3350.5	16
3351.5	25
3352.5	21
3353.5	20
3354.5	31
3355.5	24
3356.5	29
3357.5	30
3358.5	30
3359.5	21
3360.5	25
3361.5	22
3362.5	15
3363.5	19
3364.5	22
3365.5	20
3366.5	25
3367.5	23
3368.5	26
3369.5	23
3370.5	23
3371.5	20
3372.5	23
3373.5	22
3374.5	21
3375.5	17
3376.5	28
3377.5	25
3378.5	21
3379.5	24
3380.5	16
3381.5	28
3382.5	20
3383.5	17
3384.5	27
3385.5	24
3386.5	27
3387.5	20
3388.5	19
3389.5	16
3390.5	30
3391.5	30
3392.5	25
3393.5	21
3394.5	36
3395.5	30
3396.5	27
3397.5	27
3398.5	22
3399.5	15
3400.5	22
3401.5	24
3402.5	26
3403.5	24
3404.5	26
3405.5	22
3406.5	19
3407.5	19
3408.5	22
3409.5	27
3410.5	25
3411.5	25
3412.5	26
3413.5	27
3414.5	19
3415.5	21
3416.5	14
3417.5	23
3418.5	24
3419.5	18
3420.5	17
3421.5	17
3422.5	15
3423.5	20
3424.5	16
3425.5	22
3426.5	21
3427.5	31
3428.5	17
3429.5	21
3430.5	23
3431.5	13
3432.5	18
3433.5	17
3434.5	23
3435.5	21
3436.5	17
3437.5	24
3438.5	20
3439.5	26
3440.5	20
3441.5	26
3442.5	17
3443.5	21
3444.5	19
3445.5	22
3446.5	29
3447.5	13
3448.5	20
3449.5	16
3450.5	21
3451.5	21
3452.5	16
3453.5	19
3454.5	22
3455.5	17
3456.5	9
3457.5	22
3458.5	15
3459.5	21
3460.5	25
3461.5	16
3462.5	20
3463.5	29
3464.5	18
3465.5	15
3466.5	15
3467.5	20
3468.5	17
3469.5	28
3470.5	15
3471.5	20
3472.5	20
3473.5	19
3474.5	24
3475.5	19
3476.5	15
3477.5	23
3478.5	20
3479.5	21
3480.5	15
3481.5	24
3482.5	17
3483.5	20
3484.5	15
3485.5	20
3486.5	22
3487.5	22
3488.5	18
3489.5	22
3490.5	18
3491.5	25
3492.5	19
3493.5	28
3494.5	15
3495.5	29
3496.5	24
3497.5	19
3498.5	27
3499.5	18
3500.5	25
3501.5	18
3502.5	28
3503.5	16
3504.5	29
3505.5	24
3506.5	29
3507.5	25
3508.5	19
3509.5	19
3510.5	19
3511.5	20
3512.5	34
3513.5	27
3514.5	31
3515.5	28
3516.5	27
3517.5	20
3518.5	35
3519.5	28
3520.5	30
3521.5	32
3522.5	33
3523.5	40
3524.5	37
3525.5	36
3526.5	30
3527.5	35
3528.5	32
3529.5	39
3530.5	35
3531.5	37
3532.5	35
3533.5	39
3534.5	43
3535.5	44
3536.5	45
3537.5	36
3538.5	41
3539.5	39
3540.5	43
3541.5	58
3542.5	35
3543.5	50
3544.5	47
3545.5	55
3546.5	39
3547.5	50
3548.5	52
3549.5	42
3550.5	51
3551.5	43
3552.5	48
3553.5	52
3554.5	47
3555.5	49
3556.5	62
3557.5	60
3558.5	51
3559.5	65
3560.5	63
3561.5	57
3562.5	46
3563.5	52
3564.5	52
3565.5	46
3566.5	46
3567.5	39
3568.5	47
3569.5	44
3570.5	54
3571.5	58
3572.5	66
3573.5	46
3574.5	54
3575.5	55
3576.5	64
3577.5	47
3578.5	43
3579.5	53
3580.5	62
3581.5	41
3582.5	48
3583.5	50
3584.5	46
3585.5	52
3586.5	53
3587.5	45
3588.5	48
3589.5	53
3590.5	60
3591.5	56
3592.5	48
3593.5	53
3594.5	50
3595.5	47
3596.5	41
3597.5	57
3598.5	52
3599.5	53
3600.5	45
3601.5	45
3602.5	31
3603.5	38
3604.5	46
3605.5	49
3606.5	52
3607.5	35
3608.5	48
3609.5	35
3610.5	56
3611.5	34
3612.5	41
3613.5	43
3614.5	53
3615.5	39
3616.5	27
3617.5	51
3618.5	29
3619.5	39
3620.5	38
3621.5	45
3622.5	26
3623.5	35
3624.5	37
3625.5	41
3626.5	42
3627.5	37
3628.5	31
3629.5	36
3630.5	40
3631.5	29
3632.5	30
3633.5	42
3634.5	29
3635.5	37
3636.5	39
3637.5	27
3638.5	29
3639.5	29
3640.5	20
3641.5	35
3642.5	28
3643.5	24
3644.5	23
3645.5	25
3646.5	37
3647.5	30
3648.5	28
3649.5	17
3650.5	32
3651.5	23
3652.5	29
3653.5	20
3654.5	22
3655.5	22
3656.5	28
3657.5	29
3658.5	31
3659.5	28
3660.5	25
3661.5	25
3662.5	33
3663.5	25
3664.5	23
3665.5	26
3666.5	26
3667.5	26
3668.5	24
3669.5	20
3670.5	27
3671.5	21
3672.5	38
3673.5	19
3674.5	27
3675.5	19
3676.5	15
3677.5	25
3678.5	29
3679.5	31
3680.5	21
3681.5	21
3682.5	26
3683.5	25
3684.5	22
3685.5	30
3686.5	27
3687.5	29
3688.5	22
3689.5	28
3690.5	17
3691.5	22
3692.5	29
3693.5	20
3694.5	23
3695.5	18
3696.5	23
3697.5	31
3698.5	36
3699.5	19
3700.5	22
3701.5	25
3702.5	24
3703.5	26
3704.5	23
3705.5	34
3706.5	26
3707.5	20
3708.5	22
3709.5	24
3710.5	27
3711.5	22
3712.5	31
3713.5	21
3714.5	31
3715.5	22
3716.5	22
3717.5	29
3718.5	30
3719.5	32
3720.5	28
3721.5	17
3722.5	25
3723.5	21
3724.5	28
3725.5	24
3726.5	20
3727.5	21
3728.5	23
3729.5	23
3730.5	29
3731.5	36
3732.5	22
3733.5	28
3734.5	18
3735.5	23
3736.5	14
3737.5	21
3738.5	24
3739.5	16
3740.5	14
3741.5	18
3742.5	19
3743.5	25
3744.5	26
3745.5	28
3746.5	27
3747.5	33
3748.5	18
3749.5	22
3750.5	21
3751.5	19
3752.5	26
3753.5	23
3754.5	12
3755.5	20
3756.5	18
3757.5	22
3758.5	21
3759.5	16
3760.5	27
3761.5	20
3762.5	24
3763.5	19
3764.5	22
3765.5	25
3766.5	20
3767.5	23
3768.5	22
3769.5	18
3770.5	26
3771.5	19
3772.5	25
3773.5	15
3774.5	15
3775.5	23
3776.5	23
3777.5	13
3778.5	13
3779.5	22
3780.5	16
3781.5	20
3782.5	19
3783.5	27
3784.5	14
3785.5	15
3786.5	14
3787.5	21
3788.5	26
3789.5	12
3790.5	20
3791.5	10
3792.5	9
3793.5	13
3794.5	22
3795.5	8
3796.5	14
3797.5	17
3798.5	20
3799.5	16
3800.5	16
3801.5	12
3802.5	16
3803.5	16
3804.5	11
3805.5	17
3806.5	17
3807.5	13
3808.5	15
3809.5	9
3810.5	19
3811.5	14
3812.5	10
3813.5	7
3814.5	15
3815.5	15
3816.5	17
3817.5	10
3818.5	14
3819.5	17
3820.5	12
3821.5	14
3822.5	10
3823.5	14
3824.5	12
3825.5	16
3826.5	10
3827.5	14
3828.5	7
3829.5	15
3830.5	19
3831.5	7
3832.5	5
3833.5	12
3834.5	9
3835.5	12
3836.5	3
3837.5	4
3838.5	9
3839.5	9
3840.5	15
3841.5	1
3842.5	11
3843.5	9
3844.5	6
3845.5	6
3846.5	6
3847.5	6
3848.5	7
3849.5	9
3850.5	2
3851.5	7
3852.5	2
3853.5	11
3854.5	4
3855.5	11
3856.5	7
3857.5	15
3858.5	13
3859.5	12
3860.5	9
3861.5	6
3862.5	10
3863.5	6
3864.5	3
3865.5	6
3866.5	7
3867.5	7
3868.5	7
3869.5	12
3870.5	8
3871.5	11
3872.5	8
3873.5	7
3874.5	15
3875.5	14
3876.5	10
3877.5	14
3878.5	12
3879.5	9
3880.5	7
3881.5	14
3882.5	10
3883.5	11
3884.5	13
3885.5	8
3886.5	12
3887.5	18
3888.5	14
3889.5	8
3890.5	20
3891.5	14
3892.5	17
3893.5	15
3894.5	16
3895.5	20
3896.5	17
3897.5	20
3898.5	13
3899.5	18
3900.5	26
3901.5	20
3902.5	18
3903.5	15
3904.5	26
3905.5	20
3906.5	28
3907.5	24
3908.5	29
3909.5	36
3910.5	21
3911.5	37
3912.5	29
3913.5	28
3914.5	26
3915.5	34
3916.5	41
3917.5	45
3918.5	30
3919.5	38
3920.5	38
3921.5	41
3922.5	49
3923.5	37
3924.5	28
3925.5	43
3926.5	43
3927.5	49
3928.5	67
3929.5	37
3930.5	39
3931.5	41
3932.5	42
3933.5	53
3934.5	36
3935.5	38
3936.5	57
3937.5	38
3938.5	43
3939.5	47
3940.5	48
3941.5	50
3942.5	53
3943.5	48
3944.5	50
3945.5	46
3946.5	57
3947.5	43
3948.5	40
3949.5	50
3950.5	58
3951.5	38
3952.5	56
3953.5	55
3954.5	60
3955.5	59
3956.5	44
3957.5	48
3958.5	43
3959.5	47
3960.5	43
3961.5	39
3962.5	52
3963.5	46
3964.5	53
3965.5	41
3966.5	36
3967.5	45
3968.5	54
3969.5	39
3970.5	40
3971.5	38
3972.5	49
3973.5	37
3974.5	44
3975.5	40
3976.5	34
3977.5	30
3978.5	36
3979.5	38
3980.5	32
3981.5	34
3982.5	31
3983.5	31
3984.5	28
3985.5	25
3986.5	26
3987.5	27
3988.5	30
3989.5	29
3990.5	27
3991.5	39
3992.5	15
3993.5	19
3994.5	31
3995.5	32
3996.5	28
3997.5	31
3998.5	25
3999.5	24
4000.5	18
4001.5	22
4002.5	17
4003.5	24
4004.5	15
4005.5	11
4006.5	12
4007.5	6
4008.5	10
4009.5	20
4010.5	15
4011.5	11
4012.5	11
4013.5	10
4014.5	10
4015.5	25
4016.5	12
4017.5	12
4018.5	4
4019.5	7
4020.5	7
4021.5	8
4022.5	6
4023.5	7
4024.5	6
4025.5	4
4026.5	6
4027.5	12
4028.5	11
4029.5	4
4030.5	6
4031.5	4
4032.5	5
4033.5	6
4034.5	3
4035.5	4
4036.5	6
4037.5	6
4038.5	3
4039.5	3
4040.5	5
4041.5	4
4042.5	2
4043.5	1
4044.5	5
4045.5	3
4046.5	4
4047.5	5
4048.5	2
4049.5	2
4050.5	4
4051.5	0
4052.5	2
4053.5	3
4054.5	0
4055.5	2
4056.5	3
4057.5	3
4058.5	3
4059.5	5
4060.5	3
4061.5	3
4062.5	1
4063.5	4
4064.5	1
4065.5	2
4066.5	3
4067.5	4
4068.5	2
4069.5	1
4070.5	2
4071.5	0
4072.5	2
4073.5	0
4074.5	1
4075.5	1
4076.5	1
4077.5	2
4078.5	3
4079.5	3
4080.5	2
4081.5	1
4082.5	3
4083.5	5
4084.5	3
4085.5	2
4086.5	3
4087.5	1
4088.5	2
4089.5	3
4090.5	2
4091.5	5
4092.5	1
4093.5	2
4094.5	2
4095.5	2
4096.5	5
4097.5	1
4098.5	2
4099.5	3
4100.5	1
4101.5	4
4102.5	3
4103.5	2
4104.5	2
4105.5	1
4106.5	2
4107.5	0
4108.5	2
4109.5	0
4110.5	1
4111.5	2
4112.5	3
4113.5	3
4114.5	1
4115.5	2
4116.5	5
4117.5	1
4118.5	2
4119.5	1
4120.5	3
4121.5	5
4122.5	2
4123.5	2
4124.5	5
4125.5	2
4126.5	3
4127.5	3
4128.5	2
4129.5	2
4130.5	2
4131.5	4
4132.5	2
4133.5	1
4134.5	1
4135.5	1
4136.5	2
4137.5	1
4138.5	1
4139.5	4
4140.5	3
4141.5	1
4142.5	2
4143.5	1
4144.5	3
4145.5	1
4146.5	2
4147.5	2
4148.5	3
4149.5	1
4150.5	1
4151.5	2
4152.5	2
4153.5	0
4154.5	5
4155.5	3
4156.5	1
4157.5	3
4158.5	2
4159.5	2
4160.5	1
4161.5	0
4162.5	1
4163.5	1
4164.5	1
4165.5	0
4166.5	1
4167.5	1
4168.5	2
4169.5	0
4170.5	0
4171.5	3
4172.5	1
4173.5	0
4174.5	1
4175.5	1
4176.5	1
4177.5	1
4178.5	0
4179.5	4
4180.5	2
4181.5	2
4182.5	2
4183.5	1
4184.5	1
4185.5	1
4186.5	4
4187.5	3
4188.5	2
4189.5	4
4190.5	7
4191.5	1
4192.5	1
4193.5	2
4194.5	0
4195.5	3
4196.5	1
4197.5	3
4198.5	1
4199.5	0
4200.5	3
4201.5	3
4202.5	1
4203.5	1
4204.5	2
4205.5	1
4206.5	4
4207.5	1
4208.5	3
4209.5	1
4210.5	1
4211.5	2
4212.5	3
4213.5	4
4214.5	0
4215.5	3
4216.5	1
4217.5	0
4218.5	1
4219.5	0
4220.5	1
4221.5	3
4222.5	1
4223.5	1
4224.5	1
4225.5	2
4226.5	3
4227.5	0
4228.5	2
4229.5	0
4230.5	1
4231.5	1
4232.5	1
4233.5	2
4234.5	2
4235.5	1
4236.5	1
4237.5	1
4238.5	0
4239.5	1
4240.5	1
4241.5	3
4242.5	1
4243.5	2
4244.5	0
4245.5	1
4246.5	0
4247.5	2
4248.5	1
4249.5	1
4250.5	5
4251.5	2
4252.5	1
4253.5	0
4254.5	3
4255.5	0
4256.5	3
4257.5	2
4258.5	1
4259.5	2
4260.5	4
4261.5	1
4262.5	2
4263.5	2
4264.5	1
4265.5	0
4266.5	2
4267.5	1
4268.5	1
4269.5	0
4270.5	2
4271.5	3
4272.5	5
4273.5	2
4274.5	1
4275.5	0
4276.5	2
4277.5	2
4278.5	1
4279.5	4
4280.5	1
4281.5	1
4282.5	1
4283.5	4
4284.5	3
4285.5	0
4286.5	0
4287.5	2
4288.5	0
4289.5	6
4290.5	4
4291.5	0
4292.5	1
4293.5	3
4294.5	1
4295.5	1
4296.5	2
4297.5	1
4298.5	3
4299.5	0
4300.5	1
4301.5	4
4302.5	0
4303.5	1
4304.5	2
4305.5	0
4306.5	7
4307.5	0
4308.5	2
4309.5	6
4310.5	3
4311.5	1
4312.5	1
4313.5	3
4314.5	1
4315.5	0
4316.5	1
4317.5	2
4318.5	2
4319.5	1
4320.5	2
4321.5	3
4322.5	2
4323.5	0
4324.5	2
4325.5	1
4326.5	2
4327.5	1
4328.5	1
4329.5	5
4330.5	4
4331.5	5
4332.5	3
4333.5	1
4334.5	2
4335.5	2
4336.5	2
4337.5	1
4338.5	2
4339.5	2
4340.5	4
4341.5	5
4342.5	1
4343.5	3
4344.5	4
4345.5	1
4346.5	1
4347.5	3
4348.5	2
4349.5	1
4350.5	0
4351.5	2
4352.5	2
4353.5	0
4354.5	1
4355.5	1
4356.5	1
4357.5	0
4358.5	1
4359.5	3
4360.5	1
4361.5	2
4362.5	0
4363.5	2
4364.5	1
4365.5	1
4366.5	4
4367.5	3
4368.5	3
4369.5	4
4370.5	1
4371.5	1
4372.5	0
4373.5	2
4374.5	4
4375.5	1
4376.5	0
4377.5	1
4378.5	1
4379.5	2
4380.5	1
4381.5	1
4382.5	0
4383.5	0
4384.5	5
4385.5	2
4386.5	1
4387.5	0
4388.5	0
4389.5	2
4390.5	1
4391.5	3
4392.5	2
4393.5	1
4394.5	2
4395.5	3
4396.5	1
4397.5	4
4398.5	1
4399.5	2
4400.5	1
4401.5	3
4402.5	0
4403.5	2
4404.5	0
4405.5	4
4406.5	4
4407.5	0
4408.5	4
4409.5	4
4410.5	1
4411.5	4
4412.5	1
4413.5	3
4414.5	3
4415.5	2
4416.5	2
4417.5	3
4418.5	4
4419.5	3
4420.5	3
4421.5	1
4422.5	8
4423.5	3
4424.5	4
4425.5	0
4426.5	0
4427.5	2
4428.5	0
4429.5	2
4430.5	2
4431.5	1
4432.5	4
4433.5	2
4434.5	4
4435.5	2
4436.5	7
4437.5	2
4438.5	3
4439.5	3
4440.5	2
4441.5	3
4442.5	2
4443.5	1
4444.5	3
4445.5	2
4446.5	2
4447.5	3
4448.5	4
4449.5	2
4450.5	6
4451.5	2
4452.5	1
4453.5	3
4454.5	3
4455.5	3
4456.5	2
4457.5	2
4458.5	3
4459.5	3
4460.5	3
4461.5	0
4462.5	1
4463.5	2
4464.5	0
4465.5	3
4466.5	2
4467.5	2
4468.5	2
4469.5	3
4470.5	4
4471.5	2
4472.5	1
4473.5	3
4474.5	6
4475.5	0
4476.5	2
4477.5	4
4478.5	1
4479.5	4
4480.5	2
4481.5	5
4482.5	1
4483.5	1
4484.5	6
4485.5	1
4486.5	0
4487.5	1
4488.5	2
4489.5	2
4490.5	3
4491.5	1
4492.5	2
4493.5	2
4494.5	1
4495.5	1
4496.5	0
4497.5	3
4498.5	1
4499.5	0
4500.5	4
4501.5	3
4502.5	2
4503.5	4
4504.5	2
4505.5	1
4506.5	5
4507.5	2
4508.5	2
4509.5	1
4510.5	1
4511.5	3
4512.5	3
4513.5	2
4514.5	0
4515.5	3
4516.5	3
4517.5	6
4518.5	0
4519.5	1
4520.5	2
4521.5	1
4522.5	0
4523.5	1
4524.5	6
4525.5	4
4526.5	1
4527.5	4
4528.5	0
4529.5	0
4530.5	0
4531.5	4
4532.5	1
4533.5	1
4534.5	5
4535.5	2
4536.5	1
4537.5	1
4538.5	0
4539.5	2
4540.5	3
4541.5	7
4542.5	1
4543.5	2
4544.5	1
4545.5	2
4546.5	3
4547.5	0
4548.5	1
4549.5	1
4550.5	5
4551.5	4
4552.5	3
4553.5	2
4554.5	2
4555.5	2
4556.5	2
4557.5	0
4558.5	2
4559.5	1
4560.5	0
4561.5	3
4562.5	2
4563.5	1
4564.5	3
4565.5	4
4566.5	0
4567.5	0
4568.5	3
4569.5	2
4570.5	1
4571.5	4
4572.5	5
4573.5	1
4574.5	0
4575.5	2
4576.5	3
4577.5	0
4578.5	2
4579.5	1
4580.5	0
4581.5	1
4582.5	2
4583.5	2
4584.5	1
4585.5	2
4586.5	1
4587.5	0
4588.5	1
4589.5	1
4590.5	2
4591.5	4
4592.5	2
4593.5	4
4594.5	2
4595.5	2
4596.5	1
4597.5	1
4598.5	0
4599.5	1
4600.5	2
4601.5	5
4602.5	1
4603.5	0
4604.5	4
4605.5	2
4606.5	4
4607.5	2
4608.5	4
4609.5	2
4610.5	2
4611.5	2
4612.5	1
4613.5	1
4614.5	3
4615.5	3
4616.5	4
4617.5	2
4618.5	1
4619.5	3
4620.5	0
4621.5	0
4622.5	1
4623.5	2
4624.5	2
4625.5	2
4626.5	1
4627.5	0
4628.5	3
4629.5	2
4630.5	1
4631.5	0
4632.5	5
4633.5	2
4634.5	3
4635.5	1
4636.5	1
4637.5	2
4638.5	3
4639.5	1
4640.5	5
4641.5	2
4642.5	0
4643.5	3
4644.5	1
4645.5	1
4646.5	3
4647.5	0
4648.5	1
4649.5	1
4650.5	0
4651.5	0
4652.5	1
4653.5	0
4654.5	2
4655.5	0
4656.5	4
4657.5	0
4658.5	4
4659.5	0
4660.5	2
4661.5	1
4662.5	2
4663.5	2
4664.5	2
4665.5	0
4666.5	0
4667.5	4
4668.5	3
4669.5	2
4670.5	3
4671.5	0
4672.5	4
4673.5	2
4674.5	2
4675.5	3
4676.5	2
4677.5	1
4678.5	5
4679.5	2
4680.5	1
4681.5	0
4682.5	6
4683.5	1
4684.5	4
4685.5	1
4686.5	3
4687.5	2
4688.5	2
4689.5	4
4690.5	2
4691.5	2
4692.5	7
4693.5	4
4694.5	1
4695.5	4
4696.5	2
4697.5	5
4698.5	2
4699.5	1
4700.5	2
4701.5	0
4702.5	1
4703.5	3
4704.5	0
4705.5	4
4706.5	3
4707.5	0
4708.5	4
4709.5	3
4710.5	0
4711.5	5
4712.5	3
4713.5	2
4714.5	2
4715.5	2
4716.5	4
4717.5	4
4718.5	0
4719.5	2
4720.5	2
4721.5	4
4722.5	2
4723.5	3
4724.5	3
4725.5	0
4726.5	2
4727.5	1
4728.5	2
4729.5	4
4730.5	3
4731.5	1
4732.5	3
4733.5	1
4734.5	2
4735.5	3
4736.5	0
4737.5	3
4738.5	3
4739.5	3
4740.5	3
4741.5	2
4742.5	2
4743.5	4
4744.5	4
4745.5	2
4746.5	2
4747.5	1
4748.5	3
4749.5	5
4750.5	0
4751.5	3
4752.5	0
4753.5	5
4754.5	2
4755.5	1
4756.5	0
4757.5	4
4758.5	3
4759.5	4
4760.5	3
4761.5	4
4762.5	2
4763.5	2
4764.5	5
4765.5	2
4766.5	2
4767.5	4
4768.5	2
4769.5	3
4770.5	1
4771.5	1
4772.5	1
4773.5	1
4774.5	0
4775.5	3
4776.5	5
4777.5	3
4778.5	0
4779.5	4
4780.5	2
4781.5	2
4782.5	3
4783.5	2
4784.5	1
4785.5	5
4786.5	2
4787.5	2
4788.5	4
4789.5	2
4790.5	2
4791.5	1
4792.5	5
4793.5	0
4794.5	3
4795.5	2
4796.5	2
4797.5	1
4798.5	2
4799.5	3
4800.5	3
4801.5	9
4802.5	0
4803.5	1
4804.5	3
4805.5	3
4806.5	4
4807.5	2
4808.5	2
4809.5	3
4810.5	3
4811.5	4
4812.5	3
4813.5	2
4814.5	2
4815.5	1
4816.5	6
4817.5	1
4818.5	1
4819.5	1
4820.5	3
4821.5	3
4822.5	3
4823.5	3
4824.5	2
4825.5	3
4826.5	2
4827.5	0
4828.5	3
4829.5	5
4830.5	3
4831.5	1
4832.5	4
4833.5	3
4834.5	1
4835.5	0
4836.5	3
4837.5	2
4838.5	2
4839.5	2
4840.5	4
4841.5	1
4842.5	1
4843.5	3
4844.5	4
4845.5	1
4846.5	4
4847.5	3
4848.5	1
4849.5	1
4850.5	2
4851.5	1
4852.5	3
4853.5	4
4854.5	1
4855.5	5
4856.5	3
4857.5	3
4858.5	2
4859.5	3
4860.5	1
4861.5	0
4862.5	2
4863.5	2
4864.5	1
4865.5	3
4866.5	1
4867.5	2
4868.5	2
4869.5	4
4870.5	1
4871.5	1
4872.5	1
4873.5	2
4874.5	6
4875.5	3
4876.5	0
4877.5	0
4878.5	1
4879.5	1
4880.5	0
4881.5	1
4882.5	0
4883.5	2
4884.5	1
4885.5	3
4886.5	4
4887.5	1
4888.5	0
4889.5	3
4890.5	3
4891.5	1
4892.5	5
4893.5	0
4894.5	4
4895.5	3
4896.5	3
4897.5	2
4898.5	4
4899.5	4
4900.5	5
4901.5	3
4902.5	1
4903.5	3
4904.5	4
4905.5	4
4906.5	2
4907.5	7
4908.5	3
4909.5	1
4910.5	0
4911.5	4
4912.5	3
4913.5	1
4914.5	7
4915.5	2
4916.5	4
4917.5	2
4918.5	1
4919.5	3
4920.5	1
4921.5	2
4922.5	4
4923.5	1
4924.5	4
4925.5	1
4926.5	1
4927.5	3
4928.5	1
4929.5	2
4930.5	5
4931.5	3
4932.5	0
4933.5	1
4934.5	1
4935.5	0
4936.5	4
4937.5	5
4938.5	2
4939.5	1
4940.5	2
4941.5	3
4942.5	0
4943.5	0
4944.5	3
4945.5	6
4946.5	2
4947.5	3
4948.5	5
4949.5	2
4950.5	3
4951.5	2
4952.5	0
4953.5	3
4954.5	2
4955.5	2
4956.5	2
4957.5	3
4958.5	4
4959.5	3
4960.5	2
4961.5	6
4962.5	2
4963.5	0
4964.5	2
4965.5	3
4966.5	4
4967.5	5
4968.5	3
4969.5	3
4970.5	3
4971.5	0
4972.5	5
4973.5	2
4974.5	0
4975.5	4
4976.5	0
4977.5	1
4978.5	2
4979.5	1
4980.5	4
4981.5	2
4982.5	1
4983.5	2
4984.5	1
4985.5	3
4986.5	0
4987.5	2
4988.5	4
4989.5	2
4990.5	2
4991.5	2
4992.5	4
4993.5	2
4994.5	6
4995.5	0
4996.5	1
4997.5	4
4998.5	2
4999.5	0
5000.5	3
5001.5	3
5002.5	1
5003.5	3
5004.5	0
5005.5	3
5006.5	3
5007.5	4
5008.5	6
5009.5	3
5010.5	3
5011.5	2
5012.5	3
5013.5	6
5014.5	4
5015.5	2
5016.5	0
5017.5	2
5018.5	4
5019.5	2
5020.5	2
5021.5	2
5022.5	4
5023.5	2
5024.5	3
5025.5	2
5026.5	2
5027.5	3
5028.5	6
5029.5	2
5030.5	4
5031.5	0
5032.5	3
5033.5	3
5034.5	6
5035.5	0
5036.5	0
5037.5	4
5038.5	2
5039.5	2
5040.5	3
5041.5	0
5042.5	2
5043.5	2
5044.5	2
5045.5	2
5046.5	4
5047.5	2
5048.5	5
5049.5	2
5050.5	1
5051.5	2
5052.5	5
5053.5	2
5054.5	3
5055.5	4
5056.5	1
5057.5	2
5058.5	2
5059.5	6
5060.5	3
5061.5	1
5062.5	3
5063.5	3
5064.5	2
5065.5	0
5066.5	0
5067.5	2
5068.5	2
5069.5	2
5070.5	3
5071.5	2
5072.5	1
5073.5	2
5074.5	6
5075.5	1
5076.5	2
5077.5	2
5078.5	2
5079.5	1
5080.5	0
5081.5	3
5082.5	4
5083.5	2
5084.5	4
5085.5	4
5086.5	3
5087.5	2
5088.5	2
5089.5	4
5090.5	1
5091.5	5
5092.5	2
5093.5	2
5094.5	2
5095.5	3
5096.5	1
5097.5	1
5098.5	1
5099.5	1
5100.5	2
5101.5	0
5102.5	1
5103.5	0
5104.5	3
5105.5	2
5106.5	0
5107.5	1
5108.5	3
5109.5	4
5110.5	4
5111.5	2
5112.5	4
5113.5	3
5114.5	0
5115.5	2
5116.5	1
5117.5	4
5118.5	6
5119.5	0
5120.5	3
5121.5	4
5122.5	0
5123.5	1
5124.5	1
5125.5	1
5126.5	1
5127.5	1
5128.5	3
5129.5	3
5130.5	2
5131.5	0
5132.5	4
5133.5	3
5134.5	2
5135.5	1
5136.5	5
5137.5	4
5138.5	0
5139.5	3
5140.5	1
5141.5	2
5142.5	1
5143.5	2
5144.5	3
5145.5	1
5146.5	2
5147.5	2
5148.5	2
5149.5	3
5150.5	2
5151.5	2
5152.5	6
5153.5	3
5154.5	3
5155.5	2
5156.5	2
5157.5	2
5158.5	1
5159.5	1
5160.5	3
5161.5	2
5162.5	2
5163.5	2
5164.5	1
5165.5	3
5166.5	2
5167.5	4
5168.5	2
5169.5	4
5170.5	0
5171.5	2
5172.5	2
5173.5	2
5174.5	1
5175.5	6
5176.5	1
5177.5	1
5178.5	2
5179.5	1
5180.5	3
5181.5	2
5182.5	4
5183.5	5
5184.5	1
5185.5	0
5186.5	6
5187.5	1
5188.5	2
5189.5	0
5190.5	2
5191.5	2
5192.5	4
5193.5	0
5194.5	2
5195.5	3
5196.5	5
5197.5	3
5198.5	2
5199.5	2
5200.5	2
5201.5	3
5202.5	1
5203.5	2
5204.5	0
5205.5	3
5206.5	4
5207.5	2
5208.5	0
5209.5	1
5210.5	3
5211.5	1
5212.5	1
5213.5	4
5214.5	2
5215.5	1
5216.5	1
5217.5	2
5218.5	5
5219.5	2
5220.5	4
5221.5	3
5222.5	3
5223.5	1
5224.5	5
5225.5	2
5226.5	1
5227.5	1
5228.5	1
5229.5	3
5230.5	2
5231.5	4
5232.5	2
5233.5	1
5234.5	1
5235.5	4
5236.5	0
5237.5	1
5238.5	1
5239.5	3
5240.5	1
5241.5	8
5242.5	3
5243.5	2
5244.5	2
5245.5	0
5246.5	4
5247.5	2
5248.5	1
5249.5	1
5250.5	1
5251.5	2
5252.5	0
5253.5	1
5254.5	1
5255.5	4
5256.5	1
5257.5	2
5258.5	0
5259.5	1
5260.5	3
5261.5	6
5262.5	1
5263.5	3
5264.5	3
5265.5	1
5266.5	1
5267.5	4
5268.5	5
5269.5	4
5270.5	2
5271.5	2
5272.5	3
5273.5	0
5274.5	0
5275.5	0
5276.5	4
5277.5	3
5278.5	5
5279.5	1
5280.5	1
5281.5	1
5282.5	1
5283.5	6
5284.5	1
5285.5	3
5286.5	0
5287.5	2
5288.5	2
5289.5	0
5290.5	3
5291.5	3
5292.5	2
5293.5	3
5294.5	3
5295.5	4
5296.5	2
5297.5	3
5298.5	1
5299.5	2
5300.5	2
5301.5	3
5302.5	2
5303.5	3
5304.5	2
5305.5	1
5306.5	1
5307.5	2
5308.5	1
5309.5	5
5310.5	2
5311.5	2
5312.5	5
5313.5	2
5314.5	2
5315.5	4
5316.5	2
5317.5	3
5318.5	2
5319.5	1
5320.5	3
5321.5	1
5322.5	4
5323.5	1
5324.5	3
5325.5	0
5326.5	2
5327.5	2
5328.5	6
5329.5	2
5330.5	5
5331.5	2
5332.5	2
5333.5	1
5334.5	4
5335.5	1
5336.5	3
5337.5	2
5338.5	4
5339.5	1
5340.5	3
5341.5	2
5342.5	3
5343.5	4
5344.5	1
5345.5	4
5346.5	1
5347.5	1
5348.5	1
5349.5	0
5350.5	2
5351.5	4
5352.5	3
5353.5	2
5354.5	2
5355.5	2
5356.5	2
5357.5	3
5358.5	2
5359.5	0
5360.5	4
5361.5	0
5362.5	1
5363.5	1
5364.5	0
5365.5	0
5366.5	0
5367.5	3
5368.5	1
5369.5	0
5370.5	1
5371.5	2
5372.5	2
5373.5	2
5374.5	1
5375.5	1
5376.5	1
5377.5	1
5378.5	1
5379.5	1
5380.5	1
5381.5	1
5382.5	2
5383.5	1
5384.5	2
5385.5	4
5386.5	1
5387.5	1
5388.5	2
5389.5	3
5390.5	2
5391.5	2
5392.5	0
5393.5	0
5394.5	1
5395.5	1
5396.5	1
5397.5	2
5398.5	1
5399.5	0
5400.5	3
5401.5	2
5402.5	0
5403.5	1
5404.5	0
5405.5	2
5406.5	2
5407.5	1
5408.5	2
5409.5	3
5410.5	1
5411.5	0
5412.5	4
5413.5	2
5414.5	1
5415.5	0
5416.5	4
5417.5	5
5418.5	1
5419.5	0
5420.5	2
5421.5	1
5422.5	4
5423.5	1
5424.5	0
5425.5	3
5426.5	1
5427.5	2
5428.5	2
5429.5	1
5430.5	2
5431.5	2
5432.5	2
5433.5	0
5434.5	1
5435.5	0
5436.5	2
5437.5	0
5438.5	1
5439.5	2
5440.5	2
5441.5	1
5442.5	1
5443.5	0
5444.5	2
5445.5	1
5446.5	2
5447.5	0
5448.5	3
5449.5	1
5450.5	0
5451.5	0
5452.5	1
5453.5	2
5454.5	0
5455.5	2
5456.5	1
5457.5	2
5458.5	0
5459.5	0
5460.5	1
5461.5	2
5462.5	0
5463.5	2
5464.5	3
5465.5	4
5466.5	4
5467.5	0
5468.5	2
5469.5	2
5470.5	2
5471.5	3
5472.5	1
5473.5	3
5474.5	3
5475.5	1
5476.5	0
5477.5	1
5478.5	2
5479.5	3
5480.5	1
5481.5	1
5482.5	0
5483.5	1
5484.5	2
5485.5	2
5486.5	1
5487.5	1
5488.5	3
5489.5	1
5490.5	0
5491.5	1
5492.5	2
5493.5	0
5494.5	1
5495.5	1
5496.5	2
5497.5	2
5498.5	2
5499.5	2
5500.5	1
5501.5	2
5502.5	2
5503.5	0
5504.5	2
5505.5	1
5506.5	2
5507.5	3
5508.5	0
5509.5	2
5510.5	0
5511.5	1
5512.5	0
5513.5	4
5514.5	1
5515.5	1
5516.5	0
5517.5	1
5518.5	1
5519.5	0
5520.5	0
5521.5	0
5522.5	1
5523.5	1
5524.5	1
5525.5	1
5526.5	1
5527.5	1
5528.5	1
5529.5	2
5530.5	0
5531.5	3
5532.5	1
5533.5	2
5534.5	3
5535.5	1
5536.5	2
5537.5	1
5538.5	0
5539.5	0
5540.5	2
5541.5	2
5542.5	2
5543.5	0
5544.5	0
5545.5	0
5546.5	1
5547.5	0
5548.5	3
5549.5	1
5550.5	2
5551.5	0
5552.5	0
5553.5	2
5554.5	0
5555.5	1
5556.5	1
5557.5	0
5558.5	3
5559.5	0
5560.5	3
5561.5	1
5562.5	0
5563.5	2
5564.5	3
5565.5	1
5566.5	4
5567.5	3
5568.5	0
5569.5	1
5570.5	1
5571.5	3
5572.5	0
5573.5	2
5574.5	2
5575.5	2
5576.5	2
5577.5	3
5578.5	0
5579.5	1
5580.5	1
5581.5	2
5582.5	1
5583.5	1
5584.5	5
5585.5	0
5586.5	2
5587.5	2
5588.5	1
5589.5	1
5590.5	5
5591.5	0
5592.5	1
5593.5	2
5594.5	3
5595.5	1
5596.5	1
5597.5	1
5598.5	0
5599.5	1
5600.5	0
5601.5	0
5602.5	4
5603.5	0
5604.5	1
5605.5	3
5606.5	1
5607.5	3
5608.5	0
5609.5	2
5610.5	3
5611.5	0
5612.5	1
5613.5	2
5614.5	2
5615.5	1
5616.5	0
5617.5	0
5618.5	2
5619.5	2
5620.5	1
5621.5	3
5622.5	1
5623.5	0
5624.5	2
5625.5	4
5626.5	0
5627.5	1
5628.5	1
5629.5	0
5630.5	1
5631.5	2
5632.5	0
5633.5	2
5634.5	0
5635.5	1
5636.5	0
5637.5	1
5638.5	1
5639.5	0
5640.5	2
5641.5	1
5642.5	0
5643.5	0
5644.5	0
5645.5	0
5646.5	1
5647.5	1
5648.5	1
5649.5	1
5650.5	0
5651.5	1
5652.5	0
5653.5	0
5654.5	0
5655.5	1
5656.5	1
5657.5	1
5658.5	0
5659.5	0
5660.5	0
5661.5	2
5662.5	0
5663.5	3
5664.5	0
5665.5	3
5666.5	3
5667.5	2
5668.5	0
5669.5	0
5670.5	2
5671.5	1
5672.5	0
5673.5	1
5674.5	1
5675.5	0
5676.5	2
5677.5	1
5678.5	2
5679.5	0
5680.5	0
5681.5	1
5682.5	2
5683.5	0
5684.5	1
5685.5	1
5686.5	1
5687.5	3
5688.5	3
5689.5	1
5690.5	2
5691.5	0
5692.5	3
5693.5	0
5694.5	0
5695.5	0
5696.5	1
5697.5	1
5698.5	1
5699.5	0
5700.5	1
5701.5	0
5702.5	2
5703.5	1
5704.5	1
5705.5	0
5706.5	0
5707.5	3
5708.5	0
5709.5	0
5710.5	1
5711.5	0
5712.5	0
5713.5	3
5714.5	0
5715.5	1
5716.5	0
5717.5	0
5718.5	1
5719.5	1
5720.5	1
5721.5	0
5722.5	1
5723.5	2
5724.5	0
5725.5	0
5726.5	0
5727.5	0
5728.5	1
5729.5	1
5730.5	1
5731.5	0
5732.5	1
5733.5	1
5734.5	0
5735.5	1
5736.5	0
5737.5	2
5738.5	0
5739.5	4
5740.5	1
5741.5	3
5742.5	2
5743.5	1
5744.5	0
5745.5	1
5746.5	0
5747.5	2
5748.5	1
5749.5	1
5750.5	0
5751.5	1
5752.5	0
5753.5	0
5754.5	0
5755.5	1
5756.5	0
5757.5	0
5758.5	0
5759.5	0
5760.5	0
5761.5	0
5762.5	1
5763.5	1
5764.5	1
5765.5	0
5766.5	2
5767.5	0
5768.5	1
5769.5	0
5770.5	1
5771.5	0
5772.5	1
5773.5	1
5774.5	1
5775.5	1
5776.5	1
5777.5	2
5778.5	0
5779.5	0
5780.5	1
5781.5	0
5782.5	0
5783.5	0
5784.5	0
5785.5	0
5786.5	1
5787.5	0
5788.5	0
5789.5	0
5790.5	1
5791.5	0
5792.5	0
5793.5	1
5794.5	1
5795.5	3
5796.5	0
5797.5	0
5798.5	2
5799.5	0
5800.5	0
5801.5	0
5802.5	0
5803.5	0
5804.5	1
5805.5	0
5806.5	1
5807.5	0
5808.5	1
5809.5	1
5810.5	0
5811.5	1
5812.5	0
5813.5	0
5814.5	1
5815.5	0
5816.5	0
5817.5	0
5818.5	0
5819.5	0
5820.5	0
5821.5	1
5822.5	1
5823.5	0
5824.5	0
5825.5	2
5826.5	3
5827.5	1
5828.5	1
5829.5	1
5830.5	0
5831.5	0
5832.5	0
5833.5	1
5834.5	2
5835.5	0
5836.5	1
5837.5	0
5838.5	2
5839.5	0
5840.5	2
5841.5	1
5842.5	1
5843.5	0
5844.5	0
5845.5	0
5846.5	0
5847.5	0
5848.5	2
5849.5	1
5850.5	0
5851.5	0
5852.5	0
5853.5	0
5854.5	2
5855.5	0
5856.5	2
5857.5	0
5858.5	0
5859.5	2
5860.5	0
5861.5	2
5862.5	1
5863.5	0
5864.5	1
5865.5	1
5866.5	2
5867.5	0
5868.5	1
5869.5	0
5870.5	0
5871.5	0
5872.5	0
5873.5	3
5874.5	2
5875.5	0
5876.5	2
5877.5	1
5878.5	2
5879.5	0
5880.5	1
5881.5	0
5882.5	0
5883.5	0
5884.5	0
5885.5	0
5886.5	1
5887.5	1
5888.5	1
5889.5	1
5890.5	0
5891.5	0
5892.5	0
5893.5	0
5894.5	0
5895.5	0
5896.5	0
5897.5	1
5898.5	0
5899.5	1
5900.5	0
5901.5	2
5902.5	0
5903.5	0
5904.5	0
5905.5	1
5906.5	0
5907.5	0
5908.5	1
5909.5	0
5910.5	0
5911.5	0
5912.5	0
5913.5	1
5914.5	0
5915.5	0
5916.5	1
5917.5	0
5918.5	0
5919.5	1
5920.5	0
5921.5	0
5922.5	0
5923.5	0
5924.5	1
5925.5	0
5926.5	0
5927.5	2
5928.5	0
5929.5	0
5930.5	1
5931.5	1
5932.5	1
5933.5	2
5934.5	0
5935.5	0
5936.5	0
5937.5	1
5938.5	0
5939.5	1
5940.5	0
5941.5	0
5942.5	0
5943.5	3
5944.5	1
5945.5	0
5946.5	1
5947.5	1
5948.5	0
5949.5	0
5950.5	1
5951.5	1
5952.5	2
5953.5	0
5954.5	0
5955.5	0
5956.5	0
5957.5	0
5958.5	0
5959.5	2
5960.5	2
5961.5	0
5962.5	0
5963.5	1
5964.5	1
5965.5	0
5966.5	0
5967.5	0
5968.5	1
5969.5	1
5970.5	0
5971.5	1
5972.5	0
5973.5	0
5974.5	1
5975.5	0
5976.5	0
5977.5	0
5978.5	1
5979.5	0
5980.5	0
5981.5	0
5982.5	2
5983.5	0
5984.5	0
5985.5	0
5986.5	0
5987.5	0
5988.5	0
5989.5	0
5990.5	0
5991.5	0
5992.5	0
5993.5	0
5994.5	1
5995.5	0
5996.5	0
5997.5	1
5998.5	2
5999.5	0
6000.5	1
6001.5	1
6002.5	1
6003.5	0
6004.5	0
6005.5	1
6006.5	0
6007.5	0
6008.5	0
6009.5	0
6010.5	1
6011.5	0
6012.5	0
6013.5	4
6014.5	0
6015.5	0
6016.5	0
6017.5	0
6018.5	0
6019.5	0
6020.5	0
6021.5	0
6022.5	1
6023.5	1
6024.5	0
6025.5	0
6026.5	0
6027.5	0
6028.5	0
6029.5	2
6030.5	0
6031.5	0
6032.5	0
6033.5	1
6034.5	0
6035.5	1
6036.5	0
6037.5	2
6038.5	0
6039.5	0
6040.5	1
6041.5	0
6042.5	0
6043.5	1
6044.5	0
6045.5	1
6046.5	1
6047.5	1
6048.5	0
6049.5	0
6050.5	0
6051.5	0
6052.5	0
6053.5	1
6054.5	0
6055.5	0
6056.5	0
6057.5	0
6058.5	1
6059.5	0
6060.5	1
6061.5	0
6062.5	0
6063.5	0
6064.5	1
6065.5	0
6066.5	1
6067.5	0
6068.5	0
6069.5	0
6070.5	1
6071.5	1
6072.5	1
6073.5	1
6074.5	0
6075.5	0
6076.5	0
6077.5	0
6078.5	0
6079.5	0
6080.5	0
6081.5	0
6082.5	1
6083.5	1
6084.5	0
6085.5	0
6086.5	1
6087.5	0
6088.5	1
6089.5	1
6090.5	0
6091.5	1
6092.5	0
6093.5	0
6094.5	0
6095.5	1
6096.5	1
6097.5	0
6098.5	1
6099.5	0
6100.5	1
6101.5	1
6102.5	0
6103.5	1
6104.5	0
6105.5	0
6106.5	0
6107.5	0
6108.5	0
6109.5	0
6110.5	0
6111.5	0
6112.5	0
6113.5	0
6114.5	0
6115.5	0
6116.5	0
6117.5	1
6118.5	0
6119.5	2
6120.5	1
6121.5	0
6122.5	1
6123.5	0
6124.5	0
6125.5	1
6126.5	0
6127.5	0
6128.5	0
6129.5	0
6130.5	0
6131.5	1
6132.5	0
6133.5	0
6134.5	0
6135.5	0
6136.5	0
6137.5	0
6138.5	1
6139.5	1
6140.5	1
6141.5	0
6142.5	0
6143.5	1
6144.5	1
6145.5	1
6146.5	0
6147.5	1
6148.5	0
6149.5	1
6150.5	0
6151.5	0
6152.5	0
6153.5	0
6154.5	0
6155.5	3
6156.5	0
6157.5	0
6158.5	0
6159.5	0
6160.5	2
6161.5	0
6162.5	3
6163.5	1
6164.5	1
6165.5	0
6166.5	0
6167.5	0
6168.5	0
6169.5	0
6170.5	0
6171.5	0
6172.5	0
6173.5	0
6174.5	0
6175.5	0
6176.5	1
6177.5	0
6178.5	0
6179.5	1
6180.5	4
6181.5	3
6182.5	0
6183.5	0
6184.5	0
6185.5	1
6186.5	0
6187.5	0
6188.5	0
6189.5	1
6190.5	0
6191.5	1
6192.5	0
6193.5	0
6194.5	0
6195.5	1
6196.5	1
6197.5	0
6198.5	1
6199.5	0
6200.5	2
6201.5	1
6202.5	1
6203.5	0
6204.5	1
6205.5	1
6206.5	0
6207.5	1
6208.5	1
6209.5	1
6210.5	0
6211.5	0
6212.5	0
6213.5	0
6214.5	1
6215.5	1
6216.5	0
6217.5	0
6218.5	2
6219.5	0
6220.5	0
6221.5	0
6222.5	1
6223.5	0
6224.5	0
6225.5	0
6226.5	0
6227.5	0
6228.5	0
6229.5	0
6230.5	0
6231.5	1
6232.5	1
6233.5	0
6234.5	1
6235.5	0
6236.5	0
6237.5	0
6238.5	0
6239.5	0
6240.5	0
6241.5	0
6242.5	0
6243.5	0
6244.5	0
6245.5	0
6246.5	0
6247.5	1
6248.5	0
6249.5	1
6250.5	0
6251.5	0
6252.5	0
6253.5	0
6254.5	1
6255.5	1
6256.5	0
6257.5	0
6258.5	1
6259.5	0
6260.5	1
6261.5	0
6262.5	0
6263.5	1
6264.5	1
6265.5	0
6266.5	0
6267.5	0
6268.5	0
6269.5	0
6270.5	0
6271.5	1
6272.5	0
6273.5	0
6274.5	1
6275.5	0
6276.5	0
6277.5	2
6278.5	0
6279.5	0
6280.5	0
6281.5	1
6282.5	0
6283.5	0
6284.5	2
6285.5	1
6286.5	1
6287.5	2
6288.5	1
6289.5	1
6290.5	1
6291.5	0
6292.5	0
6293.5	1
6294.5	0
6295.5	1
6296.5	1
6297.5	1
6298.5	0
6299.5	1
6300.5	0
6301.5	0
6302.5	1
6303.5	0
6304.5	1
6305.5	0
6306.5	0
6307.5	2
6308.5	0
6309.5	0
6310.5	1
6311.5	0
6312.5	1
6313.5	1
6314.5	0
6315.5	0
6316.5	0
6317.5	0
6318.5	0
6319.5	0
6320.5	0
6321.5	0
6322.5	0
6323.5	0
6324.5	0
6325.5	1
6326.5	1
6327.5	1
6328.5	0
6329.5	0
6330.5	0
6331.5	0
6332.5	0
6333.5	0
6334.5	0
6335.5	1
6336.5	0
6337.5	0
6338.5	0
6339.5	0
6340.5	1
6341.5	0
6342.5	0
6343.5	0
6344.5	0
6345.5	0
6346.5	0
6347.5	0
6348.5	1
6349.5	0
6350.5	0
6351.5	0
6352.5	0
6353.5	0
6354.5	0
6355.5	0
6356.5	0
6357.5	1
6358.5	0
6359.5	0
6360.5	0
6361.5	0
6362.5	0
6363.5	0
6364.5	1
6365.5	0
6366.5	0
6367.5	0
6368.5	1
6369.5	0
6370.5	0
6371.5	0
6372.5	0
6373.5	0
6374.5	0
6375.5	0
6376.5	0
6377.5	0
6378.5	0
6379.5	0
6380.5	0
6381.5	0
6382.5	1
6383.5	0
6384.5	0
6385.5	1
6386.5	0
6387.5	0
6388.5	1
6389.5	1
6390.5	0
6391.5	0
6392.5	0
6393.5	0
6394.5	0
6395.5	0
6396.5	0
6397.5	0
6398.5	0
6399.5	0
6400.5	0
6401.5	0
6402.5	1
6403.5	1
6404.5	0
6405.5	0
6406.5	0
6407.5	0
6408.5	0
6409.5	0
6410.5	0
6411.5	0
6412.5	0
6413.5	1
6414.5	0
6415.5	0
6416.5	0
6417.5	0
6418.5	0
6419.5	1
6420.5	1
6421.5	0
6422.5	0
6423.5	0
6424.5	1
6425.5	0
6426.5	1
6427.5	1
6428.5	1
6429.5	1
6430.5	0
6431.5	0
6432.5	0
6433.5	0
6434.5	0
6435.5	0
6436.5	0
6437.5	1
6438.5	0
6439.5	0
6440.5	1
6441.5	1
6442.5	0
6443.5	0
6444.5	0
6445.5	0
6446.5	0
6447.5	0
6448.5	0
6449.5	0
6450.5	0
6451.5	0
6452.5	0
6453.5	0
6454.5	0
6455.5	0
6456.5	0
6457.5	0
6458.5	0
6459.5	1
6460.5	1
6461.5	1
6462.5	0
6463.5	0
6464.5	0
6465.5	0
6466.5	1
6467.5	0
6468.5	0
6469.5	0
6470.5	0
6471.5	0
6472.5	0
6473.5	0
6474.5	1
6475.5	0
6476.5	0
6477.5	0
6478.5	0
6479.5	1
6480.5	0
6481.5	0
6482.5	0
6483.5	0
6484.5	0
6485.5	0
6486.5	0
6487.5	0
6488.5	1
6489.5	1
6490.5	0
6491.5	2
6492.5	1
6493.5	0
6494.5	0
6495.5	0
6496.5	0
6497.5	0
6498.5	0
6499.5	0
6500.5	0
6501.5	0
6502.5	0
6503.5	1
6504.5	0
6505.5	0
6506.5	1
6507.5	0
6508.5	1
6509.5	0
6510.5	0
6511.5	0
6512.5	0
6513.5	0
6514.5	1
6515.5	0
6516.5	0
6517.5	0
6518.5	1
6519.5	0
6520.5	1
6521.5	0
6522.5	1
6523.5	0
6524.5	0
6525.5	0
6526.5	2
6527.5	0
6528.5	0
6529.5	0
6530.5	1
6531.5	2
6532.5	0
6533.5	1
6534.5	0
6535.5	0
6536.5	0
6537.5	0
6538.5	0
6539.5	0
6540.5	0
6541.5	0
6542.5	0
6543.5	0
6544.5	0
6545.5	1
6546.5	0
6547.5	0
6548.5	1
6549.5	0
6550.5	0
6551.5	0
6552.5	0
6553.5	1
6554.5	0
6555.5	1
6556.5	0
6557.5	0
6558.5	0
6559.5	0
6560.5	0
6561.5	0
6562.5	0
6563.5	0
6564.5	1
6565.5	0
6566.5	1
6567.5	0
6568.5	1
6569.5	1
6570.5	0
6571.5	1
6572.5	0
6573.5	1
6574.5	0
6575.5	0
6576.5	2
6577.5	0
6578.5	1
6579.5	0
6580.5	0
6581.5	0
6582.5	0
6583.5	0
6584.5	0
6585.5	0
6586.5	0
6587.5	2
6588.5	0
6589.5	0
6590.5	0
6591.5	0
6592.5	0
6593.5	0
6594.5	0
6595.5	0
6596.5	1
6597.5	2
6598.5	0
6599.5	0
6600.5	0
6601.5	0
6602.5	0
6603.5	0
6604.5	0
6605.5	0
6606.5	0
6607.5	0
6608.5	0
6609.5	0
6610.5	1
6611.5	0
6612.5	0
6613.5	2
6614.5	0
6615.5	0
6616.5	0
6617.5	0
6618.5	0
6619.5	0
6620.5	1
6621.5	0
6622.5	0
6623.5	1
6624.5	0
6625.5	0
6626.5	0
6627.5	0
6628.5	0
6629.5	0
6630.5	1
6631.5	0
6632.5	0
6633.5	0
6634.5	1
6635.5	0
6636.5	0
6637.5	0
6638.5	1
6639.5	0
6640.5	0
6641.5	0
6642.5	0
6643.5	1
6644.5	0
6645.5	0
6646.5	2
6647.5	1
6648.5	0
6649.5	0
6650.5	1
6651.5	0
6652.5	0
6653.5	1
6654.5	1
6655.5	0
6656.5	0
6657.5	0
6658.5	0
6659.5	0
6660.5	1
6661.5	1
6662.5	0
6663.5	0
6664.5	0
6665.5	1
6666.5	0
6667.5	0
6668.5	0
6669.5	0
6670.5	0
6671.5	0
6672.5	0
6673.5	0
6674.5	1
6675.5	0
6676.5	0
6677.5	0
6678.5	1
6679.5	1
6680.5	0
6681.5	0
6682.5	1
6683.5	1
6684.5	0
6685.5	0
6686.5	0
6687.5	0
6688.5	0
6689.5	0
6690.5	0
6691.5	0
6692.5	0
6693.5	1
6694.5	0
6695.5	0
6696.5	0
6697.5	0
6698.5	0
6699.5	0
6700.5	0
6701.5	0
6702.5	0
6703.5	1
6704.5	0
6705.5	1
6706.5	0
6707.5	0
6708.5	0
6709.5	1
6710.5	0
6711.5	0
6712.5	0
6713.5	0
6714.5	0
6715.5	1
6716.5	0
6717.5	0
6718.5	0
6719.5	1
6720.5	0
6721.5	0
6722.5	0
6723.5	0
6724.5	0
6725.5	0
6726.5	0
6727.5	0
6728.5	1
6729.5	0
6730.5	0
6731.5	0
6732.5	0
6733.5	0
6734.5	0
6735.5	0
6736.5	0
6737.5	0
6738.5	0
6739.5	0
6740.5	1
6741.5	0
6742.5	0
6743.5	0
6744.5	0
6745.5	0
6746.5	0
6747.5	0
6748.5	0
6749.5	0
6750.5	0
6751.5	0
6752.5	0
6753.5	0
6754.5	0
6755.5	1
6756.5	0
6757.5	0
6758.5	1
6759.5	0
6760.5	0
6761.5	0
6762.5	0
6763.5	1
6764.5	0
6765.5	0
6766.5	0
6767.5	1
6768.5	0
6769.5	0
6770.5	0
6771.5	0
6772.5	0
6773.5	0
6774.5	0
6775.5	0
6776.5	0
6777.5	0
6778.5	0
6779.5	0
6780.5	0
6781.5	0
6782.5	0
6783.5	0
6784.5	0
6785.5	1
6786.5	0
6787.5	0
6788.5	0
6789.5	0
6790.5	0
6791.5	1
6792.5	0
6793.5	0
6794.5	0
6795.5	0
6796.5	0
6797.5	1
6798.5	0
6799.5	0
6800.5	0
6801.5	0
6802.5	0
6803.5	0
6804.5	0
6805.5	1
6806.5	0
6807.5	1
6808.5	0
6809.5	0
6810.5	0
6811.5	0
6812.5	0
6813.5	0
6814.5	0
6815.5	0
6816.5	0
6817.5	0
6818.5	1
6819.5	0
6820.5	0
6821.5	0
6822.5	1
6823.5	0
6824.5	1
6825.5	1
6826.5	0
6827.5	0
6828.5	0
6829.5	0
6830.5	0
6831.5	0
6832.5	1
6833.5	0
6834.5	0
6835.5	0
6836.5	0
6837.5	0
6838.5	0
6839.5	0
6840.5	1
6841.5	0
6842.5	0
6843.5	0
6844.5	0
6845.5	0
6846.5	0
6847.5	0
6848.5	0
6849.5	0
6850.5	0
6851.5	0
6852.5	0
6853.5	0
6854.5	0
6855.5	0
6856.5	0
6857.5	0
6858.5	1
6859.5	0
6860.5	0
6861.5	0
6862.5	0
6863.5	0
6864.5	1
6865.5	0
6866.5	0
6867.5	0
6868.5	0
6869.5	0
6870.5	0
6871.5	0
6872.5	0
6873.5	0
6874.5	0
6875.5	0
6876.5	0
6877.5	0
6878.5	0
6879.5	0
6880.5	0
6881.5	1
6882.5	0
6883.5	0
6884.5	0
6885.5	0
6886.5	0
6887.5	0
6888.5	0
6889.5	0
6890.5	0
6891.5	0
6892.5	0
6893.5	0
6894.5	0
6895.5	0
6896.5	0
6897.5	0
6898.5	0
6899.5	0
6900.5	0
6901.5	0
6902.5	0
6903.5	0
6904.5	0
6905.5	0
6906.5	0
6907.5	0
6908.5	0
6909.5	0
6910.5	0
6911.5	0
6912.5	0
6913.5	0
6914.5	0
6915.5	0
6916.5	0
6917.5	0
6918.5	0
6919.5	0
6920.5	0
6921.5	0
6922.5	0
6923.5	0
6924.5	0
6925.5	0
6926.5	0
6927.5	0
6928.5	0
6929.5	0
6930.5	0
6931.5	0
6932.5	0
6933.5	0
6934.5	0
6935.5	0
6936.5	0
6937.5	0
6938.5	0
6939.5	0
6940.5	0
6941.5	0
6942.5	0
6943.5	0
6944.5	0
6945.5	0
6946.5	0
6947.5	0
6948.5	0
6949.5	0
6950.5	0
6951.5	0
6952.5	0
6953.5	1
6954.5	0
6955.5	0
6956.5	0
6957.5	0
6958.5	0
6959.5	0
6960.5	0
6961.5	0
6962.5	0
6963.5	0
6964.5	0
6965.5	0
6966.5	0
6967.5	0
6968.5	0
6969.5	0
6970.5	0
6971.5	0
6972.5	0
6973.5	0
6974.5	0
6975.5	0
6976.5	0
6977.5	0
6978.5	0
6979.5	0
6980.5	0
6981.5	0
6982.5	0
6983.5	0
6984.5	0
6985.5	0
6986.5	0
6987.5	0
6988.5	0
6989.5	0
6990.5	0
6991.5	0
6992.5	0
6993.5	0
6994.5	0
6995.5	0
6996.5	0
6997.5	0
6998.5	0
6999.5	0
7000.5	0
7001.5	0
7002.5	0
7003.5	0
7004.5	0
7005.5	0
7006.5	0
7007.5	0
7008.5	0
7009.5	0
7010.5	0
7011.5	0
7012.5	0
7013.5	0
7014.5	0
7015.5	0
7016.5	0
7017.5	0
7018.5	0
7019.5	0
7020.5	0
7021.5	0
7022.5	0
7023.5	0
7024.5	0
7025.5	0
7026.5	0
7027.5	0
7028.5	1
7029.5	0
7030.5	0
7031.5	0
7032.5	0
7033.5	0
7034.5	0
7035.5	0
7036.5	0
7037.5	0
7038.5	0
7039.5	0
7040.5	0
7041.5	0
7042.5	0
7043.5	0
7044.5	0
7045.5	0
7046.5	0
7047.5	0
7048.5	0
7049.5	0
7050.5	0
7051.5	0
7052.5	0
7053.5	0
7054.5	0
7055.5	0
7056.5	0
7057.5	0
7058.5	0
7059.5	0
7060.5	0
7061.5	0
7062.5	0
7063.5	0
7064.5	0
7065.5	0
7066.5	0
7067.5	0
7068.5	0
7069.5	0
7070.5	0
7071.5	0
7072.5	0
7073.5	0
7074.5	0
7075.5	0
7076.5	0
7077.5	0
7078.5	0
7079.5	0
7080.5	0
7081.5	0
7082.5	0
7083.5	0
7084.5	0
7085.5	1
7086.5	0
7087.5	0
7088.5	0
7089.5	0
7090.5	0
7091.5	0
7092.5	0
7093.5	0
7094.5	0
7095.5	0
7096.5	0
7097.5	0
7098.5	0
7099.5	0
7100.5	0
7101.5	0
7102.5	0
7103.5	0
7104.5	0
7105.5	0
7106.5	0
7107.5	0
7108.5	0
7109.5	0
7110.5	0
7111.5	0
7112.5	0
7113.5	0
7114.5	0
7115.5	0
7116.5	0
7117.5	0
7118.5	0
7119.5	0
7120.5	0
7121.5	0
7122.5	0
7123.5	0
7124.5	0
7125.5	0
7126.5	0
7127.5	0
7128.5	0
7129.5	0
7130.5	0
7131.5	0
7132.5	0
7133.5	0
7134.5	0
7135.5	0
7136.5	0
7137.5	0
7138.5	0
7139.5	0
7140.5	0
7141.5	0
7142.5	0
7143.5	0
7144.5	0
7145.5	0
7146.5	0
7147.5	0
7148.5	0
7149.5	0
7150.5	0
7151.5	0
7152.5	0
7153.5	0
7154.5	0
7155.5	0
7156.5	0
7157.5	0
7158.5	0
7159.5	0
7160.5	0
7161.5	0
7162.5	0
7163.5	0
7164.5	0
7165.5	0
7166.5	0
7167.5	0
7168.5	0
7169.5	0
7170.5	0
7171.5	0
7172.5	0
7173.5	0
7174.5	0
7175.5	0
7176.5	0
7177.5	0
7178.5	0
7179.5	0
7180.5	0
7181.5	0
7182.5	0
7183.5	0
7184.5	0
7185.5	0
7186.5	0
7187.5	0
7188.5	0
7189.5	0
7190.5	0
7191.5	0
7192.5	0
7193.5	0
7194.5	0
7195.5	0
7196.5	0
7197.5	0
7198.5	0
7199.5	0
7200.5	0
7201.5	0
7202.5	0
7203.5	0
7204.5	0
7205.5	0
7206.5	0
7207.5	0
7208.5	0
7209.5	0
7210.5	0
7211.5	0
7212.5	0
7213.5	0
7214.5	0
7215.5	0
7216.5	0
7217.5	0
7218.5	0
7219.5	0
7220.5	0
7221.5	0
7222.5	0
7223.5	0
7224.5	0
7225.5	0
7226.5	0
7227.5	0
7228.5	0
7229.5	0
7230.5	0
7231.5	0
7232.5	0
7233.5	0
7234.5	0
7235.5	0
7236.5	0
7237.5	0
7238.5	0
7239.5	0
7240.5	0
7241.5	0
7242.5	0
7243.5	0
7244.5	0
7245.5	0
7246.5	0
7247.5	0
7248.5	1
7249.5	0
7250.5	0
7251.5	0
7252.5	0
7253.5	0
7254.5	0
7255.5	0
7256.5	0
7257.5	0
7258.5	0
7259.5	0
7260.5	0
7261.5	0
7262.5	0
7263.5	0
7264.5	0
7265.5	0
7266.5	0
7267.5	0
7268.5	0
7269.5	0
7270.5	0
7271.5	0
7272.5	0
7273.5	0
7274.5	0
7275.5	0
7276.5	0
7277.5	0
7278.5	0
7279.5	0
7280.5	0
7281.5	0
7282.5	0
7283.5	0
7284.5	0
7285.5	0
7286.5	0
7287.5	0
7288.5	0
7289.5	0
7290.5	0
7291.5	0
7292.5	0
7293.5	0
7294.5	0
7295.5	0
7296.5	0
7297.5	0
7298.5	0
7299.5	0
7300.5	0
7301.5	0
7302.5	0
7303.5	0
7304.5	0
7305.5	0
7306.5	0
7307.5	0
7308.5	0
7309.5	0
7310.5	0
7311.5	0
7312.5	0
7313.5	0
7314.5	0
7315.5	0
7316.5	0
7317.5	0
7318.5	0
7319.5	0
7320.5	0
7321.5	0
7322.5	0
7323.5	0
7324.5	0
7325.5	0
7326.5	0
7327.5	0
7328.5	0
7329.5	0
7330.5	0
7331.5	0
7332.5	0
7333.5	0
7334.5	0
7335.5	0
7336.5	0
7337.5	0
7338.5	0
7339.5	0
7340.5	0
7341.5	0
7342.5	0
7343.5	0
7344.5	0
7345.5	0
7346.5	0
7347.5	0
7348.5	0
7349.5	0
7350.5	0
7351.5	0
7352.5	0
7353.5	0
7354.5	0
7355.5	0
7356.5	0
7357.5	0
7358.5	0
7359.5	0
7360.5	0
7361.5	0
7362.5	0
7363.5	0
7364.5	0
7365.5	0
7366.5	0
7367.5	0
7368.5	0
7369.5	0
7370.5	0
7371.5	0
7372.5	0
7373.5	0
7374.5	0
7375.5	0
7376.5	0
7377.5	0
7378.5	0
7379.5	0
7380.5	0
7381.5	0
7382.5	0
7383.5	0
7384.5	0
7385.5	0
7386.5	0
7387.5	0
7388.5	0
7389.5	0
7390.5	0
7391.5	0
7392.5	0
7393.5	0
7394.5	0
7395.5	0
7396.5	0
7397.5	0
7398.5	0
7399.5	0
7400.5	0
7401.5	0
7402.5	0
7403.5	0
7404.5	0
7405.5	0
7406.5	0
7407.5	0
7408.5	0
7409.5	0
7410.5	0
7411.5	0
7412.5	0
7413.5	0
7414.5	0
7415.5	0
7416.5	0
7417.5	0
7418.5	0
7419.5	0
7420.5	0
7421.5	0
7422.5	0
7423.5	0
7424.5	0
7425.5	0
7426.5	0
7427.5	0
7428.5	0
7429.5	0
7430.5	0
7431.5	0
7432.5	0
7433.5	0
7434.5	0
7435.5	0
7436.5	0
7437.5	0
7438.5	0
7439.5	0
7440.5	0
7441.5	0
7442.5	0
7443.5	0
7444.5	0
7445.5	0
7446.5	0
7447.5	0
7448.5	0
7449.5	0
7450.5	0
7451.5	0
7452.5	0
7453.5	0
7454.5	0
7455.5	0
7456.5	0
7457.5	0
7458.5	0
7459.5	0
7460.5	0
7461.5	0
7462.5	0
7463.5	0
7464.5	0
7465.5	0
7466.5	0
7467.5	0
7468.5	0
7469.5	0
7470.5	0
7471.5	0
7472.5	0
7473.5	0
7474.5	0
7475.5	0
7476.5	0
7477.5	0
7478.5	0
7479.5	0
7480.5	0
7481.5	0
7482.5	0
7483.5	0
7484.5	0
7485.5	0
7486.5	0
7487.5	0
7488.5	0
7489.5	0
7490.5	0
7491.5	0
7492.5	0
7493.5	0
7494.5	0
7495.5	0
7496.5	0
7497.5	0
7498.5	0
7499.5	0
7500.5	0
7501.5	0
7502.5	0
7503.5	0
7504.5	0
7505.5	0
7506.5	0
7507.5	0
7508.5	0
7509.5	0
7510.5	0
7511.5	0
7512.5	0
7513.5	0
7514.5	0
7515.5	0
7516.5	0
7517.5	0
7518.5	0
7519.5	0
7520.5	0
7521.5	0
7522.5	0
7523.5	0
7524.5	0
7525.5	0
7526.5	0
7527.5	0
7528.5	0
7529.5	0
7530.5	0
7531.5	0
7532.5	0
7533.5	0
7534.5	0
7535.5	0
7536.5	0
7537.5	0
7538.5	0
7539.5	0
7540.5	0
7541.5	0
7542.5	0
7543.5	0
7544.5	0
7545.5	0
7546.5	0
7547.5	0
7548.5	0
7549.5	0
7550.5	0
7551.5	0
7552.5	0
7553.5	0
7554.5	0
7555.5	0
7556.5	0
7557.5	0
7558.5	0
7559.5	0
7560.5	0
7561.5	0
7562.5	0
7563.5	0
7564.5	0
7565.5	0
7566.5	0
7567.5	0
7568.5	0
7569.5	0
7570.5	0
7571.5	0
7572.5	0
7573.5	0
7574.5	0
7575.5	0
7576.5	0
7577.5	0
7578.5	0
7579.5	0
7580.5	0
7581.5	0
7582.5	0
7583.5	0
7584.5	0
7585.5	0
7586.5	0
7587.5	0
7588.5	0
7589.5	0
7590.5	0
7591.5	0
7592.5	0
7593.5	0
7594.5	0
7595.5	0
7596.5	0
7597.5	0
7598.5	0
7599.5	0
7600.5	0
7601.5	0
7602.5	0
7603.5	0
7604.5	0
7605.5	0
7606.5	0
7607.5	0
7608.5	0
7609.5	0
7610.5	0
7611.5	0
7612.5	0
7613.5	0
7614.5	0
7615.5	0
7616.5	0
7617.5	0
7618.5	0
7619.5	0
7620.5	0
7621.5	0
7622.5	0
7623.5	0
7624.5	0
7625.5	0
7626.5	0
7627.5	0
7628.5	0
7629.5	0
7630.5	0
7631.5	0
7632.5	0
7633.5	0
7634.5	0
7635.5	0
7636.5	0
7637.5	0
7638.5	0
7639.5	0
7640.5	0
7641.5	0
7642.5	0
7643.5	0
7644.5	0
7645.5	0
7646.5	0
7647.5	0
7648.5	0
7649.5	0
7650.5	0
7651.5	0
7652.5	0
7653.5	0
7654.5	0
7655.5	0
7656.5	0
7657.5	0
7658.5	0
7659.5	0
7660.5	0
7661.5	0
7662.5	0
7663.5	0
7664.5	0
7665.5	0
7666.5	0
7667.5	0
7668.5	0
7669.5	0
7670.5	0
7671.5	0
7672.5	0
7673.5	0
7674.5	0
7675.5	0
7676.5	0
7677.5	0
7678.5	0
7679.5	0
7680.5	0
7681.5	0
7682.5	0
7683.5	0
7684.5	0
7685.5	0
7686.5	0
7687.5	0
7688.5	0
7689.5	0
7690.5	0
7691.5	0
7692.5	0
7693.5	0
7694.5	0
7695.5	0
7696.5	0
7697.5	0
7698.5	0
7699.5	0
7700.5	0
7701.5	0
7702.5	0
7703.5	0
7704.5	0
7705.5	0
7706.5	0
7707.5	0
7708.5	0
7709.5	0
7710.5	0
7711.5	0
7712.5	0
7713.5	0
7714.5	0
7715.5	0
7716.5	0
7717.5	0
7718.5	0
7719.5	0
7720.5	0
7721.5	0
7722.5	0
7723.5	0
7724.5	0
7725.5	0
7726.5	0
7727.5	0
7728.5	0
7729.5	0
7730.5	0
7731.5	0
7732.5	0
7733.5	0
7734.5	0
7735.5	0
7736.5	0
7737.5	0
7738.5	0
7739.5	0
7740.5	0
7741.5	0
7742.5	0
7743.5	0
7744.5	0
7745.5	0
7746.5	0
7747.5	0
7748.5	0
7749.5	0
7750.5	0
7751.5	0
7752.5	0
7753.5	0
7754.5	0
7755.5	0
7756.5	0
7757.5	0
7758.5	0
7759.5	0
7760.5	0
7761.5	0
7762.5	0
7763.5	0
7764.5	0
7765.5	0
7766.5	0
7767.5	0
7768.5	0
7769.5	0
7770.5	0
7771.5	0
7772.5	0
7773.5	0
7774.5	0
7775.5	0
7776.5	0
7777.5	0
7778.5	0
7779.5	0
7780.5	0
7781.5	0
7782.5	0
7783.5	0
7784.5	0
7785.5	0
7786.5	0
7787.5	0
7788.5	0
7789.5	0
7790.5	0
7791.5	0
7792.5	0
7793.5	0
7794.5	0
7795.5	0
7796.5	0
7797.5	0
7798.5	0
7799.5	0
7800.5	0
7801.5	0
7802.5	0
7803.5	0
7804.5	0
7805.5	0
7806.5	0
7807.5	0
7808.5	0
7809.5	0
7810.5	0
7811.5	0
7812.5	0
7813.5	0
7814.5	0
7815.5	0
7816.5	0
7817.5	0
7818.5	0
7819.5	0
7820.5	0
7821.5	0
7822.5	0
7823.5	0
7824.5	0
7825.5	0
7826.5	0
7827.5	0
7828.5	0
7829.5	0
7830.5	0
7831.5	0
7832.5	0
7833.5	0
7834.5	0
7835.5	0
7836.5	0
7837.5	0
7838.5	0
7839.5	0
7840.5	0
7841.5	0
7842.5	0
7843.5	0
7844.5	0
7845.5	0
7846.5	0
7847.5	0
7848.5	0
7849.5	0
7850.5	0
7851.5	0
7852.5	0
7853.5	0
7854.5	0
7855.5	0
7856.5	0
7857.5	0
7858.5	0
7859.5	0
7860.5	0
7861.5	0
7862.5	0
7863.5	0
7864.5	0
7865.5	0
7866.5	0
7867.5	0
7868.5	0
7869.5	0
7870.5	0
7871.5	0
7872.5	0
7873.5	0
7874.5	0
7875.5	0
7876.5	0
7877.5	0
7878.5	0
7879.5	0
7880.5	0
7881.5	0
7882.5	0
7883.5	0
7884.5	0
7885.5	0
7886.5	0
7887.5	0
7888.5	0
7889.5	0
7890.5	0
7891.5	0
7892.5	0
7893.5	0
7894.5	0
7895.5	0
7896.5	0
7897.5	0
7898.5	0
7899.5	0
7900.5	0
7901.5	0
7902.5	0
7903.5	0
7904.5	0
7905.5	0
7906.5	0
7907.5	0
7908.5	0
7909.5	0
7910.5	0
7911.5	0
7912.5	0
7913.5	0
7914.5	0
7915.5	0
7916.5	0
7917.5	0
7918.5	0
7919.5	0
7920.5	0
7921.5	0
7922.5	0
7923.5	0
7924.5	0
7925.5	0
7926.5	0
7927.5	0
7928.5	0
7929.5	0
7930.5	0
7931.5	0
7932.5	0
7933.5	0
7934.5	0
7935.5	0
7936.5	0
7937.5	0
7938.5	0
7939.5	0
7940.5	0
7941.5	0
7942.5	0
7943.5	0
7944.5	0
7945.5	0
7946.5	0
7947.5	0
7948.5	0
7949.5	0
7950.5	0
7951.5	0
7952.5	0
7953.5	0
7954.5	0
7955.5	0
7956.5	0
7957.5	0
7958.5	0
7959.5	0
7960.5	0
7961.5	0
7962.5	0
7963.5	0
7964.5	0
7965.5	0
7966.5	0
7967.5	0
7968.5	0
7969.5	0
7970.5	0
7971.5	0
7972.5	0
7973.5	0
7974.5	0
7975.5	0
7976.5	0
7977.5	0
7978.5	0
7979.5	0
7980.5	0
7981.5	0
7982.5	0
7983.5	0
7984.5	0
7985.5	0
7986.5	0
7987.5	0
7988.5	0
7989.5	0
7990.5	0
7991.5	0
7992.5	0
7993.5	0
7994.5	0
7995.5	0
7996.5	0
7997.5	0
7998.5	0
7999.5	0
8000.5	0
8001.5	0
8002.5	0
8003.5	0
8004.5	0
8005.5	0
8006.5	0
8007.5	0
8008.5	0
8009.5	0
8010.5	0
8011.5	0
8012.5	0
8013.5	0
8014.5	0
8015.5	0
8016.5	0
8017.5	0
8018.5	0
8019.5	0
8020.5	0
8021.5	0
8022.5	0
8023.5	0
8024.5	0
8025.5	0
8026.5	0
8027.5	0
8028.5	0
8029.5	0
8030.5	0
8031.5	0
8032.5	0
8033.5	0
8034.5	0
8035.5	0
8036.5	0
8037.5	0
8038.5	0
8039.5	0
8040.5	0
8041.5	0
8042.5	0
8043.5	0
8044.5	0
8045.5	0
8046.5	0
8047.5	0
8048.5	0
8049.5	0
8050.5	0
8051.5	0
8052.5	0
8053.5	0
8054.5	0
8055.5	0
8056.5	0
8057.5	0
8058.5	0
8059.5	0
8060.5	0
8061.5	0
8062.5	0
8063.5	0
8064.5	0
8065.5	0
8066.5	0
8067.5	0
8068.5	0
8069.5	0
8070.5	0
8071.5	0
8072.5	0
8073.5	0
8074.5	0
8075.5	0
8076.5	0
8077.5	0
8078.5	0
8079.5	0
8080.5	0
8081.5	0
8082.5	0
8083.5	0
8084.5	0
8085.5	0
8086.5	0
8087.5	0
8088.5	0
8089.5	0
8090.5	0
8091.5	0
8092.5	0
8093.5	0
8094.5	0
8095.5	0
8096.5	0
8097.5	0
8098.5	0
8099.5	0
8100.5	0
8101.5	0
8102.5	0
8103.5	0
8104.5	0
8105.5	0
8106.5	0
8107.5	0
8108.5	0
8109.5	0
8110.5	0
8111.5	0
8112.5	0
8113.5	0
8114.5	0
8115.5	0
8116.5	0
8117.5	0
8118.5	0
8119.5	0
8120.5	0
8121.5	0
8122.5	0
8123.5	0
8124.5	0
8125.5	0
8126.5	0
8127.5	0
8128.5	0
8129.5	0
8130.5	0
8131.5	0
8132.5	0
8133.5	0
8134.5	0
8135.5	0
8136.5	0
8137.5	0
8138.5	0
8139.5	0
8140.5	0
8141.5	0
8142.5	0
8143.5	0
8144.5	0
8145.5	0
8146.5	0
8147.5	0
8148.5	0
8149.5	0
8150.5	0
8151.5	0
8152.5	0
8153.5	0
8154.5	0
8155.5	0
8156.5	0
8157.5	0
8158.5	0
8159.5	0
8160.5	0
8161.5	0
8162.5	0
8163.5	0
8164.5	0
8165.5	0
8166.5	0
8167.5	0
8168.5	0
8169.5	0
8170.5	0
8171.5	0
8172.5	0
8173.5	0
8174.5	0
8175.5	0
8176.5	0
8177.5	0
8178.5	0
8179.5	0
8180.5	0
8181.5	0
8182.5	0
8183.5	0
8184.5	0
8185.5	0
8186.5	0
8187.5	0
8188.5	0
8189.5	0
8190.5	0
8191.5	0
