0.5	79
1.5	36
2.5	12
3.5	1
4.5	3
5.5	0
6.5	0
7.5	2
8.5	2
9.5	1
10.5	2
11.5	1
12.5	2
13.5	3
14.5	3
15.5	2
16.5	1
17.5	2
18.5	3
19.5	1
20.5	1
21.5	1
22.5	1
23.5	0
24.5	1
25.5	2
26.5	2
27.5	3
28.5	1
29.5	0
30.5	0
31.5	2
32.5	1
33.5	1
34.5	3
35.5	1
36.5	0
37.5	4
38.5	1
39.5	4
40.5	2
41.5	4
42.5	4
43.5	3
44.5	1
45.5	0
46.5	4
47.5	3
48.5	1
49.5	3
50.5	5
51.5	1
52.5	4
53.5	1
54.5	1
55.5	1
56.5	1
57.5	1
58.5	2
59.5	3
60.5	1
61.5	3
62.5	4
63.5	3
64.5	5
65.5	4
66.5	1
67.5	1
68.5	0
69.5	1
70.5	5
71.5	0
72.5	5
73.5	1
74.5	3
75.5	4
76.5	3
77.5	1
78.5	4
79.5	2
80.5	5
81.5	0
82.5	8
83.5	4
84.5	7
85.5	7
86.5	13
87.5	13
88.5	17
89.5	23
90.5	37
91.5	69
92.5	93
93.5	116
94.5	157
95.5	220
96.5	309
97.5	368
98.5	466
99.5	630
100.5	754
101.5	894
102.5	1062
103.5	1323
104.5	1495
105.5	1671
106.5	1937
107.5	2121
108.5	2377
109.5	2587
110.5	2755
111.5	2992
112.5	3192
113.5	3290
114.5	3539
115.5	3534
116.5	3644
117.5	3732
118.5	3790
119.5	3920
120.5	4041
121.5	4017
122.5	4136
123.5	4079
124.5	4126
125.5	4122
126.5	4294
127.5	4164
128.5	4128
129.5	4285
130.5	4368
131.5	4527
132.5	4899
133.5	5193
134.5	5557
135.5	5896
136.5	6045
137.5	6164
138.5	6056
139.5	5654
140.5	5279
141.5	4530
142.5	4007
143.5	3329
144.5	2813
145.5	2268
146.5	2012
147.5	1870
148.5	1689
149.5	1663
150.5	1650
151.5	1568
152.5	1571
153.5	1574
154.5	1632
155.5	1568
156.5	1630
157.5	1555
158.5	1567
159.5	1673
160.5	1657
161.5	1685
162.5	1828
163.5	1806
164.5	1890
165.5	1987
166.5	2070
167.5	2193
168.5	2131
169.5	1935
170.5	2019
171.5	1804
172.5	1691
173.5	1506
174.5	1419
175.5	1252
176.5	1227
177.5	1104
178.5	1095
179.5	1035
180.5	1113
181.5	1013
182.5	1051
183.5	1047
184.5	984
185.5	960
186.5	1000
187.5	990
188.5	1027
189.5	969
190.5	957
191.5	976
192.5	959
193.5	945
194.5	905
195.5	953
196.5	926
197.5	1031
198.5	999
199.5	1020
200.5	968
201.5	990
202.5	941
203.5	963
204.5	893
205.5	887
206.5	902
207.5	883
208.5	844
209.5	874
210.5	887
211.5	824
212.5	843
213.5	841
214.5	811
215.5	834
216.5	828
217.5	852
218.5	770
219.5	830
220.5	832
221.5	748
222.5	814
223.5	802
224.5	864
225.5	772
226.5	820
227.5	789
228.5	788
229.5	801
230.5	818
231.5	753
232.5	712
233.5	779
234.5	718
235.5	644
236.5	690
237.5	673
238.5	677
239.5	674
240.5	692
241.5	663
242.5	613
243.5	692
244.5	619
245.5	620
246.5	645
247.5	613
248.5	627
249.5	644
250.5	591
251.5	580
252.5	598
253.5	618
254.5	630
255.5	587
256.5	595
257.5	613
258.5	572
259.5	575
260.5	592
261.5	577
262.5	613
263.5	582
264.5	554
265.5	652
266.5	572
267.5	563
268.5	584
269.5	571
270.5	559
271.5	542
272.5	558
273.5	566
274.5	516
275.5	542
276.5	542
277.5	521
278.5	550
279.5	534
280.5	572
281.5	516
282.5	519
283.5	559
284.5	574
285.5	540
286.5	480
287.5	500
288.5	551
289.5	484
290.5	505
291.5	501
292.5	550
293.5	541
294.5	514
295.5	551
296.5	568
297.5	627
298.5	633
299.5	712
300.5	786
301.5	814
302.5	899
303.5	959
304.5	963
305.5	1026
306.5	1037
307.5	1080
308.5	1018
309.5	936
310.5	962
311.5	814
312.5	814
313.5	703
314.5	633
315.5	563
316.5	524
317.5	480
318.5	441
319.5	389
320.5	364
321.5	359
322.5	327
323.5	317
324.5	292
325.5	306
326.5	324
327.5	292
328.5	311
329.5	303
330.5	270
331.5	274
332.5	280
333.5	290
334.5	273
335.5	278
336.5	298
337.5	270
338.5	271
339.5	269
340.5	264
341.5	232
342.5	275
343.5	255
344.5	282
345.5	264
346.5	269
347.5	261
348.5	263
349.5	231
350.5	243
351.5	236
352.5	240
353.5	216
354.5	233
355.5	239
356.5	243
357.5	215
358.5	224
359.5	235
360.5	220
361.5	210
362.5	236
363.5	210
364.5	223
365.5	177
366.5	221
367.5	234
368.5	217
369.5	211
370.5	192
371.5	201
372.5	246
373.5	210
374.5	213
375.5	240
376.5	208
377.5	236
378.5	267
379.5	244
380.5	261
381.5	281
382.5	248
383.5	271
384.5	270
385.5	278
386.5	289
387.5	275
388.5	278
389.5	248
390.5	242
391.5	218
392.5	247
393.5	187
394.5	181
395.5	191
396.5	190
397.5	189
398.5	172
399.5	198
400.5	180
401.5	189
402.5	184
403.5	174
404.5	172
405.5	177
406.5	168
407.5	159
408.5	186
409.5	168
410.5	184
411.5	178
412.5	168
413.5	182
414.5	183
415.5	167
416.5	168
417.5	182
418.5	179
419.5	185
420.5	175
421.5	168
422.5	158
423.5	152
424.5	144
425.5	167
426.5	157
427.5	146
428.5	163
429.5	149
430.5	134
431.5	148
432.5	142
433.5	160
434.5	147
435.5	129
436.5	147
437.5	159
438.5	139
439.5	146
440.5	153
441.5	135
442.5	158
443.5	166
444.5	147
445.5	131
446.5	149
447.5	140
448.5	154
449.5	145
450.5	129
451.5	163
452.5	149
453.5	144
454.5	148
455.5	140
456.5	151
457.5	123
458.5	149
459.5	124
460.5	124
461.5	125
462.5	147
463.5	155
464.5	122
465.5	161
466.5	127
467.5	147
468.5	155
469.5	114
470.5	168
471.5	145
472.5	158
473.5	172
474.5	137
475.5	125
476.5	145
477.5	127
478.5	148
479.5	163
480.5	154
481.5	131
482.5	152
483.5	129
484.5	158
485.5	162
486.5	182
487.5	154
488.5	152
489.5	121
490.5	145
491.5	151
492.5	131
493.5	136
494.5	134
495.5	151
496.5	151
497.5	144
498.5	144
499.5	159
500.5	144
501.5	174
502.5	171
503.5	192
504.5	214
505.5	229
506.5	247
507.5	250
508.5	314
509.5	366
510.5	344
511.5	390
512.5	479
513.5	521
514.5	519
515.5	553
516.5	588
517.5	582
518.5	608
519.5	665
520.5	660
521.5	603
522.5	606
523.5	544
524.5	523
525.5	515
526.5	439
527.5	401
528.5	371
529.5	347
530.5	291
531.5	315
532.5	250
533.5	217
534.5	177
535.5	189
536.5	169
537.5	134
538.5	141
539.5	151
540.5	116
541.5	116
542.5	109
543.5	89
544.5	114
545.5	135
546.5	114
547.5	99
548.5	110
549.5	104
550.5	116
551.5	115
552.5	97
553.5	105
554.5	100
555.5	94
556.5	104
557.5	107
558.5	81
559.5	110
560.5	111
561.5	108
562.5	92
563.5	102
564.5	88
565.5	114
566.5	108
567.5	115
568.5	113
569.5	102
570.5	101
571.5	104
572.5	118
573.5	116
574.5	101
575.5	106
576.5	110
577.5	107
578.5	99
579.5	107
580.5	114
581.5	100
582.5	101
583.5	102
584.5	98
585.5	119
586.5	116
587.5	81
588.5	92
589.5	97
590.5	89
591.5	97
592.5	112
593.5	99
594.5	107
595.5	105
596.5	103
597.5	106
598.5	103
599.5	97
600.5	102
601.5	113
602.5	103
603.5	99
604.5	101
605.5	103
606.5	98
607.5	104
608.5	90
609.5	110
610.5	105
611.5	106
612.5	109
613.5	107
614.5	102
615.5	94
616.5	102
617.5	104
618.5	109
619.5	109
620.5	94
621.5	82
622.5	98
623.5	100
624.5	123
625.5	112
626.5	96
627.5	97
628.5	113
629.5	94
630.5	81
631.5	106
632.5	95
633.5	88
634.5	91
635.5	112
636.5	112
637.5	108
638.5	81
639.5	97
640.5	91
641.5	106
642.5	78
643.5	88
644.5	66
645.5	92
646.5	95
647.5	77
648.5	79
649.5	75
650.5	97
651.5	77
652.5	77
653.5	103
654.5	70
655.5	93
656.5	78
657.5	77
658.5	100
659.5	74
660.5	93
661.5	75
662.5	75
663.5	85
664.5	84
665.5	63
666.5	76
667.5	62
668.5	75
669.5	85
670.5	89
671.5	69
672.5	82
673.5	79
674.5	69
675.5	72
676.5	82
677.5	59
678.5	81
679.5	69
680.5	71
681.5	81
682.5	75
683.5	74
684.5	77
685.5	72
686.5	68
687.5	77
688.5	73
689.5	88
690.5	73
691.5	62
692.5	67
693.5	83
694.5	76
695.5	72
696.5	69
697.5	60
698.5	95
699.5	64
700.5	64
701.5	54
702.5	76
703.5	76
704.5	70
705.5	71
706.5	53
707.5	68
708.5	83
709.5	62
710.5	62
711.5	63
712.5	67
713.5	60
714.5	71
715.5	62
716.5	63
717.5	64
718.5	66
719.5	60
720.5	53
721.5	68
722.5	62
723.5	75
724.5	61
725.5	67
726.5	54
727.5	63
728.5	58
729.5	61
730.5	56
731.5	48
732.5	59
733.5	56
734.5	57
735.5	63
736.5	57
737.5	55
738.5	55
739.5	62
740.5	60
741.5	65
742.5	71
743.5	56
744.5	59
745.5	66
746.5	58
747.5	58
748.5	54
749.5	61
750.5	73
751.5	65
752.5	74
753.5	52
754.5	69
755.5	72
756.5	49
757.5	54
758.5	54
759.5	59
760.5	56
761.5	47
762.5	64
763.5	55
764.5	71
765.5	57
766.5	58
767.5	62
768.5	68
769.5	61
770.5	65
771.5	50
772.5	70
773.5	52
774.5	64
775.5	57
776.5	56
777.5	49
778.5	63
779.5	65
780.5	61
781.5	67
782.5	69
783.5	63
784.5	69
785.5	69
786.5	59
787.5	66
788.5	70
789.5	70
790.5	72
791.5	52
792.5	74
793.5	69
794.5	65
795.5	57
796.5	70
797.5	74
798.5	72
799.5	49
800.5	75
801.5	66
802.5	63
803.5	68
804.5	63
805.5	73
806.5	56
807.5	65
808.5	76
809.5	68
810.5	62
811.5	56
812.5	65
813.5	65
814.5	57
815.5	64
816.5	65
817.5	57
818.5	77
819.5	52
820.5	62
821.5	74
822.5	55
823.5	65
824.5	73
825.5	70
826.5	69
827.5	77
828.5	69
829.5	70
830.5	69
831.5	81
832.5	74
833.5	95
834.5	103
835.5	123
836.5	92
837.5	117
838.5	137
839.5	135
840.5	156
841.5	172
842.5	194
843.5	207
844.5	242
845.5	264
846.5	305
847.5	272
848.5	313
849.5	307
850.5	372
851.5	347
852.5	352
853.5	363
854.5	375
855.5	401
856.5	409
857.5	418
858.5	366
859.5	374
860.5	357
861.5	339
862.5	312
863.5	320
864.5	267
865.5	278
866.5	212
867.5	207
868.5	148
869.5	167
870.5	153
871.5	130
872.5	133
873.5	94
874.5	99
875.5	96
876.5	83
877.5	84
878.5	68
879.5	48
880.5	52
881.5	79
882.5	56
883.5	61
884.5	45
885.5	61
886.5	67
887.5	61
888.5	67
889.5	62
890.5	52
891.5	69
892.5	55
893.5	52
894.5	54
895.5	65
896.5	65
897.5	83
898.5	80
899.5	61
900.5	63
901.5	67
902.5	55
903.5	67
904.5	56
905.5	66
906.5	52
907.5	72
908.5	50
909.5	48
910.5	50
911.5	54
912.5	62
913.5	56
914.5	60
915.5	57
916.5	60
917.5	57
918.5	45
919.5	51
920.5	39
921.5	31
922.5	54
923.5	54
924.5	45
925.5	54
926.5	49
927.5	58
928.5	41
929.5	43
930.5	47
931.5	58
932.5	62
933.5	53
934.5	56
935.5	60
936.5	42
937.5	64
938.5	49
939.5	46
940.5	72
941.5	48
942.5	61
943.5	50
944.5	46
945.5	44
946.5	69
947.5	51
948.5	54
949.5	50
950.5	39
951.5	49
952.5	41
953.5	43
954.5	44
955.5	40
956.5	37
957.5	36
958.5	42
959.5	53
960.5	36
961.5	44
962.5	51
963.5	33
964.5	54
965.5	45
966.5	52
967.5	50
968.5	43
969.5	47
970.5	61
971.5	54
972.5	58
973.5	49
974.5	67
975.5	77
976.5	72
977.5	85
978.5	87
979.5	87
980.5	95
981.5	96
982.5	123
983.5	125
984.5	112
985.5	124
986.5	119
987.5	106
988.5	122
989.5	108
990.5	111
991.5	122
992.5	160
993.5	133
994.5	127
995.5	110
996.5	103
997.5	98
998.5	137
999.5	111
1000.5	84
1001.5	72
1002.5	90
1003.5	94
1004.5	86
1005.5	76
1006.5	71
1007.5	79
1008.5	64
1009.5	63
1010.5	66
1011.5	57
1012.5	68
1013.5	55
1014.5	47
1015.5	54
1016.5	55
1017.5	61
1018.5	50
1019.5	66
1020.5	43
1021.5	41
1022.5	57
1023.5	61
1024.5	40
1025.5	61
1026.5	53
1027.5	55
1028.5	63
1029.5	49
1030.5	53
1031.5	45
1032.5	48
1033.5	54
1034.5	40
1035.5	44
1036.5	49
1037.5	43
1038.5	34
1039.5	55
1040.5	44
1041.5	36
1042.5	33
1043.5	23
1044.5	40
1045.5	33
1046.5	31
1047.5	28
1048.5	27
1049.5	22
1050.5	37
1051.5	30
1052.5	40
1053.5	31
1054.5	36
1055.5	22
1056.5	37
1057.5	20
1058.5	15
1059.5	30
1060.5	34
1061.5	31
1062.5	35
1063.5	35
1064.5	29
1065.5	15
1066.5	33
1067.5	21
1068.5	36
1069.5	24
1070.5	25
1071.5	32
1072.5	29
1073.5	22
1074.5	29
1075.5	30
1076.5	23
1077.5	32
1078.5	35
1079.5	25
1080.5	24
1081.5	26
1082.5	27
1083.5	26
1084.5	36
1085.5	23
1086.5	27
1087.5	14
1088.5	29
1089.5	27
1090.5	34
1091.5	35
1092.5	26
1093.5	25
1094.5	29
1095.5	27
1096.5	31
1097.5	26
1098.5	26
1099.5	30
1100.5	23
1101.5	30
1102.5	34
1103.5	31
1104.5	29
1105.5	20
1106.5	30
1107.5	33
1108.5	22
1109.5	20
1110.5	29
1111.5	28
1112.5	37
1113.5	39
1114.5	22
1115.5	41
1116.5	35
1117.5	31
1118.5	34
1119.5	38
1120.5	35
1121.5	26
1122.5	28
1123.5	30
1124.5	26
1125.5	47
1126.5	38
1127.5	21
1128.5	27
1129.5	36
1130.5	29
1131.5	34
1132.5	33
1133.5	23
1134.5	25
1135.5	21
1136.5	29
1137.5	27
1138.5	25
1139.5	21
1140.5	27
1141.5	36
1142.5	32
1143.5	24
1144.5	35
1145.5	28
1146.5	25
1147.5	36
1148.5	24
1149.5	30
1150.5	27
1151.5	23
1152.5	34
1153.5	37
1154.5	20
1155.5	23
1156.5	27
1157.5	34
1158.5	33
1159.5	30
1160.5	35
1161.5	32
1162.5	30
1163.5	36
1164.5	22
1165.5	28
1166.5	26
1167.5	34
1168.5	30
1169.5	34
1170.5	30
1171.5	37
1172.5	30
1173.5	30
1174.5	27
1175.5	37
1176.5	28
1177.5	22
1178.5	20
1179.5	22
1180.5	15
1181.5	24
1182.5	23
1183.5	26
1184.5	24
1185.5	19
1186.5	17
1187.5	30
1188.5	19
1189.5	20
1190.5	25
1191.5	22
1192.5	35
1193.5	18
1194.5	22
1195.5	22
1196.5	24
1197.5	32
1198.5	25
1199.5	29
1200.5	23
1201.5	26
1202.5	32
1203.5	23
1204.5	17
1205.5	20
1206.5	21
1207.5	27
1208.5	26
1209.5	30
1210.5	27
1211.5	16
1212.5	30
1213.5	26
1214.5	25
1215.5	18
1216.5	33
1217.5	31
1218.5	18
1219.5	33
1220.5	12
1221.5	24
1222.5	28
1223.5	26
1224.5	20
1225.5	32
1226.5	25
1227.5	20
1228.5	28
1229.5	29
1230.5	29
1231.5	25
1232.5	18
1233.5	31
1234.5	33
1235.5	22
1236.5	20
1237.5	22
1238.5	28
1239.5	29
1240.5	17
1241.5	29
1242.5	15
1243.5	25
1244.5	26
1245.5	27
1246.5	23
1247.5	25
1248.5	19
1249.5	20
1250.5	25
1251.5	21
1252.5	25
1253.5	22
1254.5	20
1255.5	20
1256.5	24
1257.5	16
1258.5	25
1259.5	27
1260.5	29
1261.5	23
1262.5	19
1263.5	21
1264.5	28
1265.5	20
1266.5	19
1267.5	23
1268.5	26
1269.5	17
1270.5	14
1271.5	21
1272.5	28
1273.5	20
1274.5	28
1275.5	28
1276.5	34
1277.5	21
1278.5	22
1279.5	24
1280.5	19
1281.5	23
1282.5	22
1283.5	21
1284.5	24
1285.5	18
1286.5	28
1287.5	25
1288.5	34
1289.5	27
1290.5	31
1291.5	16
1292.5	16
1293.5	29
1294.5	20
1295.5	29
1296.5	31
1297.5	21
1298.5	25
1299.5	30
1300.5	23
1301.5	16
1302.5	27
1303.5	27
1304.5	17
1305.5	20
1306.5	23
1307.5	25
1308.5	25
1309.5	19
1310.5	33
1311.5	35
1312.5	28
1313.5	19
1314.5	16
1315.5	26
1316.5	13
1317.5	19
1318.5	26
1319.5	28
1320.5	25
1321.5	21
1322.5	26
1323.5	24
1324.5	32
1325.5	20
1326.5	16
1327.5	21
1328.5	18
1329.5	18
1330.5	26
1331.5	23
1332.5	22
1333.5	18
1334.5	32
1335.5	22
1336.5	19
1337.5	25
1338.5	13
1339.5	17
1340.5	20
1341.5	15
1342.5	14
1343.5	23
1344.5	26
1345.5	25
1346.5	10
1347.5	19
1348.5	15
1349.5	32
1350.5	12
1351.5	22
1352.5	18
1353.5	25
1354.5	23
1355.5	18
1356.5	28
1357.5	24
1358.5	35
1359.5	23
1360.5	28
1361.5	22
1362.5	19
1363.5	22
1364.5	35
1365.5	18
1366.5	20
1367.5	25
1368.5	25
1369.5	35
1370.5	29
1371.5	28
1372.5	31
1373.5	31
1374.5	22
1375.5	39
1376.5	32
1377.5	22
1378.5	35
1379.5	37
1380.5	22
1381.5	31
1382.5	29
1383.5	21
1384.5	27
1385.5	25
1386.5	21
1387.5	24
1388.5	22
1389.5	23
1390.5	26
1391.5	27
1392.5	28
1393.5	13
1394.5	20
1395.5	17
1396.5	23
1397.5	13
1398.5	14
1399.5	22
1400.5	34
1401.5	22
1402.5	19
1403.5	24
1404.5	22
1405.5	24
1406.5	16
1407.5	27
1408.5	21
1409.5	21
1410.5	26
1411.5	26
1412.5	27
1413.5	35
1414.5	26
1415.5	39
1416.5	32
1417.5	28
1418.5	38
1419.5	41
1420.5	38
1421.5	42
1422.5	40
1423.5	48
1424.5	48
1425.5	43
1426.5	38
1427.5	45
1428.5	44
1429.5	61
1430.5	35
1431.5	64
1432.5	60
1433.5	46
1434.5	45
1435.5	66
1436.5	45
1437.5	64
1438.5	52
1439.5	45
1440.5	55
1441.5	51
1442.5	53
1443.5	60
1444.5	39
1445.5	44
1446.5	46
1447.5	45
1448.5	51
1449.5	49
1450.5	42
1451.5	47
1452.5	45
1453.5	37
1454.5	41
1455.5	52
1456.5	51
1457.5	56
1458.5	56
1459.5	49
1460.5	44
1461.5	50
1462.5	56
1463.5	57
1464.5	60
1465.5	55
1466.5	56
1467.5	46
1468.5	40
1469.5	46
1470.5	45
1471.5	43
1472.5	40
1473.5	44
1474.5	47
1475.5	34
1476.5	48
1477.5	42
1478.5	32
1479.5	36
1480.5	36
1481.5	30
1482.5	35
1483.5	28
1484.5	24
1485.5	21
1486.5	30
1487.5	21
1488.5	25
1489.5	23
1490.5	28
1491.5	24
1492.5	18
1493.5	18
1494.5	13
1495.5	13
1496.5	13
1497.5	20
1498.5	16
1499.5	12
1500.5	24
1501.5	16
1502.5	18
1503.5	14
1504.5	17
1505.5	19
1506.5	23
1507.5	16
1508.5	15
1509.5	9
1510.5	12
1511.5	13
1512.5	15
1513.5	17
1514.5	12
1515.5	6
1516.5	11
1517.5	13
1518.5	9
1519.5	15
1520.5	13
1521.5	14
1522.5	15
1523.5	14
1524.5	9
1525.5	11
1526.5	12
1527.5	13
1528.5	10
1529.5	22
1530.5	7
1531.5	14
1532.5	12
1533.5	10
1534.5	22
1535.5	7
1536.5	17
1537.5	12
1538.5	8
1539.5	14
1540.5	19
1541.5	5
1542.5	10
1543.5	10
1544.5	7
1545.5	14
1546.5	10
1547.5	12
1548.5	14
1549.5	10
1550.5	10
1551.5	8
1552.5	9
1553.5	8
1554.5	10
1555.5	11
1556.5	11
1557.5	13
1558.5	15
1559.5	10
1560.5	13
1561.5	9
1562.5	16
1563.5	12
1564.5	9
1565.5	15
1566.5	14
1567.5	13
1568.5	8
1569.5	16
1570.5	10
1571.5	10
1572.5	11
1573.5	14
1574.5	5
1575.5	5
1576.5	15
1577.5	14
1578.5	14
1579.5	7
1580.5	5
1581.5	9
1582.5	20
1583.5	10
1584.5	9
1585.5	13
1586.5	12
1587.5	13
1588.5	9
1589.5	15
1590.5	14
1591.5	15
1592.5	11
1593.5	9
1594.5	13
1595.5	12
1596.5	7
1597.5	5
1598.5	10
1599.5	14
1600.5	14
1601.5	12
1602.5	16
1603.5	6
1604.5	10
1605.5	11
1606.5	13
1607.5	11
1608.5	14
1609.5	11
1610.5	13
1611.5	12
1612.5	8
1613.5	11
1614.5	17
1615.5	13
1616.5	9
1617.5	12
1618.5	18
1619.5	16
1620.5	10
1621.5	14
1622.5	9
1623.5	21
1624.5	13
1625.5	10
1626.5	9
1627.5	12
1628.5	11
1629.5	13
1630.5	14
1631.5	5
1632.5	12
1633.5	9
1634.5	7
1635.5	8
1636.5	8
1637.5	14
1638.5	19
1639.5	7
1640.5	6
1641.5	21
1642.5	8
1643.5	11
1644.5	10
1645.5	10
1646.5	12
1647.5	12
1648.5	5
1649.5	11
1650.5	11
1651.5	9
1652.5	11
1653.5	13
1654.5	7
1655.5	8
1656.5	9
1657.5	8
1658.5	8
1659.5	3
1660.5	11
1661.5	10
1662.5	9
1663.5	10
1664.5	14
1665.5	3
1666.5	7
1667.5	8
1668.5	9
1669.5	2
1670.5	9
1671.5	6
1672.5	8
1673.5	8
1674.5	16
1675.5	7
1676.5	8
1677.5	16
1678.5	16
1679.5	10
1680.5	9
1681.5	19
1682.5	10
1683.5	10
1684.5	12
1685.5	8
1686.5	11
1687.5	11
1688.5	4
1689.5	6
1690.5	10
1691.5	7
1692.5	9
1693.5	11
1694.5	10
1695.5	13
1696.5	12
1697.5	8
1698.5	12
1699.5	8
1700.5	10
1701.5	15
1702.5	13
1703.5	13
1704.5	19
1705.5	8
1706.5	3
1707.5	8
1708.5	9
1709.5	14
1710.5	7
1711.5	13
1712.5	12
1713.5	14
1714.5	12
1715.5	11
1716.5	13
1717.5	8
1718.5	14
1719.5	16
1720.5	8
1721.5	12
1722.5	9
1723.5	13
1724.5	18
1725.5	14
1726.5	9
1727.5	16
1728.5	11
1729.5	13
1730.5	11
1731.5	12
1732.5	10
1733.5	10
1734.5	13
1735.5	16
1736.5	10
1737.5	19
1738.5	10
1739.5	18
1740.5	15
1741.5	13
1742.5	10
1743.5	19
1744.5	18
1745.5	19
1746.5	24
1747.5	24
1748.5	19
1749.5	23
1750.5	16
1751.5	10
1752.5	20
1753.5	16
1754.5	20
1755.5	28
1756.5	25
1757.5	16
1758.5	18
1759.5	21
1760.5	19
1761.5	17
1762.5	23
1763.5	13
1764.5	12
1765.5	20
1766.5	16
1767.5	25
1768.5	18
1769.5	10
1770.5	18
1771.5	9
1772.5	14
1773.5	8
1774.5	20
1775.5	12
1776.5	9
1777.5	10
1778.5	12
1779.5	15
1780.5	11
1781.5	13
1782.5	12
1783.5	13
1784.5	14
1785.5	9
1786.5	12
1787.5	10
1788.5	9
1789.5	12
1790.5	8
1791.5	14
1792.5	9
1793.5	10
1794.5	11
1795.5	8
1796.5	12
1797.5	14
1798.5	9
1799.5	15
1800.5	10
1801.5	14
1802.5	9
1803.5	7
1804.5	9
1805.5	9
1806.5	10
1807.5	9
1808.5	7
1809.5	11
1810.5	11
1811.5	12
1812.5	15
1813.5	8
1814.5	8
1815.5	8
1816.5	7
1817.5	11
1818.5	13
1819.5	7
1820.5	6
1821.5	10
1822.5	12
1823.5	10
1824.5	12
1825.5	5
1826.5	5
1827.5	17
1828.5	4
1829.5	9
1830.5	9
1831.5	6
1832.5	11
1833.5	14
1834.5	8
1835.5	13
1836.5	10
1837.5	7
1838.5	14
1839.5	11
1840.5	15
1841.5	11
1842.5	10
1843.5	9
1844.5	11
1845.5	15
1846.5	11
1847.5	8
1848.5	3
1849.5	10
1850.5	15
1851.5	9
1852.5	16
1853.5	18
1854.5	6
1855.5	13
1856.5	8
1857.5	14
1858.5	14
1859.5	10
1860.5	16
1861.5	17
1862.5	18
1863.5	10
1864.5	11
1865.5	12
1866.5	9
1867.5	10
1868.5	12
1869.5	9
1870.5	7
1871.5	12
1872.5	9
1873.5	10
1874.5	17
1875.5	8
1876.5	6
1877.5	14
1878.5	7
1879.5	8
1880.5	9
1881.5	20
1882.5	4
1883.5	16
1884.5	11
1885.5	9
1886.5	18
1887.5	9
1888.5	10
1889.5	9
1890.5	12
1891.5	9
1892.5	12
1893.5	9
1894.5	18
1895.5	11
1896.5	9
1897.5	6
1898.5	14
1899.5	6
1900.5	7
1901.5	10
1902.5	12
1903.5	11
1904.5	13
1905.5	15
1906.5	10
1907.5	7
1908.5	9
1909.5	10
1910.5	4
1911.5	12
1912.5	7
1913.5	7
1914.5	13
1915.5	10
1916.5	7
1917.5	7
1918.5	12
1919.5	18
1920.5	9
1921.5	9
1922.5	12
1923.5	12
1924.5	8
1925.5	10
1926.5	14
1927.5	6
1928.5	8
1929.5	9
1930.5	15
1931.5	14
1932.5	13
1933.5	19
1934.5	11
1935.5	15
1936.5	13
1937.5	11
1938.5	12
1939.5	12
1940.5	8
1941.5	10
1942.5	10
1943.5	12
1944.5	11
1945.5	15
1946.5	7
1947.5	15
1948.5	7
1949.5	10
1950.5	19
1951.5	14
1952.5	16
1953.5	6
1954.5	10
1955.5	11
1956.5	10
1957.5	13
1958.5	17
1959.5	9
1960.5	11
1961.5	9
1962.5	13
1963.5	11
1964.5	9
1965.5	17
1966.5	11
1967.5	8
1968.5	14
1969.5	9
1970.5	14
1971.5	14
1972.5	11
1973.5	13
1974.5	10
1975.5	11
1976.5	13
1977.5	8
1978.5	13
1979.5	14
1980.5	9
1981.5	14
1982.5	16
1983.5	12
1984.5	17
1985.5	13
1986.5	10
1987.5	25
1988.5	17
1989.5	15
1990.5	13
1991.5	12
1992.5	7
1993.5	12
1994.5	15
1995.5	12
1996.5	12
1997.5	12
1998.5	9
1999.5	14
2000.5	9
2001.5	4
2002.5	8
2003.5	16
2004.5	10
2005.5	12
2006.5	13
2007.5	8
2008.5	12
2009.5	10
2010.5	8
2011.5	12
2012.5	19
2013.5	16
2014.5	10
2015.5	10
2016.5	18
2017.5	10
2018.5	11
2019.5	8
2020.5	8
2021.5	13
2022.5	16
2023.5	9
2024.5	9
2025.5	12
2026.5	10
2027.5	12
2028.5	9
2029.5	13
2030.5	11
2031.5	13
2032.5	12
2033.5	16
2034.5	9
2035.5	10
2036.5	17
2037.5	11
2038.5	14
2039.5	11
2040.5	11
2041.5	10
2042.5	7
2043.5	11
2044.5	13
2045.5	14
2046.5	12
2047.5	17
2048.5	9
2049.5	10
2050.5	12
2051.5	6
2052.5	15
2053.5	6
2054.5	9
2055.5	16
2056.5	5
2057.5	10
2058.5	19
2059.5	4
2060.5	13
2061.5	8
2062.5	10
2063.5	15
2064.5	10
2065.5	14
2066.5	9
2067.5	12
2068.5	11
2069.5	14
2070.5	11
2071.5	16
2072.5	12
2073.5	12
2074.5	11
2075.5	11
2076.5	9
2077.5	11
2078.5	14
2079.5	8
2080.5	13
2081.5	17
2082.5	4
2083.5	7
2084.5	9
2085.5	9
2086.5	9
2087.5	4
2088.5	8
2089.5	11
2090.5	12
2091.5	14
2092.5	9
2093.5	7
2094.5	11
2095.5	7
2096.5	22
2097.5	2
2098.5	7
2099.5	11
2100.5	9
2101.5	15
2102.5	11
2103.5	15
2104.5	11
2105.5	11
2106.5	11
2107.5	10
2108.5	13
2109.5	9
2110.5	13
2111.5	6
2112.5	9
2113.5	15
2114.5	15
2115.5	12
2116.5	12
2117.5	14
2118.5	6
2119.5	9
2120.5	14
2121.5	12
2122.5	15
2123.5	7
2124.5	11
2125.5	13
2126.5	10
2127.5	12
2128.5	11
2129.5	17
2130.5	7
2131.5	14
2132.5	7
2133.5	8
2134.5	10
2135.5	11
2136.5	17
2137.5	10
2138.5	8
2139.5	11
2140.5	7
2141.5	6
2142.5	10
2143.5	9
2144.5	8
2145.5	16
2146.5	11
2147.5	14
2148.5	11
2149.5	17
2150.5	12
2151.5	9
2152.5	7
2153.5	8
2154.5	10
2155.5	10
2156.5	13
2157.5	12
2158.5	12
2159.5	13
2160.5	9
2161.5	12
2162.5	10
2163.5	12
2164.5	11
2165.5	9
2166.5	17
2167.5	16
2168.5	12
2169.5	11
2170.5	14
2171.5	5
2172.5	13
2173.5	10
2174.5	12
2175.5	6
2176.5	12
2177.5	10
2178.5	16
2179.5	12
2180.5	10
2181.5	10
2182.5	9
2183.5	8
2184.5	10
2185.5	8
2186.5	10
2187.5	10
2188.5	12
2189.5	15
2190.5	10
2191.5	3
2192.5	9
2193.5	11
2194.5	9
2195.5	12
2196.5	10
2197.5	9
2198.5	20
2199.5	7
2200.5	14
2201.5	8
2202.5	18
2203.5	7
2204.5	13
2205.5	12
2206.5	10
2207.5	8
2208.5	13
2209.5	16
2210.5	12
2211.5	9
2212.5	11
2213.5	13
2214.5	5
2215.5	17
2216.5	11
2217.5	10
2218.5	7
2219.5	12
2220.5	16
2221.5	6
2222.5	13
2223.5	8
2224.5	13
2225.5	12
2226.5	13
2227.5	10
2228.5	11
2229.5	15
2230.5	16
2231.5	10
2232.5	12
2233.5	10
2234.5	11
2235.5	16
2236.5	12
2237.5	17
2238.5	15
2239.5	21
2240.5	14
2241.5	13
2242.5	13
2243.5	12
2244.5	18
2245.5	10
2246.5	15
2247.5	10
2248.5	7
2249.5	13
2250.5	10
2251.5	19
2252.5	10
2253.5	7
2254.5	8
2255.5	13
2256.5	11
2257.5	15
2258.5	14
2259.5	13
2260.5	19
2261.5	15
2262.5	15
2263.5	6
2264.5	15
2265.5	11
2266.5	11
2267.5	14
2268.5	8
2269.5	9
2270.5	16
2271.5	17
2272.5	11
2273.5	7
2274.5	14
2275.5	7
2276.5	12
2277.5	8
2278.5	7
2279.5	9
2280.5	9
2281.5	8
2282.5	10
2283.5	7
2284.5	13
2285.5	7
2286.5	8
2287.5	12
2288.5	8
2289.5	11
2290.5	12
2291.5	8
2292.5	10
2293.5	9
2294.5	14
2295.5	13
2296.5	9
2297.5	9
2298.5	12
2299.5	13
2300.5	6
2301.5	9
2302.5	5
2303.5	12
2304.5	15
2305.5	10
2306.5	12
2307.5	12
2308.5	12
2309.5	15
2310.5	13
2311.5	4
2312.5	10
2313.5	6
2314.5	10
2315.5	11
2316.5	11
2317.5	7
2318.5	13
2319.5	11
2320.5	14
2321.5	6
2322.5	15
2323.5	11
2324.5	9
2325.5	9
2326.5	14
2327.5	10
2328.5	11
2329.5	13
2330.5	8
2331.5	16
2332.5	11
2333.5	12
2334.5	6
2335.5	10
2336.5	11
2337.5	7
2338.5	12
2339.5	7
2340.5	9
2341.5	14
2342.5	15
2343.5	2
2344.5	6
2345.5	9
2346.5	5
2347.5	10
2348.5	7
2349.5	14
2350.5	16
2351.5	6
2352.5	5
2353.5	11
2354.5	6
2355.5	9
2356.5	13
2357.5	13
2358.5	12
2359.5	8
2360.5	13
2361.5	8
2362.5	10
2363.5	11
2364.5	9
2365.5	7
2366.5	10
2367.5	8
2368.5	9
2369.5	4
2370.5	6
2371.5	7
2372.5	4
2373.5	10
2374.5	7
2375.5	15
2376.5	13
2377.5	12
2378.5	13
2379.5	10
2380.5	10
2381.5	8
2382.5	12
2383.5	7
2384.5	7
2385.5	9
2386.5	9
2387.5	8
2388.5	4
2389.5	7
2390.5	6
2391.5	11
2392.5	11
2393.5	15
2394.5	10
2395.5	8
2396.5	10
2397.5	8
2398.5	13
2399.5	13
2400.5	7
2401.5	9
2402.5	10
2403.5	8
2404.5	14
2405.5	5
2406.5	10
2407.5	10
2408.5	4
2409.5	8
2410.5	10
2411.5	6
2412.5	10
2413.5	8
2414.5	10
2415.5	12
2416.5	14
2417.5	5
2418.5	10
2419.5	12
2420.5	7
2421.5	16
2422.5	8
2423.5	6
2424.5	9
2425.5	13
2426.5	7
2427.5	12
2428.5	12
2429.5	10
2430.5	6
2431.5	11
2432.5	17
2433.5	12
2434.5	8
2435.5	6
2436.5	12
2437.5	10
2438.5	10
2439.5	15
2440.5	13
2441.5	9
2442.5	11
2443.5	14
2444.5	17
2445.5	7
2446.5	13
2447.5	11
2448.5	14
2449.5	10
2450.5	9
2451.5	9
2452.5	12
2453.5	9
2454.5	8
2455.5	8
2456.5	13
2457.5	6
2458.5	7
2459.5	10
2460.5	12
2461.5	9
2462.5	8
2463.5	6
2464.5	10
2465.5	11
2466.5	10
2467.5	12
2468.5	4
2469.5	11
2470.5	15
2471.5	6
2472.5	8
2473.5	9
2474.5	6
2475.5	7
2476.5	7
2477.5	9
2478.5	8
2479.5	11
2480.5	7
2481.5	12
2482.5	9
2483.5	17
2484.5	9
2485.5	8
2486.5	11
2487.5	13
2488.5	7
2489.5	5
2490.5	11
2491.5	9
2492.5	9
2493.5	5
2494.5	2
2495.5	11
2496.5	10
2497.5	11
2498.5	12
2499.5	4
2500.5	8
2501.5	7
2502.5	6
2503.5	6
2504.5	13
2505.5	10
2506.5	10
2507.5	11
2508.5	13
2509.5	2
2510.5	3
2511.5	16
2512.5	16
2513.5	14
2514.5	9
2515.5	20
2516.5	5
2517.5	14
2518.5	11
2519.5	14
2520.5	17
2521.5	14
2522.5	11
2523.5	6
2524.5	10
2525.5	16
2526.5	17
2527.5	14
2528.5	9
2529.5	10
2530.5	8
2531.5	15
2532.5	12
2533.5	14
2534.5	11
2535.5	10
2536.5	7
2537.5	15
2538.5	7
2539.5	12
2540.5	7
2541.5	9
2542.5	10
2543.5	12
2544.5	10
2545.5	9
2546.5	8
2547.5	12
2548.5	11
2549.5	7
2550.5	10
2551.5	13
2552.5	15
2553.5	8
2554.5	11
2555.5	20
2556.5	7
2557.5	5
2558.5	9
2559.5	5
2560.5	8
2561.5	9
2562.5	5
2563.5	6
2564.5	7
2565.5	16
2566.5	12
2567.5	7
2568.5	8
2569.5	8
2570.5	8
2571.5	12
2572.5	11
2573.5	10
2574.5	8
2575.5	9
2576.5	12
2577.5	6
2578.5	8
2579.5	7
2580.5	8
2581.5	8
2582.5	12
2583.5	12
2584.5	9
2585.5	12
2586.5	9
2587.5	10
2588.5	10
2589.5	10
2590.5	7
2591.5	10
2592.5	9
2593.5	8
2594.5	12
2595.5	5
2596.5	10
2597.5	10
2598.5	11
2599.5	5
2600.5	12
2601.5	6
2602.5	8
2603.5	13
2604.5	11
2605.5	14
2606.5	9
2607.5	12
2608.5	10
2609.5	5
2610.5	9
2611.5	13
2612.5	12
2613.5	10
2614.5	10
2615.5	9
2616.5	3
2617.5	9
2618.5	6
2619.5	15
2620.5	5
2621.5	3
2622.5	6
2623.5	5
2624.5	14
2625.5	9
2626.5	6
2627.5	2
2628.5	7
2629.5	9
2630.5	9
2631.5	9
2632.5	13
2633.5	7
2634.5	3
2635.5	9
2636.5	8
2637.5	10
2638.5	7
2639.5	6
2640.5	10
2641.5	11
2642.5	6
2643.5	10
2644.5	13
2645.5	8
2646.5	10
2647.5	8
2648.5	7
2649.5	3
2650.5	11
2651.5	6
2652.5	7
2653.5	6
2654.5	6
2655.5	9
2656.5	11
2657.5	10
2658.5	10
2659.5	11
2660.5	9
2661.5	14
2662.5	6
2663.5	13
2664.5	9
2665.5	12
2666.5	4
2667.5	3
2668.5	11
2669.5	14
2670.5	7
2671.5	8
2672.5	7
2673.5	10
2674.5	11
2675.5	10
2676.5	6
2677.5	7
2678.5	8
2679.5	7
2680.5	5
2681.5	10
2682.5	7
2683.5	10
2684.5	13
2685.5	7
2686.5	5
2687.5	8
2688.5	8
2689.5	5
2690.5	7
2691.5	12
2692.5	4
2693.5	6
2694.5	12
2695.5	10
2696.5	6
2697.5	4
2698.5	9
2699.5	8
2700.5	7
2701.5	8
2702.5	4
2703.5	9
2704.5	5
2705.5	9
2706.5	8
2707.5	10
2708.5	9
2709.5	8
2710.5	3
2711.5	10
2712.5	8
2713.5	8
2714.5	12
2715.5	3
2716.5	15
2717.5	6
2718.5	8
2719.5	11
2720.5	12
2721.5	8
2722.5	5
2723.5	3
2724.5	5
2725.5	6
2726.5	5
2727.5	10
2728.5	10
2729.5	9
2730.5	8
2731.5	7
2732.5	3
2733.5	4
2734.5	10
2735.5	8
2736.5	7
2737.5	7
2738.5	8
2739.5	7
2740.5	5
2741.5	8
2742.5	11
2743.5	12
2744.5	9
2745.5	2
2746.5	9
2747.5	7
2748.5	5
2749.5	12
2750.5	12
2751.5	8
2752.5	5
2753.5	2
2754.5	15
2755.5	11
2756.5	7
2757.5	7
2758.5	18
2759.5	9
2760.5	6
2761.5	9
2762.5	7
2763.5	4
2764.5	11
2765.5	6
2766.5	3
2767.5	5
2768.5	4
2769.5	5
2770.5	5
2771.5	9
2772.5	18
2773.5	13
2774.5	7
2775.5	7
2776.5	10
2777.5	5
2778.5	7
2779.5	11
2780.5	8
2781.5	5
2782.5	12
2783.5	12
2784.5	8
2785.5	8
2786.5	5
2787.5	9
2788.5	11
2789.5	7
2790.5	14
2791.5	9
2792.5	6
2793.5	8
2794.5	10
2795.5	12
2796.5	9
2797.5	10
2798.5	9
2799.5	8
2800.5	12
2801.5	10
2802.5	6
2803.5	4
2804.5	12
2805.5	12
2806.5	7
2807.5	10
2808.5	6
2809.5	8
2810.5	12
2811.5	8
2812.5	14
2813.5	7
2814.5	8
2815.5	14
2816.5	6
2817.5	5
2818.5	10
2819.5	12
2820.5	11
2821.5	8
2822.5	2
2823.5	11
2824.5	9
2825.5	3
2826.5	7
2827.5	6
2828.5	12
2829.5	15
2830.5	5
2831.5	11
2832.5	6
2833.5	8
2834.5	6
2835.5	7
2836.5	9
2837.5	7
2838.5	16
2839.5	8
2840.5	12
2841.5	5
2842.5	10
2843.5	6
2844.5	8
2845.5	3
2846.5	7
2847.5	12
2848.5	7
2849.5	11
2850.5	4
2851.5	13
2852.5	6
2853.5	10
2854.5	9
2855.5	13
2856.5	11
2857.5	6
2858.5	7
2859.5	13
2860.5	10
2861.5	8
2862.5	15
2863.5	4
2864.5	12
2865.5	6
2866.5	12
2867.5	9
2868.5	8
2869.5	7
2870.5	5
2871.5	6
2872.5	7
2873.5	6
2874.5	12
2875.5	7
2876.5	16
2877.5	6
2878.5	8
2879.5	12
2880.5	11
2881.5	8
2882.5	9
2883.5	10
2884.5	9
2885.5	7
2886.5	14
2887.5	14
2888.5	5
2889.5	11
2890.5	7
2891.5	5
2892.5	8
2893.5	5
2894.5	5
2895.5	6
2896.5	15
2897.5	10
2898.5	8
2899.5	10
2900.5	5
2901.5	13
2902.5	4
2903.5	5
2904.5	7
2905.5	10
2906.5	5
2907.5	13
2908.5	4
2909.5	10
2910.5	10
2911.5	9
2912.5	10
2913.5	10
2914.5	11
2915.5	7
2916.5	14
2917.5	6
2918.5	13
2919.5	12
2920.5	11
2921.5	9
2922.5	12
2923.5	9
2924.5	15
2925.5	8
2926.5	17
2927.5	4
2928.5	6
2929.5	8
2930.5	4
2931.5	7
2932.5	14
2933.5	4
2934.5	5
2935.5	3
2936.5	9
2937.5	7
2938.5	5
2939.5	10
2940.5	5
2941.5	6
2942.5	8
2943.5	9
2944.5	18
2945.5	9
2946.5	9
2947.5	10
2948.5	14
2949.5	11
2950.5	4
2951.5	6
2952.5	10
2953.5	11
2954.5	6
2955.5	7
2956.5	7
2957.5	9
2958.5	8
2959.5	15
2960.5	7
2961.5	10
2962.5	6
2963.5	6
2964.5	9
2965.5	11
2966.5	7
2967.5	10
2968.5	13
2969.5	10
2970.5	9
2971.5	13
2972.5	6
2973.5	12
2974.5	11
2975.5	12
2976.5	10
2977.5	11
2978.5	13
2979.5	5
2980.5	10
2981.5	11
2982.5	8
2983.5	6
2984.5	14
2985.5	14
2986.5	5
2987.5	10
2988.5	9
2989.5	10
2990.5	6
2991.5	15
2992.5	8
2993.5	15
2994.5	5
2995.5	10
2996.5	9
2997.5	10
2998.5	9
2999.5	6
3000.5	11
3001.5	13
3002.5	7
3003.5	13
3004.5	12
3005.5	4
3006.5	10
3007.5	14
3008.5	7
3009.5	10
3010.5	6
3011.5	10
3012.5	7
3013.5	9
3014.5	6
3015.5	11
3016.5	8
3017.5	12
3018.5	13
3019.5	4
3020.5	14
3021.5	7
3022.5	8
3023.5	11
3024.5	12
3025.5	10
3026.5	7
3027.5	15
3028.5	13
3029.5	8
3030.5	15
3031.5	8
3032.5	11
3033.5	11
3034.5	13
3035.5	10
3036.5	11
3037.5	6
3038.5	9
3039.5	12
3040.5	10
3041.5	4
3042.5	15
3043.5	4
3044.5	10
3045.5	3
3046.5	10
3047.5	5
3048.5	13
3049.5	7
3050.5	12
3051.5	8
3052.5	7
3053.5	14
3054.5	12
3055.5	7
3056.5	17
3057.5	5
3058.5	6
3059.5	11
3060.5	9
3061.5	11
3062.5	6
3063.5	4
3064.5	10
3065.5	7
3066.5	11
3067.5	10
3068.5	6
3069.5	9
3070.5	8
3071.5	11
3072.5	13
3073.5	9
3074.5	8
3075.5	13
3076.5	10
3077.5	9
3078.5	11
3079.5	11
3080.5	8
3081.5	7
3082.5	7
3083.5	6
3084.5	10
3085.5	10
3086.5	11
3087.5	15
3088.5	13
3089.5	6
3090.5	8
3091.5	8
3092.5	5
3093.5	15
3094.5	14
3095.5	14
3096.5	8
3097.5	11
3098.5	9
3099.5	9
3100.5	11
3101.5	10
3102.5	10
3103.5	17
3104.5	15
3105.5	19
3106.5	9
3107.5	11
3108.5	13
3109.5	6
3110.5	8
3111.5	10
3112.5	12
3113.5	16
3114.5	8
3115.5	9
3116.5	13
3117.5	6
3118.5	8
3119.5	10
3120.5	11
3121.5	12
3122.5	10
3123.5	4
3124.5	15
3125.5	12
3126.5	9
3127.5	14
3128.5	10
3129.5	15
3130.5	12
3131.5	11
3132.5	9
3133.5	5
3134.5	7
3135.5	7
3136.5	9
3137.5	16
3138.5	8
3139.5	15
3140.5	14
3141.5	10
3142.5	13
3143.5	14
3144.5	12
3145.5	5
3146.5	4
3147.5	6
3148.5	7
3149.5	9
3150.5	11
3151.5	12
3152.5	6
3153.5	16
3154.5	11
3155.5	18
3156.5	9
3157.5	12
3158.5	11
3159.5	11
3160.5	11
3161.5	12
3162.5	11
3163.5	17
3164.5	12
3165.5	12
3166.5	16
3167.5	18
3168.5	18
3169.5	10
3170.5	12
3171.5	8
3172.5	18
3173.5	15
3174.5	16
3175.5	15
3176.5	17
3177.5	12
3178.5	13
3179.5	17
3180.5	13
3181.5	11
3182.5	14
3183.5	15
3184.5	13
3185.5	17
3186.5	13
3187.5	22
3188.5	15
3189.5	21
3190.5	15
3191.5	19
3192.5	25
3193.5	32
3194.5	19
3195.5	22
3196.5	22
3197.5	17
3198.5	17
3199.5	23
3200.5	23
3201.5	15
3202.5	26
3203.5	13
3204.5	18
3205.5	15
3206.5	22
3207.5	25
3208.5	25
3209.5	21
3210.5	16
3211.5	17
3212.5	21
3213.5	15
3214.5	22
3215.5	26
3216.5	29
3217.5	32
3218.5	32
3219.5	27
3220.5	15
3221.5	27
3222.5	26
3223.5	21
3224.5	25
3225.5	31
3226.5	22
3227.5	24
3228.5	30
3229.5	23
3230.5	19
3231.5	26
3232.5	25
3233.5	25
3234.5	35
3235.5	23
3236.5	29
3237.5	21
3238.5	26
3239.5	19
3240.5	24
3241.5	21
3242.5	24
3243.5	27
3244.5	27
3245.5	31
3246.5	27
3247.5	30
3248.5	25
3249.5	18
3250.5	18
3251.5	25
3252.5	21
3253.5	25
3254.5	28
3255.5	22
3256.5	23
3257.5	26
3258.5	27
3259.5	21
3260.5	33
3261.5	31
3262.5	23
3263.5	30
3264.5	25
3265.5	26
3266.5	30
3267.5	22
3268.5	23
3269.5	19
3270.5	26
3271.5	27
3272.5	35
3273.5	23
3274.5	25
3275.5	22
3276.5	23
3277.5	22
3278.5	18
3279.5	17
3280.5	16
3281.5	19
3282.5	25
3283.5	26
3284.5	30
3285.5	24
3286.5	15
3287.5	17
3288.5	16
3289.5	19
3290.5	26
3291.5	19
3292.5	21
3293.5	18
3294.5	22
3295.5	18
3296.5	18
3297.5	24
3298.5	16
3299.5	19
3300.5	14
3301.5	16
3302.5	18
3303.5	18
3304.5	17
3305.5	14
3306.5	13
3307.5	24
3308.5	16
3309.5	15
3310.5	12
3311.5	16
3312.5	13
3313.5	15
3314.5	17
3315.5	19
3316.5	14
3317.5	19
3318.5	19
3319.5	19
3320.5	12
3321.5	20
3322.5	9
3323.5	22
3324.5	24
3325.5	14
3326.5	14
3327.5	20
3328.5	19
3329.5	21
3330.5	17
3331.5	18
3332.5	20
3333.5	20
3334.5	12
3335.5	16
3336.5	15
3337.5	14
3338.5	16
3339.5	17
3340.5	19
3341.5	11
3342.5	17
3343.5	23
3344.5	19
3345.5	16
3346.5	25
3347.5	15
3348.5	15
3349.5	13
3350.5	9
3351.5	15
3352.5	13
3353.5	18
3354.5	13
3355.5	17
3356.5	22
3357.5	14
3358.5	15
3359.5	14
3360.5	21
3361.5	22
3362.5	19
3363.5	18
3364.5	21
3365.5	16
3366.5	15
3367.5	15
3368.5	28
3369.5	20
3370.5	15
3371.5	14
3372.5	19
3373.5	27
3374.5	20
3375.5	19
3376.5	13
3377.5	17
3378.5	17
3379.5	25
3380.5	18
3381.5	26
3382.5	15
3383.5	16
3384.5	16
3385.5	14
3386.5	20
3387.5	16
3388.5	13
3389.5	13
3390.5	19
3391.5	12
3392.5	15
3393.5	13
3394.5	9
3395.5	19
3396.5	28
3397.5	17
3398.5	21
3399.5	15
3400.5	14
3401.5	18
3402.5	19
3403.5	20
3404.5	17
3405.5	19
3406.5	17
3407.5	16
3408.5	17
3409.5	9
3410.5	14
3411.5	25
3412.5	9
3413.5	17
3414.5	18
3415.5	18
3416.5	26
3417.5	16
3418.5	12
3419.5	16
3420.5	24
3421.5	18
3422.5	12
3423.5	21
3424.5	10
3425.5	11
3426.5	16
3427.5	16
3428.5	16
3429.5	22
3430.5	31
3431.5	19
3432.5	6
3433.5	23
3434.5	19
3435.5	13
3436.5	20
3437.5	14
3438.5	21
3439.5	21
3440.5	17
3441.5	14
3442.5	16
3443.5	20
3444.5	19
3445.5	12
3446.5	18
3447.5	18
3448.5	23
3449.5	16
3450.5	18
3451.5	19
3452.5	15
3453.5	16
3454.5	17
3455.5	15
3456.5	12
3457.5	17
3458.5	16
3459.5	25
3460.5	14
3461.5	10
3462.5	19
3463.5	19
3464.5	17
3465.5	13
3466.5	10
3467.5	21
3468.5	21
3469.5	17
3470.5	18
3471.5	15
3472.5	18
3473.5	23
3474.5	9
3475.5	18
3476.5	25
3477.5	9
3478.5	16
3479.5	11
3480.5	11
3481.5	13
3482.5	18
3483.5	15
3484.5	15
3485.5	17
3486.5	13
3487.5	20
3488.5	14
3489.5	25
3490.5	13
3491.5	14
3492.5	21
3493.5	11
3494.5	19
3495.5	18
3496.5	20
3497.5	13
3498.5	14
3499.5	24
3500.5	11
3501.5	23
3502.5	17
3503.5	10
3504.5	13
3505.5	14
3506.5	13
3507.5	14
3508.5	16
3509.5	13
3510.5	11
3511.5	15
3512.5	15
3513.5	13
3514.5	14
3515.5	11
3516.5	14
3517.5	13
3518.5	16
3519.5	11
3520.5	26
3521.5	15
3522.5	10
3523.5	11
3524.5	13
3525.5	13
3526.5	17
3527.5	13
3528.5	14
3529.5	12
3530.5	13
3531.5	11
3532.5	16
3533.5	6
3534.5	19
3535.5	17
3536.5	19
3537.5	13
3538.5	10
3539.5	16
3540.5	15
3541.5	17
3542.5	14
3543.5	16
3544.5	15
3545.5	19
3546.5	11
3547.5	13
3548.5	14
3549.5	10
3550.5	15
3551.5	17
3552.5	16
3553.5	12
3554.5	19
3555.5	13
3556.5	15
3557.5	16
3558.5	10
3559.5	14
3560.5	13
3561.5	17
3562.5	19
3563.5	12
3564.5	11
3565.5	12
3566.5	17
3567.5	20
3568.5	7
3569.5	15
3570.5	16
3571.5	23
3572.5	19
3573.5	16
3574.5	21
3575.5	14
3576.5	15
3577.5	17
3578.5	11
3579.5	18
3580.5	18
3581.5	13
3582.5	13
3583.5	7
3584.5	14
3585.5	14
3586.5	15
3587.5	14
3588.5	9
3589.5	15
3590.5	15
3591.5	23
3592.5	20
3593.5	14
3594.5	18
3595.5	17
3596.5	11
3597.5	19
3598.5	32
3599.5	19
3600.5	12
3601.5	23
3602.5	18
3603.5	27
3604.5	19
3605.5	15
3606.5	18
3607.5	18
3608.5	18
3609.5	20
3610.5	16
3611.5	24
3612.5	13
3613.5	16
3614.5	18
3615.5	13
3616.5	21
3617.5	26
3618.5	26
3619.5	31
3620.5	25
3621.5	19
3622.5	27
3623.5	34
3624.5	20
3625.5	26
3626.5	27
3627.5	32
3628.5	36
3629.5	29
3630.5	31
3631.5	23
3632.5	29
3633.5	27
3634.5	33
3635.5	26
3636.5	33
3637.5	35
3638.5	35
3639.5	47
3640.5	38
3641.5	34
3642.5	41
3643.5	38
3644.5	36
3645.5	42
3646.5	31
3647.5	37
3648.5	45
3649.5	35
3650.5	42
3651.5	34
3652.5	38
3653.5	38
3654.5	38
3655.5	41
3656.5	30
3657.5	44
3658.5	32
3659.5	50
3660.5	33
3661.5	42
3662.5	38
3663.5	36
3664.5	36
3665.5	37
3666.5	32
3667.5	54
3668.5	36
3669.5	40
3670.5	34
3671.5	40
3672.5	37
3673.5	27
3674.5	43
3675.5	28
3676.5	40
3677.5	55
3678.5	35
3679.5	38
3680.5	49
3681.5	41
3682.5	38
3683.5	40
3684.5	36
3685.5	44
3686.5	37
3687.5	36
3688.5	37
3689.5	39
3690.5	37
3691.5	30
3692.5	35
3693.5	37
3694.5	42
3695.5	29
3696.5	28
3697.5	33
3698.5	36
3699.5	25
3700.5	34
3701.5	37
3702.5	23
3703.5	29
3704.5	34
3705.5	24
3706.5	39
3707.5	23
3708.5	30
3709.5	26
3710.5	34
3711.5	23
3712.5	29
3713.5	26
3714.5	31
3715.5	24
3716.5	22
3717.5	9
3718.5	23
3719.5	20
3720.5	27
3721.5	27
3722.5	20
3723.5	27
3724.5	16
3725.5	20
3726.5	35
3727.5	17
3728.5	17
3729.5	16
3730.5	20
3731.5	15
3732.5	20
3733.5	35
3734.5	23
3735.5	24
3736.5	21
3737.5	8
3738.5	18
3739.5	19
3740.5	24
3741.5	22
3742.5	17
3743.5	15
3744.5	15
3745.5	19
3746.5	12
3747.5	10
3748.5	15
3749.5	20
3750.5	24
3751.5	15
3752.5	20
3753.5	15
3754.5	17
3755.5	14
3756.5	15
3757.5	15
3758.5	21
3759.5	15
3760.5	17
3761.5	18
3762.5	24
3763.5	23
3764.5	15
3765.5	17
3766.5	18
3767.5	25
3768.5	16
3769.5	16
3770.5	23
3771.5	20
3772.5	16
3773.5	20
3774.5	15
3775.5	19
3776.5	12
3777.5	12
3778.5	9
3779.5	17
3780.5	14
3781.5	16
3782.5	25
3783.5	16
3784.5	18
3785.5	12
3786.5	19
3787.5	22
3788.5	13
3789.5	19
3790.5	20
3791.5	12
3792.5	18
3793.5	15
3794.5	22
3795.5	15
3796.5	21
3797.5	14
3798.5	24
3799.5	15
3800.5	18
3801.5	21
3802.5	20
3803.5	12
3804.5	27
3805.5	9
3806.5	13
3807.5	17
3808.5	15
3809.5	14
3810.5	24
3811.5	12
3812.5	8
3813.5	18
3814.5	20
3815.5	17
3816.5	21
3817.5	22
3818.5	11
3819.5	17
3820.5	22
3821.5	11
3822.5	12
3823.5	21
3824.5	10
3825.5	16
3826.5	21
3827.5	19
3828.5	19
3829.5	14
3830.5	16
3831.5	24
3832.5	24
3833.5	20
3834.5	12
3835.5	16
3836.5	19
3837.5	15
3838.5	19
3839.5	16
3840.5	17
3841.5	19
3842.5	15
3843.5	14
3844.5	17
3845.5	15
3846.5	15
3847.5	23
3848.5	18
3849.5	17
3850.5	23
3851.5	22
3852.5	21
3853.5	18
3854.5	16
3855.5	16
3856.5	22
3857.5	13
3858.5	25
3859.5	15
3860.5	16
3861.5	15
3862.5	20
3863.5	20
3864.5	14
3865.5	13
3866.5	18
3867.5	14
3868.5	15
3869.5	16
3870.5	13
3871.5	9
3872.5	18
3873.5	16
3874.5	20
3875.5	13
3876.5	9
3877.5	14
3878.5	9
3879.5	13
3880.5	16
3881.5	15
3882.5	15
3883.5	13
3884.5	14
3885.5	12
3886.5	7
3887.5	14
3888.5	17
3889.5	14
3890.5	15
3891.5	12
3892.5	11
3893.5	16
3894.5	15
3895.5	8
3896.5	10
3897.5	13
3898.5	15
3899.5	12
3900.5	10
3901.5	9
3902.5	8
3903.5	23
3904.5	6
3905.5	8
3906.5	8
3907.5	11
3908.5	7
3909.5	13
3910.5	11
3911.5	8
3912.5	7
3913.5	10
3914.5	15
3915.5	5
3916.5	6
3917.5	11
3918.5	8
3919.5	13
3920.5	7
3921.5	8
3922.5	12
3923.5	10
3924.5	10
3925.5	5
3926.5	7
3927.5	9
3928.5	6
3929.5	7
3930.5	10
3931.5	11
3932.5	8
3933.5	9
3934.5	8
3935.5	11
3936.5	9
3937.5	6
3938.5	8
3939.5	6
3940.5	7
3941.5	9
3942.5	5
3943.5	10
3944.5	10
3945.5	4
3946.5	9
3947.5	6
3948.5	3
3949.5	3
3950.5	9
3951.5	7
3952.5	5
3953.5	7
3954.5	3
3955.5	6
3956.5	7
3957.5	6
3958.5	9
3959.5	10
3960.5	4
3961.5	6
3962.5	6
3963.5	2
3964.5	2
3965.5	3
3966.5	5
3967.5	7
3968.5	11
3969.5	7
3970.5	2
3971.5	4
3972.5	5
3973.5	8
3974.5	2
3975.5	5
3976.5	8
3977.5	9
3978.5	4
3979.5	4
3980.5	11
3981.5	9
3982.5	5
3983.5	8
3984.5	5
3985.5	6
3986.5	6
3987.5	1
3988.5	4
3989.5	2
3990.5	9
3991.5	6
3992.5	5
3993.5	4
3994.5	0
3995.5	6
3996.5	3
3997.5	5
3998.5	6
3999.5	4
4000.5	6
4001.5	9
4002.5	1
4003.5	2
4004.5	11
4005.5	7
4006.5	10
4007.5	12
4008.5	9
4009.5	12
4010.5	10
4011.5	15
4012.5	9
4013.5	9
4014.5	13
4015.5	18
4016.5	12
4017.5	11
4018.5	9
4019.5	11
4020.5	13
4021.5	8
4022.5	17
4023.5	14
4024.5	13
4025.5	10
4026.5	14
4027.5	16
4028.5	27
4029.5	19
4030.5	14
4031.5	17
4032.5	21
4033.5	14
4034.5	17
4035.5	17
4036.5	24
4037.5	25
4038.5	21
4039.5	28
4040.5	28
4041.5	19
4042.5	29
4043.5	20
4044.5	32
4045.5	25
4046.5	26
4047.5	30
4048.5	29
4049.5	38
4050.5	33
4051.5	27
4052.5	34
4053.5	38
4054.5	26
4055.5	27
4056.5	37
4057.5	37
4058.5	39
4059.5	33
4060.5	23
4061.5	33
4062.5	45
4063.5	42
4064.5	30
4065.5	43
4066.5	40
4067.5	40
4068.5	51
4069.5	44
4070.5	46
4071.5	38
4072.5	31
4073.5	43
4074.5	36
4075.5	25
4076.5	42
4077.5	36
4078.5	38
4079.5	53
4080.5	39
4081.5	36
4082.5	35
4083.5	28
4084.5	36
4085.5	36
4086.5	35
4087.5	30
4088.5	27
4089.5	33
4090.5	28
4091.5	31
4092.5	27
4093.5	29
4094.5	28
4095.5	19
4096.5	30
4097.5	27
4098.5	37
4099.5	32
4100.5	27
4101.5	24
4102.5	33
4103.5	38
4104.5	32
4105.5	32
4106.5	22
4107.5	22
4108.5	28
4109.5	26
4110.5	23
4111.5	29
4112.5	20
4113.5	27
4114.5	18
4115.5	24
4116.5	17
4117.5	15
4118.5	19
4119.5	23
4120.5	16
4121.5	14
4122.5	13
4123.5	13
4124.5	15
4125.5	14
4126.5	12
4127.5	15
4128.5	22
4129.5	10
4130.5	7
4131.5	12
4132.5	6
4133.5	11
4134.5	11
4135.5	10
4136.5	6
4137.5	11
4138.5	5
4139.5	7
4140.5	3
4141.5	10
4142.5	8
4143.5	7
4144.5	4
4145.5	5
4146.5	3
4147.5	2
4148.5	8
4149.5	4
4150.5	0
4151.5	8
4152.5	3
4153.5	6
4154.5	2
4155.5	3
4156.5	2
4157.5	4
4158.5	3
4159.5	3
4160.5	2
4161.5	1
4162.5	3
4163.5	5
4164.5	1
4165.5	3
4166.5	3
4167.5	5
4168.5	2
4169.5	3
4170.5	1
4171.5	2
4172.5	2
4173.5	1
4174.5	1
4175.5	3
4176.5	0
4177.5	2
4178.5	0
4179.5	0
4180.5	5
4181.5	2
4182.5	1
4183.5	3
4184.5	3
4185.5	3
4186.5	5
4187.5	1
4188.5	1
4189.5	2
4190.5	1
4191.5	0
4192.5	0
4193.5	1
4194.5	3
4195.5	4
4196.5	2
4197.5	2
4198.5	5
4199.5	0
4200.5	1
4201.5	1
4202.5	1
4203.5	0
4204.5	1
4205.5	4
4206.5	2
4207.5	0
4208.5	1
4209.5	1
4210.5	3
4211.5	2
4212.5	3
4213.5	0
4214.5	3
4215.5	0
4216.5	2
4217.5	2
4218.5	1
4219.5	1
4220.5	0
4221.5	2
4222.5	0
4223.5	1
4224.5	2
4225.5	0
4226.5	1
4227.5	3
4228.5	3
4229.5	3
4230.5	0
4231.5	4
4232.5	1
4233.5	3
4234.5	1
4235.5	1
4236.5	3
4237.5	3
4238.5	3
4239.5	2
4240.5	1
4241.5	0
4242.5	2
4243.5	1
4244.5	1
4245.5	1
4246.5	1
4247.5	3
4248.5	0
4249.5	0
4250.5	0
4251.5	1
4252.5	0
4253.5	1
4254.5	2
4255.5	1
4256.5	1
4257.5	1
4258.5	1
4259.5	1
4260.5	2
4261.5	1
4262.5	1
4263.5	1
4264.5	3
4265.5	2
4266.5	0
4267.5	2
4268.5	3
4269.5	3
4270.5	1
4271.5	0
4272.5	1
4273.5	1
4274.5	2
4275.5	2
4276.5	0
4277.5	1
4278.5	2
4279.5	2
4280.5	1
4281.5	3
4282.5	2
4283.5	0
4284.5	1
4285.5	4
4286.5	0
4287.5	2
4288.5	2
4289.5	0
4290.5	2
4291.5	2
4292.5	0
4293.5	2
4294.5	3
4295.5	1
4296.5	0
4297.5	0
4298.5	1
4299.5	0
4300.5	0
4301.5	3
4302.5	2
4303.5	1
4304.5	3
4305.5	2
4306.5	3
4307.5	1
4308.5	0
4309.5	0
4310.5	4
4311.5	0
4312.5	2
4313.5	1
4314.5	1
4315.5	1
4316.5	3
4317.5	0
4318.5	2
4319.5	4
4320.5	1
4321.5	1
4322.5	0
4323.5	1
4324.5	1
4325.5	1
4326.5	1
4327.5	1
4328.5	2
4329.5	1
4330.5	2
4331.5	2
4332.5	2
4333.5	1
4334.5	5
4335.5	1
4336.5	0
4337.5	2
4338.5	2
4339.5	5
4340.5	0
4341.5	2
4342.5	2
4343.5	1
4344.5	0
4345.5	2
4346.5	1
4347.5	2
4348.5	0
4349.5	1
4350.5	4
4351.5	3
4352.5	0
4353.5	0
4354.5	2
4355.5	2
4356.5	0
4357.5	2
4358.5	4
4359.5	2
4360.5	0
4361.5	2
4362.5	2
4363.5	0
4364.5	0
4365.5	0
4366.5	2
4367.5	2
4368.5	2
4369.5	2
4370.5	1
4371.5	4
4372.5	1
4373.5	2
4374.5	1
4375.5	3
4376.5	2
4377.5	0
4378.5	3
4379.5	0
4380.5	2
4381.5	3
4382.5	1
4383.5	2
4384.5	0
4385.5	0
4386.5	0
4387.5	1
4388.5	1
4389.5	1
4390.5	2
4391.5	2
4392.5	3
4393.5	2
4394.5	2
4395.5	0
4396.5	2
4397.5	0
4398.5	5
4399.5	1
4400.5	2
4401.5	1
4402.5	1
4403.5	3
4404.5	2
4405.5	0
4406.5	1
4407.5	2
4408.5	1
4409.5	4
4410.5	1
4411.5	1
4412.5	2
4413.5	2
4414.5	1
4415.5	2
4416.5	1
4417.5	1
4418.5	3
4419.5	0
4420.5	3
4421.5	2
4422.5	1
4423.5	2
4424.5	1
4425.5	1
4426.5	3
4427.5	1
4428.5	0
4429.5	0
4430.5	2
4431.5	3
4432.5	1
4433.5	0
4434.5	3
4435.5	2
4436.5	0
4437.5	0
4438.5	0
4439.5	4
4440.5	3
4441.5	2
4442.5	4
4443.5	0
4444.5	1
4445.5	2
4446.5	2
4447.5	1
4448.5	2
4449.5	1
4450.5	4
4451.5	0
4452.5	1
4453.5	2
4454.5	3
4455.5	1
4456.5	1
4457.5	3
4458.5	0
4459.5	2
4460.5	2
4461.5	1
4462.5	4
4463.5	1
4464.5	3
4465.5	2
4466.5	0
4467.5	2
4468.5	5
4469.5	0
4470.5	1
4471.5	3
4472.5	1
4473.5	0
4474.5	1
4475.5	3
4476.5	3
4477.5	0
4478.5	3
4479.5	3
4480.5	0
4481.5	0
4482.5	0
4483.5	0
4484.5	2
4485.5	0
4486.5	1
4487.5	3
4488.5	2
4489.5	2
4490.5	1
4491.5	3
4492.5	1
4493.5	1
4494.5	2
4495.5	1
4496.5	2
4497.5	0
4498.5	1
4499.5	2
4500.5	2
4501.5	0
4502.5	1
4503.5	3
4504.5	4
4505.5	1
4506.5	3
4507.5	0
4508.5	3
4509.5	0
4510.5	0
4511.5	1
4512.5	1
4513.5	1
4514.5	1
4515.5	1
4516.5	1
4517.5	0
4518.5	2
4519.5	3
4520.5	1
4521.5	1
4522.5	0
4523.5	1
4524.5	0
4525.5	2
4526.5	3
4527.5	3
4528.5	0
4529.5	1
4530.5	1
4531.5	1
4532.5	1
4533.5	1
4534.5	2
4535.5	1
4536.5	1
4537.5	3
4538.5	1
4539.5	1
4540.5	2
4541.5	3
4542.5	0
4543.5	1
4544.5	2
4545.5	0
4546.5	2
4547.5	1
4548.5	1
4549.5	3
4550.5	2
4551.5	0
4552.5	0
4553.5	3
4554.5	0
4555.5	2
4556.5	2
4557.5	3
4558.5	3
4559.5	4
4560.5	1
4561.5	4
4562.5	1
4563.5	1
4564.5	0
4565.5	0
4566.5	2
4567.5	0
4568.5	3
4569.5	3
4570.5	1
4571.5	0
4572.5	2
4573.5	2
4574.5	1
4575.5	0
4576.5	2
4577.5	1
4578.5	1
4579.5	3
4580.5	3
4581.5	1
4582.5	2
4583.5	0
4584.5	1
4585.5	0
4586.5	2
4587.5	3
4588.5	2
4589.5	2
4590.5	0
4591.5	1
4592.5	3
4593.5	2
4594.5	2
4595.5	0
4596.5	1
4597.5	1
4598.5	0
4599.5	4
4600.5	2
4601.5	2
4602.5	1
4603.5	0
4604.5	1
4605.5	2
4606.5	2
4607.5	0
4608.5	1
4609.5	1
4610.5	2
4611.5	2
4612.5	3
4613.5	3
4614.5	0
4615.5	3
4616.5	1
4617.5	0
4618.5	1
4619.5	1
4620.5	0
4621.5	2
4622.5	0
4623.5	0
4624.5	0
4625.5	3
4626.5	5
4627.5	1
4628.5	0
4629.5	1
4630.5	1
4631.5	1
4632.5	1
4633.5	1
4634.5	2
4635.5	4
4636.5	0
4637.5	4
4638.5	1
4639.5	2
4640.5	1
4641.5	2
4642.5	2
4643.5	1
4644.5	2
4645.5	2
4646.5	4
4647.5	1
4648.5	1
4649.5	3
4650.5	2
4651.5	0
4652.5	1
4653.5	3
4654.5	5
4655.5	1
4656.5	0
4657.5	1
4658.5	2
4659.5	0
4660.5	4
4661.5	2
4662.5	2
4663.5	2
4664.5	1
4665.5	0
4666.5	2
4667.5	4
4668.5	1
4669.5	0
4670.5	0
4671.5	0
4672.5	1
4673.5	0
4674.5	0
4675.5	3
4676.5	1
4677.5	0
4678.5	1
4679.5	3
4680.5	1
4681.5	2
4682.5	1
4683.5	0
4684.5	1
4685.5	3
4686.5	1
4687.5	1
4688.5	3
4689.5	1
4690.5	1
4691.5	1
4692.5	1
4693.5	1
4694.5	3
4695.5	3
4696.5	0
4697.5	1
4698.5	3
4699.5	1
4700.5	2
4701.5	0
4702.5	2
4703.5	1
4704.5	0
4705.5	3
4706.5	1
4707.5	2
4708.5	1
4709.5	2
4710.5	1
4711.5	0
4712.5	2
4713.5	1
4714.5	0
4715.5	0
4716.5	0
4717.5	2
4718.5	1
4719.5	2
4720.5	0
4721.5	0
4722.5	0
4723.5	2
4724.5	3
4725.5	1
4726.5	2
4727.5	0
4728.5	2
4729.5	0
4730.5	1
4731.5	1
4732.5	1
4733.5	1
4734.5	2
4735.5	0
4736.5	0
4737.5	1
4738.5	3
4739.5	3
4740.5	1
4741.5	1
4742.5	2
4743.5	1
4744.5	1
4745.5	0
4746.5	0
4747.5	1
4748.5	4
4749.5	2
4750.5	2
4751.5	1
4752.5	1
4753.5	0
4754.5	0
4755.5	0
4756.5	0
4757.5	1
4758.5	3
4759.5	0
4760.5	2
4761.5	3
4762.5	2
4763.5	1
4764.5	1
4765.5	4
4766.5	3
4767.5	2
4768.5	2
4769.5	0
4770.5	1
4771.5	0
4772.5	1
4773.5	0
4774.5	0
4775.5	2
4776.5	1
4777.5	1
4778.5	0
4779.5	3
4780.5	0
4781.5	2
4782.5	1
4783.5	3
4784.5	1
4785.5	1
4786.5	0
4787.5	2
4788.5	1
4789.5	2
4790.5	2
4791.5	2
4792.5	2
4793.5	0
4794.5	1
4795.5	2
4796.5	0
4797.5	0
4798.5	2
4799.5	2
4800.5	0
4801.5	2
4802.5	3
4803.5	0
4804.5	3
4805.5	2
4806.5	0
4807.5	1
4808.5	1
4809.5	1
4810.5	4
4811.5	0
4812.5	3
4813.5	2
4814.5	3
4815.5	3
4816.5	0
4817.5	0
4818.5	1
4819.5	2
4820.5	1
4821.5	0
4822.5	0
4823.5	1
4824.5	2
4825.5	1
4826.5	2
4827.5	1
4828.5	2
4829.5	4
4830.5	1
4831.5	0
4832.5	0
4833.5	3
4834.5	0
4835.5	0
4836.5	2
4837.5	3
4838.5	2
4839.5	1
4840.5	1
4841.5	0
4842.5	1
4843.5	2
4844.5	1
4845.5	1
4846.5	2
4847.5	4
4848.5	2
4849.5	1
4850.5	1
4851.5	0
4852.5	3
4853.5	1
4854.5	3
4855.5	0
4856.5	2
4857.5	1
4858.5	5
4859.5	1
4860.5	0
4861.5	0
4862.5	1
4863.5	1
4864.5	1
4865.5	1
4866.5	0
4867.5	0
4868.5	0
4869.5	3
4870.5	3
4871.5	0
4872.5	2
4873.5	2
4874.5	3
4875.5	3
4876.5	1
4877.5	0
4878.5	0
4879.5	1
4880.5	1
4881.5	1
4882.5	0
4883.5	1
4884.5	1
4885.5	1
4886.5	0
4887.5	1
4888.5	3
4889.5	1
4890.5	2
4891.5	1
4892.5	1
4893.5	1
4894.5	1
4895.5	4
4896.5	1
4897.5	1
4898.5	3
4899.5	0
4900.5	2
4901.5	1
4902.5	0
4903.5	2
4904.5	1
4905.5	0
4906.5	2
4907.5	1
4908.5	0
4909.5	1
4910.5	4
4911.5	0
4912.5	0
4913.5	1
4914.5	0
4915.5	0
4916.5	3
4917.5	1
4918.5	2
4919.5	0
4920.5	1
4921.5	2
4922.5	0
4923.5	1
4924.5	2
4925.5	1
4926.5	2
4927.5	4
4928.5	2
4929.5	2
4930.5	1
4931.5	3
4932.5	0
4933.5	2
4934.5	2
4935.5	2
4936.5	1
4937.5	3
4938.5	0
4939.5	1
4940.5	1
4941.5	0
4942.5	3
4943.5	0
4944.5	1
4945.5	2
4946.5	0
4947.5	3
4948.5	1
4949.5	0
4950.5	1
4951.5	4
4952.5	3
4953.5	2
4954.5	4
4955.5	0
4956.5	0
4957.5	1
4958.5	2
4959.5	1
4960.5	2
4961.5	0
4962.5	1
4963.5	3
4964.5	4
4965.5	0
4966.5	0
4967.5	1
4968.5	3
4969.5	2
4970.5	4
4971.5	1
4972.5	1
4973.5	0
4974.5	3
4975.5	1
4976.5	0
4977.5	0
4978.5	2
4979.5	3
4980.5	2
4981.5	2
4982.5	0
4983.5	3
4984.5	2
4985.5	2
4986.5	0
4987.5	1
4988.5	3
4989.5	1
4990.5	2
4991.5	2
4992.5	2
4993.5	4
4994.5	3
4995.5	2
4996.5	2
4997.5	0
4998.5	1
4999.5	0
5000.5	1
5001.5	3
5002.5	1
5003.5	3
5004.5	2
5005.5	3
5006.5	5
5007.5	1
5008.5	2
5009.5	3
5010.5	4
5011.5	0
5012.5	2
5013.5	2
5014.5	0
5015.5	1
5016.5	3
5017.5	2
5018.5	1
5019.5	4
5020.5	1
5021.5	0
5022.5	3
5023.5	3
5024.5	1
5025.5	2
5026.5	1
5027.5	2
5028.5	0
5029.5	1
5030.5	0
5031.5	3
5032.5	0
5033.5	6
5034.5	1
5035.5	2
5036.5	0
5037.5	1
5038.5	0
5039.5	3
5040.5	2
5041.5	2
5042.5	2
5043.5	3
5044.5	2
5045.5	0
5046.5	0
5047.5	1
5048.5	1
5049.5	1
5050.5	3
5051.5	0
5052.5	1
5053.5	2
5054.5	2
5055.5	0
5056.5	0
5057.5	1
5058.5	2
5059.5	0
5060.5	0
5061.5	6
5062.5	3
5063.5	1
5064.5	1
5065.5	0
5066.5	0
5067.5	0
5068.5	1
5069.5	3
5070.5	1
5071.5	0
5072.5	2
5073.5	0
5074.5	2
5075.5	2
5076.5	1
5077.5	0
5078.5	1
5079.5	3
5080.5	1
5081.5	0
5082.5	1
5083.5	1
5084.5	5
5085.5	0
5086.5	2
5087.5	1
5088.5	2
5089.5	0
5090.5	1
5091.5	0
5092.5	1
5093.5	2
5094.5	0
5095.5	2
5096.5	1
5097.5	1
5098.5	0
5099.5	0
5100.5	4
5101.5	0
5102.5	0
5103.5	2
5104.5	3
5105.5	1
5106.5	3
5107.5	2
5108.5	1
5109.5	1
5110.5	1
5111.5	1
5112.5	1
5113.5	0
5114.5	0
5115.5	2
5116.5	2
5117.5	1
5118.5	2
5119.5	4
5120.5	1
5121.5	2
5122.5	1
5123.5	2
5124.5	1
5125.5	1
5126.5	3
5127.5	3
5128.5	1
5129.5	1
5130.5	1
5131.5	2
5132.5	0
5133.5	3
5134.5	2
5135.5	0
5136.5	3
5137.5	2
5138.5	5
5139.5	2
5140.5	0
5141.5	2
5142.5	1
5143.5	1
5144.5	3
5145.5	5
5146.5	2
5147.5	1
5148.5	1
5149.5	3
5150.5	1
5151.5	2
5152.5	2
5153.5	1
5154.5	1
5155.5	2
5156.5	1
5157.5	1
5158.5	3
5159.5	3
5160.5	0
5161.5	3
5162.5	2
5163.5	1
5164.5	4
5165.5	1
5166.5	2
5167.5	0
5168.5	2
5169.5	7
5170.5	3
5171.5	2
5172.5	0
5173.5	2
5174.5	0
5175.5	0
5176.5	1
5177.5	2
5178.5	1
5179.5	1
5180.5	1
5181.5	3
5182.5	4
5183.5	2
5184.5	0
5185.5	1
5186.5	0
5187.5	0
5188.5	2
5189.5	2
5190.5	4
5191.5	2
5192.5	1
5193.5	1
5194.5	3
5195.5	2
5196.5	1
5197.5	3
5198.5	3
5199.5	0
5200.5	1
5201.5	1
5202.5	2
5203.5	4
5204.5	3
5205.5	3
5206.5	2
5207.5	2
5208.5	4
5209.5	5
5210.5	1
5211.5	3
5212.5	2
5213.5	2
5214.5	0
5215.5	0
5216.5	1
5217.5	3
5218.5	1
5219.5	0
5220.5	2
5221.5	2
5222.5	0
5223.5	1
5224.5	1
5225.5	0
5226.5	0
5227.5	0
5228.5	3
5229.5	0
5230.5	2
5231.5	1
5232.5	1
5233.5	3
5234.5	2
5235.5	2
5236.5	1
5237.5	4
5238.5	2
5239.5	1
5240.5	1
5241.5	1
5242.5	2
5243.5	1
5244.5	2
5245.5	3
5246.5	4
5247.5	0
5248.5	2
5249.5	2
5250.5	0
5251.5	2
5252.5	1
5253.5	2
5254.5	1
5255.5	1
5256.5	1
5257.5	2
5258.5	0
5259.5	2
5260.5	0
5261.5	0
5262.5	1
5263.5	1
5264.5	3
5265.5	1
5266.5	1
5267.5	1
5268.5	0
5269.5	1
5270.5	3
5271.5	3
5272.5	6
5273.5	2
5274.5	0
5275.5	3
5276.5	2
5277.5	0
5278.5	1
5279.5	2
5280.5	3
5281.5	2
5282.5	0
5283.5	3
5284.5	0
5285.5	0
5286.5	1
5287.5	0
5288.5	2
5289.5	1
5290.5	0
5291.5	2
5292.5	4
5293.5	1
5294.5	0
5295.5	3
5296.5	1
5297.5	2
5298.5	2
5299.5	3
5300.5	2
5301.5	3
5302.5	3
5303.5	3
5304.5	1
5305.5	2
5306.5	2
5307.5	1
5308.5	1
5309.5	2
5310.5	1
5311.5	2
5312.5	3
5313.5	4
5314.5	3
5315.5	3
5316.5	1
5317.5	4
5318.5	0
5319.5	2
5320.5	1
5321.5	3
5322.5	3
5323.5	3
5324.5	3
5325.5	3
5326.5	4
5327.5	1
5328.5	2
5329.5	3
5330.5	4
5331.5	0
5332.5	4
5333.5	0
5334.5	3
5335.5	5
5336.5	1
5337.5	1
5338.5	4
5339.5	1
5340.5	1
5341.5	1
5342.5	4
5343.5	2
5344.5	2
5345.5	3
5346.5	2
5347.5	4
5348.5	1
5349.5	4
5350.5	4
5351.5	3
5352.5	0
5353.5	2
5354.5	1
5355.5	2
5356.5	1
5357.5	1
5358.5	2
5359.5	3
5360.5	0
5361.5	2
5362.5	3
5363.5	5
5364.5	2
5365.5	1
5366.5	3
5367.5	1
5368.5	2
5369.5	0
5370.5	3
5371.5	2
5372.5	1
5373.5	1
5374.5	1
5375.5	0
5376.5	1
5377.5	0
5378.5	2
5379.5	6
5380.5	2
5381.5	0
5382.5	2
5383.5	3
5384.5	2
5385.5	0
5386.5	2
5387.5	3
5388.5	0
5389.5	1
5390.5	2
5391.5	0
5392.5	1
5393.5	3
5394.5	1
5395.5	2
5396.5	0
5397.5	0
5398.5	2
5399.5	1
5400.5	0
5401.5	1
5402.5	1
5403.5	1
5404.5	3
5405.5	2
5406.5	1
5407.5	0
5408.5	2
5409.5	4
5410.5	3
5411.5	1
5412.5	3
5413.5	1
5414.5	1
5415.5	2
5416.5	2
5417.5	2
5418.5	1
5419.5	0
5420.5	1
5421.5	2
5422.5	1
5423.5	2
5424.5	1
5425.5	1
5426.5	2
5427.5	0
5428.5	0
5429.5	1
5430.5	2
5431.5	0
5432.5	2
5433.5	4
5434.5	3
5435.5	2
5436.5	0
5437.5	1
5438.5	2
5439.5	1
5440.5	2
5441.5	0
5442.5	1
5443.5	1
5444.5	0
5445.5	2
5446.5	4
5447.5	0
5448.5	2
5449.5	3
5450.5	2
5451.5	1
5452.5	2
5453.5	1
5454.5	1
5455.5	1
5456.5	1
5457.5	2
5458.5	0
5459.5	2
5460.5	1
5461.5	0
5462.5	1
5463.5	0
5464.5	3
5465.5	1
5466.5	2
5467.5	1
5468.5	2
5469.5	2
5470.5	0
5471.5	1
5472.5	1
5473.5	2
5474.5	2
5475.5	2
5476.5	0
5477.5	1
5478.5	1
5479.5	4
5480.5	1
5481.5	3
5482.5	4
5483.5	1
5484.5	1
5485.5	1
5486.5	1
5487.5	1
5488.5	1
5489.5	1
5490.5	1
5491.5	2
5492.5	1
5493.5	2
5494.5	1
5495.5	1
5496.5	1
5497.5	0
5498.5	2
5499.5	3
5500.5	0
5501.5	1
5502.5	4
5503.5	3
5504.5	3
5505.5	2
5506.5	1
5507.5	1
5508.5	3
5509.5	2
5510.5	2
5511.5	2
5512.5	0
5513.5	5
5514.5	2
5515.5	1
5516.5	2
5517.5	0
5518.5	1
5519.5	4
5520.5	4
5521.5	3
5522.5	2
5523.5	3
5524.5	1
5525.5	2
5526.5	2
5527.5	2
5528.5	0
5529.5	2
5530.5	1
5531.5	1
5532.5	2
5533.5	0
5534.5	3
5535.5	0
5536.5	1
5537.5	1
5538.5	3
5539.5	1
5540.5	1
5541.5	2
5542.5	2
5543.5	2
5544.5	2
5545.5	2
5546.5	0
5547.5	1
5548.5	0
5549.5	0
5550.5	2
5551.5	0
5552.5	0
5553.5	1
5554.5	1
5555.5	3
5556.5	0
5557.5	2
5558.5	2
5559.5	0
5560.5	2
5561.5	0
5562.5	2
5563.5	1
5564.5	2
5565.5	0
5566.5	1
5567.5	2
5568.5	1
5569.5	4
5570.5	2
5571.5	1
5572.5	0
5573.5	1
5574.5	1
5575.5	0
5576.5	0
5577.5	0
5578.5	2
5579.5	0
5580.5	0
5581.5	1
5582.5	0
5583.5	0
5584.5	0
5585.5	1
5586.5	1
5587.5	1
5588.5	0
5589.5	1
5590.5	0
5591.5	0
5592.5	0
5593.5	0
5594.5	1
5595.5	0
5596.5	0
5597.5	0
5598.5	1
5599.5	1
5600.5	0
5601.5	0
5602.5	0
5603.5	0
5604.5	0
5605.5	0
5606.5	2
5607.5	0
5608.5	0
5609.5	0
5610.5	0
5611.5	0
5612.5	0
5613.5	0
5614.5	0
5615.5	0
5616.5	0
5617.5	0
5618.5	0
5619.5	0
5620.5	0
5621.5	0
5622.5	0
5623.5	0
5624.5	0
5625.5	0
5626.5	0
5627.5	0
5628.5	0
5629.5	0
5630.5	0
5631.5	0
5632.5	0
5633.5	0
5634.5	0
5635.5	0
5636.5	0
5637.5	0
5638.5	0
5639.5	0
5640.5	0
5641.5	0
5642.5	0
5643.5	0
5644.5	0
5645.5	0
5646.5	0
5647.5	0
5648.5	0
5649.5	0
5650.5	0
5651.5	0
5652.5	0
5653.5	0
5654.5	0
5655.5	0
5656.5	0
5657.5	0
5658.5	0
5659.5	0
5660.5	0
5661.5	0
5662.5	0
5663.5	0
5664.5	0
5665.5	0
5666.5	0
5667.5	0
5668.5	0
5669.5	0
5670.5	0
5671.5	0
5672.5	0
5673.5	0
5674.5	0
5675.5	0
5676.5	0
5677.5	0
5678.5	0
5679.5	0
5680.5	0
5681.5	0
5682.5	0
5683.5	0
5684.5	0
5685.5	0
5686.5	0
5687.5	0
5688.5	0
5689.5	0
5690.5	0
5691.5	0
5692.5	0
5693.5	0
5694.5	0
5695.5	0
5696.5	0
5697.5	0
5698.5	0
5699.5	0
5700.5	0
5701.5	0
5702.5	0
5703.5	0
5704.5	0
5705.5	0
5706.5	0
5707.5	0
5708.5	0
5709.5	0
5710.5	0
5711.5	0
5712.5	0
5713.5	0
5714.5	0
5715.5	0
5716.5	0
5717.5	0
5718.5	0
5719.5	0
5720.5	0
5721.5	0
5722.5	0
5723.5	0
5724.5	0
5725.5	0
5726.5	0
5727.5	0
5728.5	0
5729.5	0
5730.5	0
5731.5	0
5732.5	0
5733.5	0
5734.5	0
5735.5	0
5736.5	0
5737.5	0
5738.5	0
5739.5	0
5740.5	0
5741.5	0
5742.5	0
5743.5	0
5744.5	0
5745.5	0
5746.5	0
5747.5	0
5748.5	0
5749.5	0
5750.5	0
5751.5	0
5752.5	0
5753.5	0
5754.5	0
5755.5	0
5756.5	0
5757.5	0
5758.5	0
5759.5	0
5760.5	0
5761.5	0
5762.5	0
5763.5	0
5764.5	0
5765.5	0
5766.5	0
5767.5	0
5768.5	0
5769.5	0
5770.5	0
5771.5	0
5772.5	0
5773.5	0
5774.5	0
5775.5	0
5776.5	0
5777.5	0
5778.5	0
5779.5	0
5780.5	0
5781.5	0
5782.5	0
5783.5	0
5784.5	0
5785.5	0
5786.5	0
5787.5	0
5788.5	0
5789.5	0
5790.5	0
5791.5	0
5792.5	0
5793.5	0
5794.5	0
5795.5	0
5796.5	0
5797.5	0
5798.5	0
5799.5	0
5800.5	0
5801.5	0
5802.5	0
5803.5	0
5804.5	0
5805.5	0
5806.5	0
5807.5	0
5808.5	0
5809.5	0
5810.5	0
5811.5	0
5812.5	0
5813.5	0
5814.5	0
5815.5	0
5816.5	0
5817.5	0
5818.5	0
5819.5	0
5820.5	0
5821.5	0
5822.5	0
5823.5	0
5824.5	0
5825.5	0
5826.5	0
5827.5	0
5828.5	0
5829.5	0
5830.5	0
5831.5	0
5832.5	0
5833.5	0
5834.5	0
5835.5	0
5836.5	0
5837.5	0
5838.5	0
5839.5	0
5840.5	0
5841.5	0
5842.5	0
5843.5	0
5844.5	0
5845.5	0
5846.5	0
5847.5	0
5848.5	0
5849.5	0
5850.5	0
5851.5	0
5852.5	0
5853.5	0
5854.5	0
5855.5	0
5856.5	0
5857.5	0
5858.5	0
5859.5	0
5860.5	0
5861.5	0
5862.5	0
5863.5	0
5864.5	0
5865.5	0
5866.5	0
5867.5	0
5868.5	0
5869.5	0
5870.5	0
5871.5	0
5872.5	0
5873.5	0
5874.5	0
5875.5	0
5876.5	0
5877.5	0
5878.5	0
5879.5	0
5880.5	0
5881.5	0
5882.5	0
5883.5	0
5884.5	0
5885.5	0
5886.5	0
5887.5	0
5888.5	0
5889.5	0
5890.5	0
5891.5	0
5892.5	0
5893.5	0
5894.5	0
5895.5	0
5896.5	0
5897.5	0
5898.5	0
5899.5	0
5900.5	0
5901.5	0
5902.5	0
5903.5	0
5904.5	0
5905.5	0
5906.5	0
5907.5	0
5908.5	0
5909.5	0
5910.5	0
5911.5	0
5912.5	0
5913.5	0
5914.5	0
5915.5	0
5916.5	0
5917.5	0
5918.5	0
5919.5	0
5920.5	0
5921.5	0
5922.5	0
5923.5	0
5924.5	0
5925.5	0
5926.5	0
5927.5	0
5928.5	0
5929.5	0
5930.5	0
5931.5	0
5932.5	0
5933.5	0
5934.5	0
5935.5	0
5936.5	0
5937.5	0
5938.5	0
5939.5	0
5940.5	0
5941.5	0
5942.5	0
5943.5	0
5944.5	0
5945.5	0
5946.5	0
5947.5	0
5948.5	0
5949.5	0
5950.5	0
5951.5	0
5952.5	0
5953.5	0
5954.5	0
5955.5	0
5956.5	0
5957.5	0
5958.5	0
5959.5	0
5960.5	0
5961.5	0
5962.5	0
5963.5	0
5964.5	0
5965.5	0
5966.5	0
5967.5	0
5968.5	0
5969.5	0
5970.5	0
5971.5	0
5972.5	0
5973.5	0
5974.5	0
5975.5	0
5976.5	0
5977.5	0
5978.5	0
5979.5	0
5980.5	0
5981.5	0
5982.5	0
5983.5	0
5984.5	0
5985.5	0
5986.5	0
5987.5	0
5988.5	0
5989.5	0
5990.5	0
5991.5	0
5992.5	0
5993.5	0
5994.5	0
5995.5	0
5996.5	0
5997.5	0
5998.5	0
5999.5	0
6000.5	0
6001.5	0
6002.5	0
6003.5	0
6004.5	0
6005.5	0
6006.5	0
6007.5	0
6008.5	0
6009.5	0
6010.5	0
6011.5	0
6012.5	0
6013.5	0
6014.5	0
6015.5	0
6016.5	0
6017.5	0
6018.5	0
6019.5	0
6020.5	0
6021.5	0
6022.5	0
6023.5	0
6024.5	0
6025.5	0
6026.5	0
6027.5	0
6028.5	0
6029.5	0
6030.5	0
6031.5	0
6032.5	0
6033.5	0
6034.5	0
6035.5	0
6036.5	0
6037.5	0
6038.5	0
6039.5	0
6040.5	0
6041.5	0
6042.5	0
6043.5	0
6044.5	0
6045.5	0
6046.5	0
6047.5	0
6048.5	0
6049.5	0
6050.5	0
6051.5	0
6052.5	0
6053.5	0
6054.5	0
6055.5	0
6056.5	0
6057.5	0
6058.5	0
6059.5	0
6060.5	0
6061.5	0
6062.5	0
6063.5	0
6064.5	0
6065.5	0
6066.5	0
6067.5	0
6068.5	0
6069.5	0
6070.5	0
6071.5	0
6072.5	0
6073.5	0
6074.5	0
6075.5	0
6076.5	0
6077.5	0
6078.5	0
6079.5	0
6080.5	0
6081.5	0
6082.5	0
6083.5	0
6084.5	0
6085.5	0
6086.5	0
6087.5	0
6088.5	0
6089.5	0
6090.5	0
6091.5	0
6092.5	0
6093.5	0
6094.5	0
6095.5	0
6096.5	0
6097.5	0
6098.5	0
6099.5	0
6100.5	0
6101.5	0
6102.5	0
6103.5	0
6104.5	0
6105.5	0
6106.5	0
6107.5	0
6108.5	0
6109.5	0
6110.5	0
6111.5	0
6112.5	0
6113.5	0
6114.5	0
6115.5	0
6116.5	0
6117.5	0
6118.5	0
6119.5	0
6120.5	0
6121.5	0
6122.5	0
6123.5	0
6124.5	0
6125.5	0
6126.5	0
6127.5	0
6128.5	0
6129.5	0
6130.5	0
6131.5	0
6132.5	0
6133.5	0
6134.5	0
6135.5	0
6136.5	0
6137.5	0
6138.5	0
6139.5	0
6140.5	0
6141.5	0
6142.5	0
6143.5	0
6144.5	0
6145.5	0
6146.5	0
6147.5	0
6148.5	0
6149.5	0
6150.5	0
6151.5	0
6152.5	0
6153.5	0
6154.5	0
6155.5	0
6156.5	0
6157.5	0
6158.5	0
6159.5	0
6160.5	0
6161.5	0
6162.5	0
6163.5	0
6164.5	0
6165.5	0
6166.5	0
6167.5	0
6168.5	0
6169.5	0
6170.5	0
6171.5	0
6172.5	0
6173.5	0
6174.5	0
6175.5	0
6176.5	0
6177.5	0
6178.5	0
6179.5	0
6180.5	0
6181.5	0
6182.5	0
6183.5	0
6184.5	0
6185.5	0
6186.5	0
6187.5	0
6188.5	0
6189.5	0
6190.5	0
6191.5	0
6192.5	0
6193.5	0
6194.5	0
6195.5	0
6196.5	0
6197.5	0
6198.5	0
6199.5	0
6200.5	0
6201.5	0
6202.5	0
6203.5	0
6204.5	0
6205.5	0
6206.5	0
6207.5	0
6208.5	0
6209.5	0
6210.5	0
6211.5	0
6212.5	0
6213.5	0
6214.5	0
6215.5	0
6216.5	0
6217.5	0
6218.5	0
6219.5	0
6220.5	0
6221.5	0
6222.5	0
6223.5	0
6224.5	0
6225.5	0
6226.5	0
6227.5	0
6228.5	0
6229.5	0
6230.5	0
6231.5	0
6232.5	0
6233.5	0
6234.5	0
6235.5	0
6236.5	0
6237.5	0
6238.5	0
6239.5	0
6240.5	0
6241.5	0
6242.5	0
6243.5	0
6244.5	0
6245.5	0
6246.5	0
6247.5	0
6248.5	0
6249.5	0
6250.5	0
6251.5	0
6252.5	0
6253.5	0
6254.5	0
6255.5	0
6256.5	0
6257.5	0
6258.5	0
6259.5	0
6260.5	0
6261.5	0
6262.5	0
6263.5	0
6264.5	0
6265.5	0
6266.5	0
6267.5	0
6268.5	0
6269.5	0
6270.5	0
6271.5	0
6272.5	0
6273.5	0
6274.5	0
6275.5	0
6276.5	0
6277.5	0
6278.5	0
6279.5	0
6280.5	0
6281.5	0
6282.5	0
6283.5	0
6284.5	0
6285.5	0
6286.5	0
6287.5	0
6288.5	0
6289.5	0
6290.5	0
6291.5	0
6292.5	0
6293.5	0
6294.5	0
6295.5	0
6296.5	0
6297.5	0
6298.5	0
6299.5	0
6300.5	0
6301.5	0
6302.5	0
6303.5	0
6304.5	0
6305.5	0
6306.5	0
6307.5	0
6308.5	0
6309.5	0
6310.5	0
6311.5	0
6312.5	0
6313.5	0
6314.5	0
6315.5	0
6316.5	0
6317.5	0
6318.5	0
6319.5	0
6320.5	0
6321.5	0
6322.5	0
6323.5	0
6324.5	0
6325.5	0
6326.5	0
6327.5	0
6328.5	0
6329.5	0
6330.5	0
6331.5	0
6332.5	0
6333.5	0
6334.5	0
6335.5	0
6336.5	0
6337.5	0
6338.5	0
6339.5	0
6340.5	0
6341.5	0
6342.5	0
6343.5	0
6344.5	0
6345.5	0
6346.5	0
6347.5	0
6348.5	0
6349.5	0
6350.5	0
6351.5	0
6352.5	0
6353.5	0
6354.5	0
6355.5	0
6356.5	0
6357.5	0
6358.5	0
6359.5	0
6360.5	0
6361.5	0
6362.5	0
6363.5	0
6364.5	0
6365.5	0
6366.5	0
6367.5	0
6368.5	0
6369.5	0
6370.5	0
6371.5	0
6372.5	0
6373.5	0
6374.5	0
6375.5	0
6376.5	0
6377.5	0
6378.5	0
6379.5	0
6380.5	0
6381.5	0
6382.5	0
6383.5	0
6384.5	0
6385.5	0
6386.5	0
6387.5	0
6388.5	0
6389.5	0
6390.5	0
6391.5	0
6392.5	0
6393.5	0
6394.5	0
6395.5	0
6396.5	0
6397.5	0
6398.5	0
6399.5	0
6400.5	0
6401.5	0
6402.5	0
6403.5	0
6404.5	0
6405.5	0
6406.5	0
6407.5	0
6408.5	0
6409.5	0
6410.5	0
6411.5	0
6412.5	0
6413.5	0
6414.5	0
6415.5	0
6416.5	0
6417.5	0
6418.5	0
6419.5	0
6420.5	0
6421.5	0
6422.5	0
6423.5	0
6424.5	0
6425.5	0
6426.5	0
6427.5	0
6428.5	0
6429.5	0
6430.5	0
6431.5	0
6432.5	0
6433.5	0
6434.5	0
6435.5	0
6436.5	0
6437.5	0
6438.5	0
6439.5	0
6440.5	0
6441.5	0
6442.5	0
6443.5	0
6444.5	0
6445.5	0
6446.5	0
6447.5	0
6448.5	0
6449.5	0
6450.5	0
6451.5	0
6452.5	0
6453.5	0
6454.5	0
6455.5	0
6456.5	0
6457.5	0
6458.5	0
6459.5	0
6460.5	0
6461.5	0
6462.5	0
6463.5	0
6464.5	0
6465.5	0
6466.5	0
6467.5	0
6468.5	0
6469.5	0
6470.5	0
6471.5	0
6472.5	0
6473.5	0
6474.5	0
6475.5	0
6476.5	0
6477.5	0
6478.5	0
6479.5	0
6480.5	0
6481.5	0
6482.5	0
6483.5	0
6484.5	0
6485.5	0
6486.5	0
6487.5	0
6488.5	0
6489.5	0
6490.5	0
6491.5	0
6492.5	0
6493.5	0
6494.5	0
6495.5	0
6496.5	0
6497.5	0
6498.5	0
6499.5	0
6500.5	0
6501.5	0
6502.5	0
6503.5	0
6504.5	0
6505.5	0
6506.5	0
6507.5	0
6508.5	0
6509.5	0
6510.5	0
6511.5	0
6512.5	0
6513.5	0
6514.5	0
6515.5	0
6516.5	0
6517.5	0
6518.5	0
6519.5	0
6520.5	0
6521.5	0
6522.5	0
6523.5	0
6524.5	0
6525.5	0
6526.5	0
6527.5	0
6528.5	0
6529.5	0
6530.5	0
6531.5	0
6532.5	0
6533.5	0
6534.5	0
6535.5	0
6536.5	0
6537.5	0
6538.5	0
6539.5	0
6540.5	0
6541.5	0
6542.5	0
6543.5	0
6544.5	0
6545.5	0
6546.5	0
6547.5	0
6548.5	0
6549.5	0
6550.5	0
6551.5	0
6552.5	0
6553.5	0
6554.5	0
6555.5	0
6556.5	0
6557.5	0
6558.5	0
6559.5	0
6560.5	0
6561.5	0
6562.5	0
6563.5	0
6564.5	0
6565.5	0
6566.5	0
6567.5	0
6568.5	0
6569.5	0
6570.5	0
6571.5	0
6572.5	0
6573.5	0
6574.5	0
6575.5	0
6576.5	0
6577.5	0
6578.5	0
6579.5	0
6580.5	0
6581.5	0
6582.5	0
6583.5	0
6584.5	0
6585.5	0
6586.5	0
6587.5	0
6588.5	0
6589.5	0
6590.5	0
6591.5	0
6592.5	0
6593.5	0
6594.5	0
6595.5	0
6596.5	0
6597.5	0
6598.5	0
6599.5	0
6600.5	0
6601.5	0
6602.5	0
6603.5	0
6604.5	0
6605.5	0
6606.5	0
6607.5	0
6608.5	0
6609.5	0
6610.5	0
6611.5	0
6612.5	0
6613.5	0
6614.5	0
6615.5	0
6616.5	0
6617.5	0
6618.5	0
6619.5	0
6620.5	0
6621.5	0
6622.5	0
6623.5	0
6624.5	0
6625.5	0
6626.5	0
6627.5	0
6628.5	0
6629.5	0
6630.5	0
6631.5	0
6632.5	0
6633.5	0
6634.5	0
6635.5	0
6636.5	0
6637.5	0
6638.5	0
6639.5	0
6640.5	0
6641.5	0
6642.5	0
6643.5	0
6644.5	0
6645.5	0
6646.5	0
6647.5	0
6648.5	0
6649.5	0
6650.5	0
6651.5	0
6652.5	0
6653.5	0
6654.5	0
6655.5	0
6656.5	0
6657.5	0
6658.5	0
6659.5	0
6660.5	0
6661.5	0
6662.5	0
6663.5	0
6664.5	0
6665.5	0
6666.5	0
6667.5	0
6668.5	0
6669.5	0
6670.5	0
6671.5	0
6672.5	0
6673.5	0
6674.5	0
6675.5	0
6676.5	0
6677.5	0
6678.5	0
6679.5	0
6680.5	0
6681.5	0
6682.5	0
6683.5	0
6684.5	0
6685.5	0
6686.5	0
6687.5	0
6688.5	0
6689.5	0
6690.5	0
6691.5	0
6692.5	0
6693.5	0
6694.5	0
6695.5	0
6696.5	0
6697.5	0
6698.5	0
6699.5	0
6700.5	0
6701.5	0
6702.5	0
6703.5	0
6704.5	0
6705.5	0
6706.5	0
6707.5	0
6708.5	0
6709.5	0
6710.5	0
6711.5	0
6712.5	0
6713.5	0
6714.5	0
6715.5	0
6716.5	0
6717.5	0
6718.5	0
6719.5	0
6720.5	0
6721.5	0
6722.5	0
6723.5	0
6724.5	0
6725.5	0
6726.5	0
6727.5	0
6728.5	0
6729.5	0
6730.5	0
6731.5	0
6732.5	0
6733.5	0
6734.5	0
6735.5	0
6736.5	0
6737.5	0
6738.5	0
6739.5	0
6740.5	0
6741.5	0
6742.5	0
6743.5	0
6744.5	0
6745.5	0
6746.5	0
6747.5	0
6748.5	0
6749.5	0
6750.5	0
6751.5	0
6752.5	0
6753.5	0
6754.5	0
6755.5	0
6756.5	0
6757.5	0
6758.5	0
6759.5	0
6760.5	0
6761.5	0
6762.5	0
6763.5	0
6764.5	0
6765.5	0
6766.5	0
6767.5	0
6768.5	0
6769.5	0
6770.5	0
6771.5	0
6772.5	0
6773.5	0
6774.5	0
6775.5	0
6776.5	0
6777.5	0
6778.5	0
6779.5	0
6780.5	0
6781.5	0
6782.5	0
6783.5	0
6784.5	0
6785.5	0
6786.5	0
6787.5	0
6788.5	0
6789.5	0
6790.5	0
6791.5	0
6792.5	0
6793.5	0
6794.5	0
6795.5	0
6796.5	0
6797.5	0
6798.5	0
6799.5	0
6800.5	0
6801.5	0
6802.5	0
6803.5	0
6804.5	0
6805.5	0
6806.5	0
6807.5	0
6808.5	0
6809.5	0
6810.5	0
6811.5	0
6812.5	0
6813.5	0
6814.5	0
6815.5	0
6816.5	0
6817.5	0
6818.5	0
6819.5	0
6820.5	0
6821.5	0
6822.5	0
6823.5	0
6824.5	0
6825.5	0
6826.5	0
6827.5	0
6828.5	0
6829.5	0
6830.5	0
6831.5	0
6832.5	0
6833.5	0
6834.5	0
6835.5	0
6836.5	0
6837.5	0
6838.5	0
6839.5	0
6840.5	0
6841.5	0
6842.5	0
6843.5	0
6844.5	0
6845.5	0
6846.5	0
6847.5	0
6848.5	0
6849.5	0
6850.5	0
6851.5	0
6852.5	0
6853.5	0
6854.5	0
6855.5	0
6856.5	0
6857.5	0
6858.5	0
6859.5	0
6860.5	0
6861.5	0
6862.5	0
6863.5	0
6864.5	0
6865.5	0
6866.5	0
6867.5	0
6868.5	0
6869.5	0
6870.5	0
6871.5	0
6872.5	0
6873.5	0
6874.5	0
6875.5	0
6876.5	0
6877.5	0
6878.5	0
6879.5	0
6880.5	0
6881.5	0
6882.5	0
6883.5	0
6884.5	0
6885.5	0
6886.5	0
6887.5	0
6888.5	0
6889.5	0
6890.5	0
6891.5	0
6892.5	0
6893.5	0
6894.5	0
6895.5	0
6896.5	0
6897.5	0
6898.5	0
6899.5	0
6900.5	0
6901.5	0
6902.5	0
6903.5	0
6904.5	0
6905.5	0
6906.5	0
6907.5	0
6908.5	0
6909.5	0
6910.5	0
6911.5	0
6912.5	0
6913.5	0
6914.5	0
6915.5	0
6916.5	0
6917.5	0
6918.5	0
6919.5	0
6920.5	0
6921.5	0
6922.5	0
6923.5	0
6924.5	0
6925.5	0
6926.5	0
6927.5	0
6928.5	0
6929.5	0
6930.5	0
6931.5	0
6932.5	0
6933.5	0
6934.5	0
6935.5	0
6936.5	0
6937.5	0
6938.5	0
6939.5	0
6940.5	0
6941.5	0
6942.5	0
6943.5	0
6944.5	0
6945.5	0
6946.5	0
6947.5	0
6948.5	0
6949.5	0
6950.5	0
6951.5	0
6952.5	0
6953.5	0
6954.5	0
6955.5	0
6956.5	0
6957.5	0
6958.5	0
6959.5	0
6960.5	0
6961.5	0
6962.5	0
6963.5	0
6964.5	0
6965.5	0
6966.5	0
6967.5	0
6968.5	0
6969.5	0
6970.5	0
6971.5	0
6972.5	0
6973.5	0
6974.5	0
6975.5	0
6976.5	0
6977.5	0
6978.5	0
6979.5	0
6980.5	0
6981.5	0
6982.5	0
6983.5	0
6984.5	0
6985.5	0
6986.5	0
6987.5	0
6988.5	0
6989.5	0
6990.5	0
6991.5	0
6992.5	0
6993.5	0
6994.5	0
6995.5	0
6996.5	0
6997.5	0
6998.5	0
6999.5	0
7000.5	0
7001.5	0
7002.5	0
7003.5	0
7004.5	0
7005.5	0
7006.5	0
7007.5	0
7008.5	0
7009.5	0
7010.5	0
7011.5	0
7012.5	0
7013.5	0
7014.5	0
7015.5	0
7016.5	0
7017.5	0
7018.5	0
7019.5	0
7020.5	0
7021.5	0
7022.5	0
7023.5	0
7024.5	0
7025.5	0
7026.5	0
7027.5	0
7028.5	0
7029.5	0
7030.5	0
7031.5	0
7032.5	0
7033.5	0
7034.5	0
7035.5	0
7036.5	0
7037.5	0
7038.5	0
7039.5	0
7040.5	0
7041.5	0
7042.5	0
7043.5	0
7044.5	0
7045.5	0
7046.5	0
7047.5	0
7048.5	0
7049.5	0
7050.5	0
7051.5	0
7052.5	0
7053.5	0
7054.5	0
7055.5	0
7056.5	0
7057.5	0
7058.5	0
7059.5	0
7060.5	0
7061.5	0
7062.5	0
7063.5	0
7064.5	0
7065.5	0
7066.5	0
7067.5	0
7068.5	0
7069.5	0
7070.5	0
7071.5	0
7072.5	0
7073.5	0
7074.5	0
7075.5	0
7076.5	0
7077.5	0
7078.5	0
7079.5	0
7080.5	0
7081.5	0
7082.5	0
7083.5	0
7084.5	0
7085.5	0
7086.5	0
7087.5	0
7088.5	0
7089.5	0
7090.5	0
7091.5	0
7092.5	0
7093.5	0
7094.5	0
7095.5	0
7096.5	0
7097.5	0
7098.5	0
7099.5	0
7100.5	0
7101.5	0
7102.5	0
7103.5	0
7104.5	0
7105.5	0
7106.5	0
7107.5	0
7108.5	0
7109.5	0
7110.5	0
7111.5	0
7112.5	0
7113.5	0
7114.5	0
7115.5	0
7116.5	0
7117.5	0
7118.5	0
7119.5	0
7120.5	0
7121.5	0
7122.5	0
7123.5	0
7124.5	0
7125.5	0
7126.5	0
7127.5	0
7128.5	0
7129.5	0
7130.5	0
7131.5	0
7132.5	0
7133.5	0
7134.5	0
7135.5	0
7136.5	0
7137.5	0
7138.5	0
7139.5	0
7140.5	0
7141.5	0
7142.5	0
7143.5	0
7144.5	0
7145.5	0
7146.5	0
7147.5	0
7148.5	0
7149.5	0
7150.5	0
7151.5	0
7152.5	0
7153.5	0
7154.5	0
7155.5	0
7156.5	0
7157.5	0
7158.5	0
7159.5	0
7160.5	0
7161.5	0
7162.5	0
7163.5	0
7164.5	0
7165.5	0
7166.5	0
7167.5	0
7168.5	0
7169.5	0
7170.5	0
7171.5	0
7172.5	0
7173.5	0
7174.5	0
7175.5	0
7176.5	0
7177.5	0
7178.5	0
7179.5	0
7180.5	0
7181.5	0
7182.5	0
7183.5	0
7184.5	0
7185.5	0
7186.5	0
7187.5	0
7188.5	0
7189.5	0
7190.5	0
7191.5	0
7192.5	0
7193.5	0
7194.5	0
7195.5	0
7196.5	0
7197.5	0
7198.5	0
7199.5	0
7200.5	0
7201.5	0
7202.5	0
7203.5	0
7204.5	0
7205.5	0
7206.5	0
7207.5	0
7208.5	0
7209.5	0
7210.5	0
7211.5	0
7212.5	0
7213.5	0
7214.5	0
7215.5	0
7216.5	0
7217.5	0
7218.5	0
7219.5	0
7220.5	0
7221.5	0
7222.5	0
7223.5	0
7224.5	0
7225.5	0
7226.5	0
7227.5	0
7228.5	0
7229.5	0
7230.5	0
7231.5	0
7232.5	0
7233.5	0
7234.5	0
7235.5	0
7236.5	0
7237.5	0
7238.5	0
7239.5	0
7240.5	0
7241.5	0
7242.5	0
7243.5	0
7244.5	0
7245.5	0
7246.5	0
7247.5	0
7248.5	0
7249.5	0
7250.5	0
7251.5	0
7252.5	0
7253.5	0
7254.5	0
7255.5	0
7256.5	0
7257.5	0
7258.5	0
7259.5	0
7260.5	0
7261.5	0
7262.5	0
7263.5	0
7264.5	0
7265.5	0
7266.5	0
7267.5	0
7268.5	0
7269.5	0
7270.5	0
7271.5	0
7272.5	0
7273.5	0
7274.5	0
7275.5	0
7276.5	0
7277.5	0
7278.5	0
7279.5	0
7280.5	0
7281.5	0
7282.5	0
7283.5	0
7284.5	0
7285.5	0
7286.5	0
7287.5	0
7288.5	0
7289.5	0
7290.5	0
7291.5	0
7292.5	0
7293.5	0
7294.5	0
7295.5	0
7296.5	0
7297.5	0
7298.5	0
7299.5	0
7300.5	0
7301.5	0
7302.5	0
7303.5	0
7304.5	0
7305.5	0
7306.5	0
7307.5	0
7308.5	0
7309.5	0
7310.5	0
7311.5	0
7312.5	0
7313.5	0
7314.5	0
7315.5	0
7316.5	0
7317.5	0
7318.5	0
7319.5	0
7320.5	0
7321.5	0
7322.5	0
7323.5	0
7324.5	0
7325.5	0
7326.5	0
7327.5	0
7328.5	0
7329.5	0
7330.5	0
7331.5	0
7332.5	0
7333.5	0
7334.5	0
7335.5	0
7336.5	0
7337.5	0
7338.5	0
7339.5	0
7340.5	0
7341.5	0
7342.5	0
7343.5	0
7344.5	0
7345.5	0
7346.5	0
7347.5	0
7348.5	0
7349.5	0
7350.5	0
7351.5	0
7352.5	0
7353.5	0
7354.5	0
7355.5	0
7356.5	0
7357.5	0
7358.5	0
7359.5	0
7360.5	0
7361.5	0
7362.5	0
7363.5	0
7364.5	0
7365.5	0
7366.5	0
7367.5	0
7368.5	0
7369.5	0
7370.5	0
7371.5	0
7372.5	0
7373.5	0
7374.5	0
7375.5	0
7376.5	0
7377.5	0
7378.5	0
7379.5	0
7380.5	0
7381.5	0
7382.5	0
7383.5	0
7384.5	0
7385.5	0
7386.5	0
7387.5	0
7388.5	0
7389.5	0
7390.5	0
7391.5	0
7392.5	0
7393.5	0
7394.5	0
7395.5	0
7396.5	0
7397.5	0
7398.5	0
7399.5	0
7400.5	0
7401.5	0
7402.5	0
7403.5	0
7404.5	0
7405.5	0
7406.5	0
7407.5	0
7408.5	0
7409.5	0
7410.5	0
7411.5	0
7412.5	0
7413.5	0
7414.5	0
7415.5	0
7416.5	0
7417.5	0
7418.5	0
7419.5	0
7420.5	0
7421.5	0
7422.5	0
7423.5	0
7424.5	0
7425.5	0
7426.5	0
7427.5	0
7428.5	0
7429.5	0
7430.5	0
7431.5	0
7432.5	0
7433.5	0
7434.5	0
7435.5	0
7436.5	0
7437.5	0
7438.5	0
7439.5	0
7440.5	0
7441.5	0
7442.5	0
7443.5	0
7444.5	0
7445.5	0
7446.5	0
7447.5	0
7448.5	0
7449.5	0
7450.5	0
7451.5	0
7452.5	0
7453.5	0
7454.5	0
7455.5	0
7456.5	0
7457.5	0
7458.5	0
7459.5	0
7460.5	0
7461.5	0
7462.5	0
7463.5	0
7464.5	0
7465.5	0
7466.5	0
7467.5	0
7468.5	0
7469.5	0
7470.5	0
7471.5	0
7472.5	0
7473.5	0
7474.5	0
7475.5	0
7476.5	0
7477.5	0
7478.5	0
7479.5	0
7480.5	0
7481.5	0
7482.5	0
7483.5	0
7484.5	0
7485.5	0
7486.5	0
7487.5	0
7488.5	0
7489.5	0
7490.5	0
7491.5	0
7492.5	0
7493.5	0
7494.5	0
7495.5	0
7496.5	0
7497.5	0
7498.5	0
7499.5	0
7500.5	0
7501.5	0
7502.5	0
7503.5	0
7504.5	0
7505.5	0
7506.5	0
7507.5	0
7508.5	0
7509.5	0
7510.5	0
7511.5	0
7512.5	0
7513.5	0
7514.5	0
7515.5	0
7516.5	0
7517.5	0
7518.5	0
7519.5	0
7520.5	0
7521.5	0
7522.5	0
7523.5	0
7524.5	0
7525.5	0
7526.5	0
7527.5	0
7528.5	0
7529.5	0
7530.5	0
7531.5	0
7532.5	0
7533.5	0
7534.5	0
7535.5	0
7536.5	0
7537.5	0
7538.5	0
7539.5	0
7540.5	0
7541.5	0
7542.5	0
7543.5	0
7544.5	0
7545.5	0
7546.5	0
7547.5	0
7548.5	0
7549.5	0
7550.5	0
7551.5	0
7552.5	0
7553.5	0
7554.5	0
7555.5	0
7556.5	0
7557.5	0
7558.5	0
7559.5	0
7560.5	0
7561.5	0
7562.5	0
7563.5	0
7564.5	0
7565.5	0
7566.5	0
7567.5	0
7568.5	0
7569.5	0
7570.5	0
7571.5	0
7572.5	0
7573.5	0
7574.5	0
7575.5	0
7576.5	0
7577.5	0
7578.5	0
7579.5	0
7580.5	0
7581.5	0
7582.5	0
7583.5	0
7584.5	0
7585.5	0
7586.5	0
7587.5	0
7588.5	0
7589.5	0
7590.5	0
7591.5	0
7592.5	0
7593.5	0
7594.5	0
7595.5	0
7596.5	0
7597.5	0
7598.5	0
7599.5	0
7600.5	0
7601.5	0
7602.5	0
7603.5	0
7604.5	0
7605.5	0
7606.5	0
7607.5	0
7608.5	0
7609.5	0
7610.5	0
7611.5	0
7612.5	0
7613.5	0
7614.5	0
7615.5	0
7616.5	0
7617.5	0
7618.5	0
7619.5	0
7620.5	0
7621.5	0
7622.5	0
7623.5	0
7624.5	0
7625.5	0
7626.5	0
7627.5	0
7628.5	0
7629.5	0
7630.5	0
7631.5	0
7632.5	0
7633.5	0
7634.5	0
7635.5	0
7636.5	0
7637.5	0
7638.5	0
7639.5	0
7640.5	0
7641.5	0
7642.5	0
7643.5	0
7644.5	0
7645.5	0
7646.5	0
7647.5	0
7648.5	0
7649.5	0
7650.5	0
7651.5	0
7652.5	0
7653.5	0
7654.5	0
7655.5	0
7656.5	0
7657.5	0
7658.5	0
7659.5	0
7660.5	0
7661.5	0
7662.5	0
7663.5	0
7664.5	0
7665.5	0
7666.5	0
7667.5	0
7668.5	0
7669.5	0
7670.5	0
7671.5	0
7672.5	0
7673.5	0
7674.5	0
7675.5	0
7676.5	0
7677.5	0
7678.5	0
7679.5	0
7680.5	0
7681.5	0
7682.5	0
7683.5	0
7684.5	0
7685.5	0
7686.5	0
7687.5	0
7688.5	0
7689.5	0
7690.5	0
7691.5	0
7692.5	0
7693.5	0
7694.5	0
7695.5	0
7696.5	0
7697.5	0
7698.5	0
7699.5	0
7700.5	0
7701.5	0
7702.5	0
7703.5	0
7704.5	0
7705.5	0
7706.5	0
7707.5	0
7708.5	0
7709.5	0
7710.5	0
7711.5	0
7712.5	0
7713.5	0
7714.5	0
7715.5	0
7716.5	0
7717.5	0
7718.5	0
7719.5	0
7720.5	0
7721.5	0
7722.5	0
7723.5	0
7724.5	0
7725.5	0
7726.5	0
7727.5	0
7728.5	0
7729.5	0
7730.5	0
7731.5	0
7732.5	0
7733.5	0
7734.5	0
7735.5	0
7736.5	0
7737.5	0
7738.5	0
7739.5	0
7740.5	0
7741.5	0
7742.5	0
7743.5	0
7744.5	0
7745.5	0
7746.5	0
7747.5	0
7748.5	0
7749.5	0
7750.5	0
7751.5	0
7752.5	0
7753.5	0
7754.5	0
7755.5	0
7756.5	0
7757.5	0
7758.5	0
7759.5	0
7760.5	0
7761.5	0
7762.5	0
7763.5	0
7764.5	0
7765.5	0
7766.5	0
7767.5	0
7768.5	0
7769.5	0
7770.5	0
7771.5	0
7772.5	0
7773.5	0
7774.5	0
7775.5	0
7776.5	0
7777.5	0
7778.5	0
7779.5	0
7780.5	0
7781.5	0
7782.5	0
7783.5	0
7784.5	0
7785.5	0
7786.5	0
7787.5	0
7788.5	0
7789.5	0
7790.5	0
7791.5	0
7792.5	0
7793.5	0
7794.5	0
7795.5	0
7796.5	0
7797.5	0
7798.5	0
7799.5	0
7800.5	0
7801.5	0
7802.5	0
7803.5	0
7804.5	0
7805.5	0
7806.5	0
7807.5	0
7808.5	0
7809.5	0
7810.5	0
7811.5	0
7812.5	0
7813.5	0
7814.5	0
7815.5	0
7816.5	0
7817.5	0
7818.5	0
7819.5	0
7820.5	0
7821.5	0
7822.5	0
7823.5	0
7824.5	0
7825.5	0
7826.5	0
7827.5	0
7828.5	0
7829.5	0
7830.5	0
7831.5	0
7832.5	0
7833.5	0
7834.5	0
7835.5	0
7836.5	0
7837.5	0
7838.5	0
7839.5	0
7840.5	0
7841.5	0
7842.5	0
7843.5	0
7844.5	0
7845.5	0
7846.5	0
7847.5	0
7848.5	0
7849.5	0
7850.5	0
7851.5	0
7852.5	0
7853.5	0
7854.5	0
7855.5	0
7856.5	0
7857.5	0
7858.5	0
7859.5	0
7860.5	0
7861.5	0
7862.5	0
7863.5	0
7864.5	0
7865.5	0
7866.5	0
7867.5	0
7868.5	0
7869.5	0
7870.5	0
7871.5	0
7872.5	0
7873.5	0
7874.5	0
7875.5	0
7876.5	0
7877.5	0
7878.5	0
7879.5	0
7880.5	0
7881.5	0
7882.5	0
7883.5	0
7884.5	0
7885.5	0
7886.5	0
7887.5	0
7888.5	0
7889.5	0
7890.5	0
7891.5	0
7892.5	0
7893.5	0
7894.5	0
7895.5	0
7896.5	0
7897.5	0
7898.5	0
7899.5	0
7900.5	0
7901.5	0
7902.5	0
7903.5	0
7904.5	0
7905.5	0
7906.5	0
7907.5	0
7908.5	0
7909.5	0
7910.5	0
7911.5	0
7912.5	0
7913.5	0
7914.5	0
7915.5	0
7916.5	0
7917.5	0
7918.5	0
7919.5	0
7920.5	0
7921.5	0
7922.5	0
7923.5	0
7924.5	0
7925.5	0
7926.5	0
7927.5	0
7928.5	0
7929.5	0
7930.5	0
7931.5	0
7932.5	0
7933.5	0
7934.5	0
7935.5	0
7936.5	0
7937.5	0
7938.5	0
7939.5	0
7940.5	0
7941.5	0
7942.5	0
7943.5	0
7944.5	0
7945.5	0
7946.5	0
7947.5	0
7948.5	0
7949.5	0
7950.5	0
7951.5	0
7952.5	0
7953.5	0
7954.5	0
7955.5	0
7956.5	0
7957.5	0
7958.5	0
7959.5	0
7960.5	0
7961.5	0
7962.5	0
7963.5	0
7964.5	0
7965.5	0
7966.5	0
7967.5	0
7968.5	0
7969.5	0
7970.5	0
7971.5	0
7972.5	0
7973.5	0
7974.5	0
7975.5	0
7976.5	0
7977.5	0
7978.5	0
7979.5	0
7980.5	0
7981.5	0
7982.5	0
7983.5	0
7984.5	0
7985.5	0
7986.5	0
7987.5	0
7988.5	0
7989.5	0
7990.5	0
7991.5	0
7992.5	0
7993.5	0
7994.5	0
7995.5	0
7996.5	0
7997.5	0
7998.5	0
7999.5	0
8000.5	0
8001.5	0
8002.5	0
8003.5	0
8004.5	0
8005.5	0
8006.5	0
8007.5	0
8008.5	0
8009.5	0
8010.5	0
8011.5	0
8012.5	0
8013.5	0
8014.5	0
8015.5	0
8016.5	0
8017.5	0
8018.5	0
8019.5	0
8020.5	0
8021.5	0
8022.5	0
8023.5	0
8024.5	0
8025.5	0
8026.5	0
8027.5	0
8028.5	0
8029.5	0
8030.5	0
8031.5	0
8032.5	0
8033.5	0
8034.5	0
8035.5	0
8036.5	0
8037.5	0
8038.5	0
8039.5	0
8040.5	0
8041.5	0
8042.5	0
8043.5	0
8044.5	0
8045.5	0
8046.5	0
8047.5	0
8048.5	0
8049.5	0
8050.5	0
8051.5	0
8052.5	0
8053.5	0
8054.5	0
8055.5	0
8056.5	0
8057.5	0
8058.5	0
8059.5	0
8060.5	0
8061.5	0
8062.5	0
8063.5	0
8064.5	0
8065.5	0
8066.5	0
8067.5	0
8068.5	0
8069.5	0
8070.5	0
8071.5	0
8072.5	0
8073.5	0
8074.5	0
8075.5	0
8076.5	0
8077.5	0
8078.5	0
8079.5	0
8080.5	0
8081.5	0
8082.5	0
8083.5	0
8084.5	0
8085.5	0
8086.5	0
8087.5	0
8088.5	0
8089.5	0
8090.5	0
8091.5	0
8092.5	0
8093.5	0
8094.5	0
8095.5	0
8096.5	0
8097.5	0
8098.5	0
8099.5	0
8100.5	0
8101.5	0
8102.5	0
8103.5	0
8104.5	0
8105.5	0
8106.5	0
8107.5	0
8108.5	0
8109.5	0
8110.5	0
8111.5	0
8112.5	0
8113.5	0
8114.5	0
8115.5	0
8116.5	0
8117.5	0
8118.5	0
8119.5	0
8120.5	0
8121.5	0
8122.5	0
8123.5	0
8124.5	0
8125.5	0
8126.5	0
8127.5	0
8128.5	0
8129.5	0
8130.5	0
8131.5	0
8132.5	0
8133.5	0
8134.5	0
8135.5	0
8136.5	0
8137.5	0
8138.5	0
8139.5	0
8140.5	0
8141.5	0
8142.5	0
8143.5	0
8144.5	0
8145.5	0
8146.5	0
8147.5	0
8148.5	0
8149.5	0
8150.5	0
8151.5	0
8152.5	0
8153.5	0
8154.5	0
8155.5	0
8156.5	0
8157.5	0
8158.5	0
8159.5	0
8160.5	0
8161.5	0
8162.5	0
8163.5	0
8164.5	0
8165.5	0
8166.5	0
8167.5	0
8168.5	0
8169.5	0
8170.5	0
8171.5	0
8172.5	0
8173.5	0
8174.5	0
8175.5	0
8176.5	0
8177.5	0
8178.5	0
8179.5	0
8180.5	0
8181.5	0
8182.5	0
8183.5	0
8184.5	0
8185.5	0
8186.5	0
8187.5	0
8188.5	0
8189.5	0
8190.5	0
8191.5	0
