4.007500 	 0 	 1.06802043E-05 	 6.63417067E-07 
4.012500 	 0 	 1.43929125E-05 	 9.01493405E-07 
4.014400 	 0 	 1.48038836E-05 	 9.04278351E-07 
4.018500 	 0 	 2.36766255E-05 	 1.37260381E-06 
4.020600 	 0 	 2.22068999E-05 	 1.33807717E-06 
4.021500 	 0 	 2.74095846E-05 	 1.60047326E-06 
4.026600 	 0 	 2.55969975E-05 	 1.45790170E-06 
4.030600 	 0 	 2.75007554E-05 	 1.50761802E-06 
4.031400 	 0 	 2.65474713E-05 	 1.52084542E-06 
4.036500 	 0 	 2.39756788E-05 	 1.40266398E-06 
4.041500 	 0 	 2.12365884E-05 	 1.21917143E-06 
4.046600 	 0 	 1.70827393E-05 	 1.01636079E-06 
4.281500 	 0 	 9.12773901E-06 	 6.47044360E-07 
4.301600 	 0 	 1.40937766E-05 	 8.89075376E-07 
4.302600 	 0 	 2.31485294E-05 	 1.42094371E-06 
4.304700 	 0 	 2.63450441E-05 	 1.55467525E-06 
4.305700 	 0 	 3.28098198E-05 	 1.89199690E-06 
4.306600 	 0 	 3.97130914E-05 	 2.22812354E-06 
4.307700 	 0 	 4.39966294E-05 	 2.48935199E-06 
4.308700 	 0 	 7.10402085E-05 	 3.89417559E-06 
4.309600 	 0 	 2.11666605E-04 	 1.13848216E-05 
4.310600 	 0 	 3.34217302E-04 	 1.78737840E-05 
4.312600 	 0 	 4.65623053E-04 	 2.48653469E-05 
4.314600 	 0 	 4.89578729E-04 	 2.58281003E-05 
4.316700 	 0 	 4.53543547E-04 	 2.41262995E-05 
4.318700 	 0 	 4.37670081E-04 	 2.34668936E-05 
4.320800 	 0 	 4.28658806E-04 	 2.29910131E-05 
4.321500 	 0 	 4.25843505E-04 	 2.26924194E-05 
4.322700 	 0 	 4.09856799E-04 	 2.19025460E-05 
4.324600 	 0 	 4.27405724E-04 	 2.28222899E-05 
4.326600 	 0 	 4.38981849E-04 	 2.34799972E-05 
4.328700 	 0 	 4.14298790E-04 	 2.20321720E-05 
4.330700 	 0 	 4.00570276E-04 	 2.15544414E-05 
4.332700 	 0 	 3.78954622E-04 	 2.02464732E-05 
4.334500 	 0 	 3.50006458E-04 	 1.86594953E-05 
4.336700 	 0 	 2.75730804E-04 	 1.46741014E-05 
4.338600 	 0 	 2.16702074E-04 	 1.15359641E-05 
4.340600 	 0 	 1.54181910E-04 	 8.20802743E-06 
4.341600 	 0 	 2.08124749E-04 	 1.11659727E-05 
4.342700 	 0 	 1.04457889E-04 	 5.65075230E-06 
4.344700 	 0 	 6.54760643E-05 	 3.58867800E-06 
4.346700 	 0 	 4.90273048E-05 	 2.71317214E-06 
4.351500 	 0 	 2.96592625E-05 	 1.73475193E-06 
4.356400 	 0 	 2.44831933E-05 	 1.47929238E-06 
4.361500 	 0 	 2.10369715E-05 	 1.25362753E-06 
4.381600 	 0 	 2.18008883E-05 	 1.27829735E-06 
4.401600 	 0 	 2.84984264E-05 	 1.64227878E-06 
4.421500 	 0 	 4.07792851E-05 	 2.26831412E-06 
4.431700 	 0 	 5.66701920E-05 	 3.13678765E-06 
4.441700 	 0 	 6.92610975E-05 	 3.74750291E-06 
4.451500 	 0 	 1.32524101E-04 	 7.31859778E-06 
4.461400 	 0 	 1.90567558E-04 	 1.03932510E-05 
4.466500 	 0 	 4.52093742E-04 	 2.48869563E-05 
4.471600 	 0 	 7.26208599E-04 	 3.91389819E-05 
4.481500 	 0 	 7.34107310E-04 	 3.91583453E-05 
4.489500 	 0 	 5.50716040E-04 	 2.98537303E-05 
4.497600 	 0 	 2.55971628E-04 	 1.40218471E-05 
4.499700 	 0 	 1.87733246E-04 	 1.03887506E-05 
4.501600 	 0 	 2.58402573E-04 	 1.39546251E-05 
4.503700 	 0 	 1.06089539E-04 	 5.85782471E-06 
4.506500 	 0 	 7.34342883E-05 	 4.00977007E-06 
4.511500 	 0 	 4.31290607E-05 	 2.45669996E-06 
4.521700 	 0 	 3.32784028E-05 	 1.88574842E-06 
4.523700 	 0 	 9.06111740E-05 	 4.97102001E-06 
4.526600 	 0 	 2.67286556E-04 	 1.44599273E-05 
4.531600 	 0 	 4.54264317E-04 	 2.41792831E-05 
4.536700 	 0 	 8.08405282E-04 	 4.30632180E-05 
4.540900 	 0 	 7.97382134E-04 	 4.17606424E-05 
4.546600 	 0 	 1.33741640E-03 	 7.04865000E-05 
4.551700 	 0 	 1.49976318E-03 	 8.00631372E-05 
4.561300 	 0 	 1.71223321E-03 	 8.74634612E-05 
4.571700 	 0 	 2.48024976E-03 	 1.28035332E-04 
4.581600 	 0 	 2.27489650E-03 	 1.17890394E-04 
4.591500 	 0 	 1.13432795E-03 	 6.06992948E-05 
4.601600 	 0 	 5.93488601E-04 	 3.17546271E-05 
4.611800 	 0 	 5.69602357E-04 	 3.05008521E-05 
4.621500 	 0 	 1.39422661E-03 	 7.28022484E-05 
4.631700 	 0 	 1.60594446E-03 	 8.48257257E-05 
4.641400 	 0 	 1.13102166E-03 	 5.92796610E-05 
4.646700 	 0 	 5.91492432E-04 	 3.15436358E-05 
4.651500 	 0 	 3.25048979E-04 	 1.76071413E-05 
4.661500 	 0 	 2.72667532E-04 	 1.47689801E-05 
4.681600 	 0 	 1.32887792E-04 	 7.30597883E-06 
4.691700 	 0 	 7.41014136E-05 	 4.18435039E-06 
4.701400 	 0 	 5.63705601E-05 	 3.21004465E-06 
4.721500 	 0 	 4.59781677E-05 	 2.54929277E-06 
4.741500 	 0 	 4.28329830E-05 	 2.45950046E-06 
4.761500 	 0 	 6.03589296E-05 	 3.40514342E-06 
4.766700 	 0 	 1.04482686E-04 	 5.87072231E-06 
4.770400 	 0 	 1.10833229E-04 	 6.21130921E-06 
4.781500 	 0 	 1.46218727E-04 	 8.07080895E-06 
4.786500 	 0 	 2.20501820E-04 	 1.20362137E-05 
4.791700 	 0 	 4.80423630E-04 	 2.60046232E-05 
4.801600 	 0 	 6.33930232E-04 	 3.35003106E-05 
4.811400 	 0 	 4.96111945E-04 	 2.63107153E-05 
4.821500 	 0 	 2.55963362E-04 	 1.41361118E-05 
4.823700 	 0 	 1.16047238E-04 	 6.71223076E-06 
4.826800 	 0 	 7.65053295E-05 	 4.42314795E-06 
4.831600 	 0 	 3.76676593E-05 	 2.27797720E-06 
4.841400 	 0 	 2.36766255E-05 	 1.43224449E-06 
4.861500 	 0 	 1.84312896E-05 	 1.18065150E-06 
4.877800 	 0 	 1.75341297E-05 	 1.18778248E-06 
4.901400 	 0 	 2.14295100E-05 	 1.31191274E-06 
4.911400 	 0 	 3.01726456E-05 	 1.92607026E-06 
4.921600 	 0 	 4.55676100E-05 	 2.64513150E-06 
4.931500 	 0 	 5.64537131E-05 	 3.27449400E-06 
4.937700 	 0 	 5.89959143E-05 	 3.21218407E-06 
4.941700 	 0 	 6.52606600E-05 	 3.67568167E-06 
4.948400 	 0 	 6.55688882E-05 	 3.55383178E-06 
4.958200 	 0 	 6.54968113E-05 	 3.55002865E-06 
4.961800 	 0 	 6.94151703E-05 	 3.90700789E-06 
4.968300 	 0 	 6.85640503E-05 	 3.73134442E-06 
4.973400 	 0 	 7.63971314E-05 	 4.11159840E-06 
4.976200 	 0 	 7.77432847E-05 	 4.20700714E-06 
4.979400 	 0 	 8.40167919E-05 	 4.55015832E-06 
4.981500 	 0 	 9.07640896E-05 	 5.02580696E-06 
4.984300 	 0 	 8.68924319E-05 	 4.59459450E-06 
4.986100 	 0 	 8.31265752E-05 	 4.50544532E-06 
4.996200 	 0 	 7.05748491E-05 	 3.81420535E-06 
5.001600 	 0 	 7.13688531E-05 	 4.03865595E-06 
5.006200 	 0 	 5.50549073E-05 	 3.01691921E-06 
5.016100 	 0 	 4.06286013E-05 	 2.24720263E-06 
5.021500 	 0 	 4.53975017E-05 	 2.71047475E-06 
5.026300 	 0 	 6.24981776E-05 	 3.43540710E-06 
5.029200 	 0 	 8.15195562E-05 	 4.40970420E-06 
5.029400 	 0 	 7.09911102E-05 	 3.87168907E-06 
5.031300 	 0 	 1.23790554E-04 	 6.66673676E-06 
5.036300 	 0 	 2.12211315E-04 	 1.15096147E-05 
5.039300 	 0 	 2.34124534E-04 	 1.28132682E-05 
5.041600 	 0 	 2.87534235E-04 	 1.57524825E-05 
5.044300 	 0 	 3.02256288E-04 	 1.62045974E-05 
5.047400 	 0 	 3.38963472E-04 	 1.79743829E-05 
5.050200 	 0 	 3.51139687E-04 	 1.86559510E-05 
5.053500 	 0 	 3.55452733E-04 	 1.90777831E-05 
5.056300 	 0 	 3.10156652E-04 	 1.66681321E-05 
5.061500 	 0 	 2.77301288E-04 	 1.50110932E-05 
5.066300 	 0 	 1.82762249E-04 	 9.89550427E-06 
5.076400 	 0 	 1.19889139E-04 	 6.65094951E-06 
5.081400 	 0 	 1.08946168E-04 	 6.30292631E-06 
5.086000 	 0 	 8.21725471E-05 	 4.59499983E-06 
5.095700 	 0 	 7.58965601E-05 	 4.36402559E-06 
5.101500 	 0 	 8.32745313E-05 	 4.79882154E-06 
5.105200 	 0 	 2.81940004E-04 	 1.55068031E-05 
5.108300 	 0 	 5.94830125E-04 	 3.07884633E-05 
5.110400 	 0 	 6.54411004E-04 	 3.41613832E-05 
5.111500 	 0 	 6.69803406E-04 	 3.52300137E-05 
5.111900 	 0 	 6.72285598E-04 	 3.52957902E-05 
5.112200 	 0 	 6.49595402E-04 	 3.41615879E-05 
5.114400 	 0 	 8.13165504E-04 	 4.25738041E-05 
5.116400 	 0 	 8.37787395E-04 	 4.36678799E-05 
5.118400 	 0 	 8.40994490E-04 	 4.39856767E-05 
5.120300 	 0 	 8.98375037E-04 	 4.66906757E-05 
5.121500 	 0 	 9.25527889E-04 	 4.82174542E-05 
5.122300 	 0 	 8.64278991E-04 	 4.50877439E-05 
5.125300 	 0 	 8.33844653E-04 	 4.33550563E-05 
5.130300 	 0 	 7.07543803E-04 	 3.66432776E-05 
5.135300 	 0 	 5.10135545E-04 	 2.70477068E-05 
5.140000 	 0 	 3.66994968E-04 	 1.93192684E-05 
5.141400 	 0 	 4.24138290E-04 	 2.25551980E-05 
5.145300 	 0 	 3.03433325E-04 	 1.60200142E-05 
5.150400 	 0 	 2.96562868E-04 	 1.57361981E-05 
5.153200 	 0 	 2.89438654E-04 	 1.52931218E-05 
5.156200 	 0 	 2.64646489E-04 	 1.40145932E-05 
5.159500 	 0 	 2.41363642E-04 	 1.29582553E-05 
5.161500 	 0 	 2.44413688E-04 	 1.33181294E-05 
5.162500 	 0 	 2.29827193E-04 	 1.21625164E-05 
5.168500 	 0 	 1.84172379E-04 	 9.83247754E-06 
5.170900 	 0 	 1.73688155E-04 	 9.20698764E-06 
5.181500 	 0 	 1.10851414E-04 	 6.31943794E-06 
5.201300 	 0 	 8.50045441E-05 	 4.67801188E-06 
5.221500 	 0 	 9.38157891E-05 	 5.24278489E-06 
5.241500 	 0 	 1.19359307E-04 	 6.99984272E-06 
5.251000 	 0 	 1.57877508E-04 	 8.51057115E-06 
5.254600 	 0 	 1.70544706E-04 	 9.74691588E-06 
5.261600 	 0 	 2.31607626E-04 	 1.35249450E-05 
5.271400 	 0 	 3.59139239E-04 	 1.99977500E-05 
5.276500 	 0 	 4.17627391E-04 	 2.36356240E-05 
5.281500 	 0 	 5.14916431E-04 	 2.87135045E-05 
5.286500 	 0 	 6.95627132E-04 	 3.65028025E-05 
5.286500 	 0 	 7.54364908E-04 	 4.08629534E-05 
5.291300 	 0 	 1.04004928E-03 	 5.61408098E-05 
5.296500 	 0 	 1.36859465E-03 	 7.35391393E-05 
5.301700 	 0 	 1.84762551E-03 	 9.55932924E-05 
5.304400 	 0 	 2.11052463E-03 	 1.09088562E-04 
5.309200 	 0 	 2.12047654E-03 	 1.08140486E-04 
5.311200 	 0 	 1.95512931E-03 	 1.00342850E-04 
5.313900 	 0 	 1.94864073E-03 	 1.00240224E-04 
5.319700 	 0 	 1.69116392E-03 	 8.60263513E-05 
5.324400 	 0 	 1.64864511E-03 	 8.40910667E-05 
5.329000 	 0 	 1.42285903E-03 	 7.26782096E-05 
5.334300 	 0 	 1.13089768E-03 	 5.79025983E-05 
5.339200 	 0 	 9.35397145E-04 	 4.81862495E-05 
5.344400 	 0 	 6.45333603E-04 	 3.39037670E-05 
5.344400 	 0 	 7.09319277E-04 	 3.66553011E-05 
5.349000 	 0 	 4.77971195E-04 	 2.49093510E-05 
5.354200 	 0 	 2.55498003E-04 	 1.39071733E-05 
5.354400 	 0 	 2.77701348E-04 	 1.48187960E-05 
5.358400 	 0 	 1.86583486E-04 	 1.02512413E-05 
5.359800 	 0 	 2.01329510E-04 	 1.08098517E-05 
5.360100 	 0 	 1.68464227E-04 	 9.12870309E-06 
5.363600 	 0 	 3.02532363E-04 	 1.64116009E-05 
5.365100 	 0 	 2.49526029E-04 	 1.30130348E-05 
5.369400 	 0 	 3.74591154E-04 	 2.01055062E-05 
5.371300 	 0 	 3.50652010E-04 	 1.89048618E-05 
5.373400 	 0 	 3.41650654E-04 	 1.84265277E-05 
5.375400 	 0 	 3.54827019E-04 	 1.90229478E-05 
5.377500 	 0 	 3.24619162E-04 	 1.76290063E-05 
5.379500 	 0 	 3.02599315E-04 	 1.59044413E-05 
5.381200 	 0 	 3.12156127E-04 	 1.68054721E-05 
5.386300 	 0 	 1.92333113E-04 	 1.01460325E-05 
5.391600 	 0 	 8.00085847E-05 	 4.60783746E-06 
5.394400 	 0 	 4.34361318E-05 	 2.80608839E-06 
5.394800 	 0 	 7.55254298E-05 	 4.22625945E-06 
5.395400 	 0 	 4.30989735E-05 	 2.65450804E-06 
5.397500 	 0 	 3.41480380E-05 	 2.28926086E-06 
5.401400 	 0 	 2.45918047E-05 	 1.62452315E-06 
5.404600 	 0 	 2.84966906E-05 	 1.92129821E-06 
5.414900 	 0 	 2.64599374E-05 	 1.78609624E-06 
5.425600 	 0 	 2.93299566E-05 	 2.01168117E-06 
5.435900 	 0 	 3.19855634E-05 	 2.13727453E-06 
5.446900 	 0 	 3.78296671E-05 	 2.26154911E-06 
5.450800 	 0 	 4.19210274E-05 	 2.55223157E-06 
4.007500 	 15 	 9.44778965E-06 	 7.25294782E-07 
4.012500 	 15 	 1.35732932E-05 	 1.03423743E-06 
4.014400 	 15 	 1.72257312E-05 	 1.17921548E-06 
4.018500 	 15 	 2.16758022E-05 	 1.41311763E-06 
4.020600 	 15 	 2.31629836E-05 	 1.58656937E-06 
4.021500 	 15 	 2.43049163E-05 	 1.62860189E-06 
4.026600 	 15 	 2.63211191E-05 	 1.62966537E-06 
4.030600 	 15 	 2.61925953E-05 	 1.58673566E-06 
4.031400 	 15 	 2.43102764E-05 	 1.59825633E-06 
4.036500 	 15 	 2.27462676E-05 	 1.51013552E-06 
4.041500 	 15 	 2.08541755E-05 	 1.34512500E-06 
4.046600 	 15 	 1.48157851E-05 	 1.02230472E-06 
4.281500 	 15 	 9.36351173E-06 	 8.16125372E-07 
4.301600 	 15 	 1.37257970E-05 	 1.03804466E-06 
4.302600 	 15 	 2.06102836E-05 	 1.49872577E-06 
4.304700 	 15 	 2.53129416E-05 	 1.73769187E-06 
4.305700 	 15 	 2.79832616E-05 	 1.88872483E-06 
4.306600 	 15 	 3.76232844E-05 	 2.40805409E-06 
4.307700 	 15 	 4.14387584E-05 	 2.65271693E-06 
4.308700 	 15 	 6.20081010E-05 	 3.78300605E-06 
4.309600 	 15 	 1.92435145E-04 	 1.11968133E-05 
4.310600 	 15 	 2.92677866E-04 	 1.68788109E-05 
4.312600 	 15 	 4.14418697E-04 	 2.38080532E-05 
4.314600 	 15 	 4.28744789E-04 	 2.40733335E-05 
4.316700 	 15 	 3.93346468E-04 	 2.24460830E-05 
4.318700 	 15 	 3.79906247E-04 	 2.20651065E-05 
4.320800 	 15 	 3.77076262E-04 	 2.18785850E-05 
4.321500 	 15 	 3.78606020E-04 	 2.16690547E-05 
4.322700 	 15 	 3.63461583E-04 	 2.08969531E-05 
4.324600 	 15 	 3.80942541E-04 	 2.18546312E-05 
4.326600 	 15 	 3.81273962E-04 	 2.20351719E-05 
4.328700 	 15 	 3.66281424E-04 	 2.08460577E-05 
4.330700 	 15 	 3.59141388E-04 	 2.08861940E-05 
4.332700 	 15 	 3.28175762E-04 	 1.88857230E-05 
4.334500 	 15 	 3.00055375E-04 	 1.72653834E-05 
4.336700 	 15 	 2.44880777E-04 	 1.39817893E-05 
4.338600 	 15 	 1.90515079E-04 	 1.08864617E-05 
4.340600 	 15 	 1.37598214E-04 	 7.85980122E-06 
4.341600 	 15 	 1.85834798E-04 	 1.07727815E-05 
4.342700 	 15 	 9.35372616E-05 	 5.52978173E-06 
4.344700 	 15 	 6.05433679E-05 	 3.64686901E-06 
4.346700 	 15 	 4.76258937E-05 	 2.87340288E-06 
4.351500 	 15 	 2.68167929E-05 	 1.83260298E-06 
4.356400 	 15 	 2.14318362E-05 	 1.51826804E-06 
4.361500 	 15 	 1.94448672E-05 	 1.35458327E-06 
4.381600 	 15 	 2.13351369E-05 	 1.43369142E-06 
4.401600 	 15 	 2.62321040E-05 	 1.70007659E-06 
4.421500 	 15 	 3.48924306E-05 	 2.20701309E-06 
4.431700 	 15 	 5.04588281E-05 	 3.08689670E-06 
4.441700 	 15 	 6.50933830E-05 	 3.80363419E-06 
4.451500 	 15 	 1.17085059E-04 	 7.14528916E-06 
4.461400 	 15 	 1.85252374E-04 	 1.08803387E-05 
4.466500 	 15 	 4.35148725E-04 	 2.60549949E-05 
4.471600 	 15 	 6.44391158E-04 	 3.75946389E-05 
4.481500 	 15 	 6.53644236E-04 	 3.73522502E-05 
4.489500 	 15 	 4.93957088E-04 	 2.91028928E-05 
4.497600 	 15 	 2.38660504E-04 	 1.42172833E-05 
4.499700 	 15 	 1.75846367E-04 	 1.06305009E-05 
4.501600 	 15 	 2.27045038E-04 	 1.33241265E-05 
4.503700 	 15 	 9.31883503E-05 	 5.74312049E-06 
4.506500 	 15 	 6.47177945E-05 	 3.92208182E-06 
4.511500 	 15 	 3.99499860E-05 	 2.55967092E-06 
4.521700 	 15 	 3.06753313E-05 	 2.01073605E-06 
4.523700 	 15 	 8.22371441E-05 	 5.00717292E-06 
4.526600 	 15 	 2.31652254E-04 	 1.36554724E-05 
4.531600 	 15 	 4.05205945E-04 	 2.30718104E-05 
4.536700 	 15 	 6.84668034E-04 	 3.93219537E-05 
4.540900 	 15 	 7.16063290E-04 	 3.94980123E-05 
4.546600 	 15 	 1.21733112E-03 	 6.79618094E-05 
4.551700 	 15 	 1.30529007E-03 	 7.48768097E-05 
4.561300 	 15 	 1.59022621E-03 	 8.31090067E-05 
4.571700 	 15 	 2.18165953E-03 	 1.16934111E-04 
4.581600 	 15 	 1.96809104E-03 	 1.06548197E-04 
4.591500 	 15 	 1.00323041E-03 	 5.79034425E-05 
4.601600 	 15 	 5.44811600E-04 	 3.11987148E-05 
4.611800 	 15 	 5.09732898E-04 	 2.93322197E-05 
4.621500 	 15 	 1.22988677E-03 	 6.74829498E-05 
4.631700 	 15 	 1.39534890E-03 	 7.85057707E-05 
4.641400 	 15 	 1.11650910E-03 	 6.11043190E-05 
4.646700 	 15 	 5.31399070E-04 	 3.04166071E-05 
4.651500 	 15 	 3.06226592E-04 	 1.79459441E-05 
4.661500 	 15 	 2.34986531E-04 	 1.39902132E-05 
4.681600 	 15 	 1.32612414E-04 	 7.92347725E-06 
4.691700 	 15 	 6.47399006E-05 	 4.20986057E-06 
4.701400 	 15 	 5.09037024E-05 	 3.33102293E-06 
4.721500 	 15 	 3.97701228E-05 	 2.49253633E-06 
4.741500 	 15 	 4.10650117E-05 	 2.66564110E-06 
4.761500 	 15 	 5.15063029E-05 	 3.40843264E-06 
4.766700 	 15 	 9.17484153E-05 	 6.04550579E-06 
4.770400 	 15 	 1.05278259E-04 	 6.75443682E-06 
4.781500 	 15 	 1.33409175E-04 	 8.26811288E-06 
4.786500 	 15 	 2.02904585E-04 	 1.21092764E-05 
4.791700 	 15 	 4.32645537E-04 	 2.54037299E-05 
4.801600 	 15 	 5.56793840E-04 	 3.13569219E-05 
4.811400 	 15 	 4.48030412E-04 	 2.53586667E-05 
4.821500 	 15 	 2.23185171E-04 	 1.38075515E-05 
4.823700 	 15 	 1.09947031E-04 	 7.33043954E-06 
4.826800 	 15 	 6.88932770E-05 	 4.63022681E-06 
4.831600 	 15 	 3.90004975E-05 	 2.67211736E-06 
4.841400 	 15 	 2.02787196E-05 	 1.53510002E-06 
4.861500 	 15 	 1.43152763E-05 	 1.19860570E-06 
4.877800 	 15 	 1.58455617E-05 	 1.37681293E-06 
4.901400 	 15 	 1.82096351E-05 	 1.38296085E-06 
4.911400 	 15 	 3.17645255E-05 	 2.34353657E-06 
4.921600 	 15 	 4.01906793E-05 	 2.69418565E-06 
4.931500 	 15 	 5.43342006E-05 	 3.62904746E-06 
4.937700 	 15 	 5.41586457E-05 	 3.25073480E-06 
4.941700 	 15 	 5.75211418E-05 	 3.69589697E-06 
4.948400 	 15 	 5.47422172E-05 	 3.28941855E-06 
4.958200 	 15 	 5.54461857E-05 	 3.33243195E-06 
4.961800 	 15 	 5.94384092E-05 	 3.80766417E-06 
4.968300 	 15 	 6.91546837E-05 	 4.04241488E-06 
4.973400 	 15 	 6.82168608E-05 	 4.00307035E-06 
4.976200 	 15 	 7.23599325E-05 	 4.25100281E-06 
4.979400 	 15 	 7.61648291E-05 	 4.50178213E-06 
4.981500 	 15 	 7.36981159E-05 	 4.66648417E-06 
4.984300 	 15 	 7.64946665E-05 	 4.33186858E-06 
4.986100 	 15 	 7.51867083E-05 	 4.44340257E-06 
4.996200 	 15 	 6.33050339E-05 	 3.76598420E-06 
5.001600 	 15 	 6.04866068E-05 	 3.89877005E-06 
5.006200 	 15 	 4.76879218E-05 	 2.93596628E-06 
5.016100 	 15 	 3.99302953E-05 	 2.43415880E-06 
5.021500 	 15 	 4.04301377E-05 	 2.91436406E-06 
5.026300 	 15 	 5.48907107E-05 	 3.38004537E-06 
5.029200 	 15 	 7.43790961E-05 	 4.40524394E-06 
5.029400 	 15 	 7.23308510E-05 	 4.26587100E-06 
5.031300 	 15 	 1.21601314E-04 	 7.04146684E-06 
5.036300 	 15 	 2.12456180E-04 	 1.24420315E-05 
5.039300 	 15 	 2.40534626E-04 	 1.42553838E-05 
5.041600 	 15 	 2.35630764E-04 	 1.45436153E-05 
5.044300 	 15 	 2.93299548E-04 	 1.67926651E-05 
5.047400 	 15 	 3.25886671E-04 	 1.84373959E-05 
5.050200 	 15 	 3.50629238E-04 	 1.97219681E-05 
5.053500 	 15 	 3.44084561E-04 	 1.97608060E-05 
5.056300 	 15 	 3.20155362E-04 	 1.81988742E-05 
5.061500 	 15 	 2.43289852E-04 	 1.44505094E-05 
5.066300 	 15 	 1.87337542E-04 	 1.09025729E-05 
5.076400 	 15 	 1.21582347E-04 	 7.44001872E-06 
5.081400 	 15 	 9.68095793E-05 	 6.46865722E-06 
5.086000 	 15 	 7.88238320E-05 	 4.91562657E-06 
5.095700 	 15 	 6.69915614E-05 	 4.52112939E-06 
5.101500 	 15 	 7.47933399E-05 	 5.14387735E-06 
5.105200 	 15 	 2.92690594E-04 	 1.74281048E-05 
5.108300 	 15 	 5.31773334E-04 	 2.87523192E-05 
5.110400 	 15 	 6.03374393E-04 	 3.31736777E-05 
5.111500 	 15 	 6.28691660E-04 	 3.49900738E-05 
5.111900 	 15 	 6.12029505E-04 	 3.40372502E-05 
5.112200 	 15 	 6.06608530E-04 	 3.37664341E-05 
5.114400 	 15 	 7.48952391E-04 	 4.13330967E-05 
5.116400 	 15 	 7.67491938E-04 	 4.20045072E-05 
5.118400 	 15 	 7.63735441E-04 	 4.21252810E-05 
5.120300 	 15 	 8.01521360E-04 	 4.37056596E-05 
5.121500 	 15 	 7.78267717E-04 	 4.28643889E-05 
5.122300 	 15 	 7.78720748E-04 	 4.27713354E-05 
5.125300 	 15 	 7.68848055E-04 	 4.18120092E-05 
5.130300 	 15 	 6.45650722E-04 	 3.48047831E-05 
5.135300 	 15 	 4.63396504E-04 	 2.61736151E-05 
5.140000 	 15 	 3.43092868E-04 	 1.90447121E-05 
5.141400 	 15 	 3.55200301E-04 	 2.04614284E-05 
5.145300 	 15 	 2.86193838E-04 	 1.59702414E-05 
5.150400 	 15 	 2.81274599E-04 	 1.58553067E-05 
5.153200 	 15 	 2.72447981E-04 	 1.52295448E-05 
5.156200 	 15 	 2.47175478E-04 	 1.39461565E-05 
5.159500 	 15 	 2.23583774E-04 	 1.28932594E-05 
5.161500 	 15 	 2.16577329E-04 	 1.29605380E-05 
5.162500 	 15 	 2.07521207E-04 	 1.17256593E-05 
5.168500 	 15 	 1.73133644E-04 	 9.92592131E-06 
5.170900 	 15 	 1.58801484E-04 	 9.00862539E-06 
5.181500 	 15 	 1.01522859E-04 	 6.56720231E-06 
5.201300 	 15 	 7.19564464E-05 	 4.52995558E-06 
5.221500 	 15 	 8.00243838E-05 	 5.20072730E-06 
5.241500 	 15 	 1.05959345E-04 	 7.41290846E-06 
5.251000 	 15 	 1.40550447E-04 	 8.50329885E-06 
5.254600 	 15 	 1.44542291E-04 	 1.00580837E-05 
5.261600 	 15 	 2.09308214E-04 	 1.47440605E-05 
5.271400 	 15 	 3.09128760E-04 	 2.00687383E-05 
5.276500 	 15 	 3.57372399E-04 	 2.39230815E-05 
5.281500 	 15 	 4.66420072E-04 	 2.96432441E-05 
5.286500 	 15 	 6.50546228E-04 	 3.63772963E-05 
5.286500 	 15 	 6.71310019E-04 	 4.01351551E-05 
5.291300 	 15 	 9.49556872E-04 	 5.63263324E-05 
5.296500 	 15 	 1.15872297E-03 	 6.86575521E-05 
5.301700 	 15 	 1.53758739E-03 	 8.39092084E-05 
5.304400 	 15 	 1.96687521E-03 	 1.05867830E-04 
5.309200 	 15 	 1.75392680E-03 	 9.23581971E-05 
5.311200 	 15 	 1.82856009E-03 	 9.70966579E-05 
5.313900 	 15 	 1.61541659E-03 	 8.68522503E-05 
5.319700 	 15 	 1.44563406E-03 	 7.54266990E-05 
5.324400 	 15 	 1.36184518E-03 	 7.16162526E-05 
5.329000 	 15 	 1.17560363E-03 	 6.19687820E-05 
5.334300 	 15 	 9.42227974E-04 	 4.98944823E-05 
5.339200 	 15 	 7.84890985E-04 	 4.20814487E-05 
5.344400 	 15 	 6.13667977E-04 	 3.38578070E-05 
5.344400 	 15 	 6.03696405E-04 	 3.25432243E-05 
5.349000 	 15 	 3.98639474E-04 	 2.19584075E-05 
5.354200 	 15 	 2.55216083E-04 	 1.49651155E-05 
5.354400 	 15 	 2.46977283E-04 	 1.41724433E-05 
5.358400 	 15 	 1.80511131E-04 	 1.08839154E-05 
5.359800 	 15 	 1.75747805E-04 	 1.02469060E-05 
5.360100 	 15 	 1.70559112E-04 	 9.93237610E-06 
5.363600 	 15 	 2.77888946E-04 	 1.64334390E-05 
5.365100 	 15 	 2.15002509E-04 	 1.18300214E-05 
5.369400 	 15 	 3.48331913E-04 	 2.01979456E-05 
5.371300 	 15 	 3.25287789E-04 	 1.88996230E-05 
5.373400 	 15 	 3.16887465E-04 	 1.84903887E-05 
5.375400 	 15 	 3.06448727E-04 	 1.79637192E-05 
5.377500 	 15 	 3.06644383E-04 	 1.81026248E-05 
5.379500 	 15 	 2.86287245E-04 	 1.58837133E-05 
5.381200 	 15 	 2.94695568E-04 	 1.71639654E-05 
5.386300 	 15 	 1.72071142E-04 	 9.70455614E-06 
5.391600 	 15 	 7.47546425E-05 	 4.99437581E-06 
5.394400 	 15 	 4.74173110E-05 	 3.59941734E-06 
5.394800 	 15 	 6.69788928E-05 	 4.27720511E-06 
5.395400 	 15 	 4.00867424E-05 	 3.02161764E-06 
5.397500 	 15 	 3.17613463E-05 	 2.59036513E-06 
5.401400 	 15 	 2.74629750E-05 	 2.18858173E-06 
5.404600 	 15 	 2.09587242E-05 	 2.03646446E-06 
5.414900 	 15 	 2.17649933E-05 	 2.12830148E-06 
5.425600 	 15 	 2.62612385E-05 	 2.32477586E-06 
5.435900 	 15 	 2.89652957E-05 	 2.50224521E-06 
5.446900 	 15 	 3.30905247E-05 	 2.40245279E-06 
5.450800 	 15 	 3.90035669E-05 	 2.89926931E-06 
4.007500 	 30 	 9.90189092E-06 	 7.23424372E-07 
4.012500 	 30 	 1.52870014E-05 	 1.07723444E-06 
4.014400 	 30 	 1.57785593E-05 	 1.13631801E-06 
4.018500 	 30 	 2.20799989E-05 	 1.45065538E-06 
4.020600 	 30 	 2.34738854E-05 	 1.61759480E-06 
4.021500 	 30 	 2.51941280E-05 	 1.66948415E-06 
4.026600 	 30 	 2.85141232E-05 	 1.75094006E-06 
4.030600 	 30 	 2.75965901E-05 	 1.64079320E-06 
4.031400 	 30 	 2.42560137E-05 	 1.57343927E-06 
4.036500 	 30 	 2.57454454E-05 	 1.66442596E-06 
4.041500 	 30 	 2.05658669E-05 	 1.31906013E-06 
4.046600 	 30 	 1.66374309E-05 	 1.12397632E-06 
4.281500 	 30 	 8.69825151E-06 	 7.24403340E-07 
4.301600 	 30 	 1.38037194E-05 	 1.05453080E-06 
4.302600 	 30 	 2.10156854E-05 	 1.51758096E-06 
4.304700 	 30 	 2.66257294E-05 	 1.81239874E-06 
4.305700 	 30 	 2.85536814E-05 	 1.94165480E-06 
4.306600 	 30 	 3.29796765E-05 	 2.17806644E-06 
4.307700 	 30 	 4.11259488E-05 	 2.64713377E-06 
4.308700 	 30 	 5.70658647E-05 	 3.56168148E-06 
4.309600 	 30 	 1.73012107E-04 	 1.03679928E-05 
4.310600 	 30 	 2.81396068E-04 	 1.64705246E-05 
4.312600 	 30 	 4.26225816E-04 	 2.45290280E-05 
4.314600 	 30 	 4.30032825E-04 	 2.42497622E-05 
4.316700 	 30 	 3.81411119E-04 	 2.20037145E-05 
4.318700 	 30 	 3.69081792E-04 	 2.16175903E-05 
4.320800 	 30 	 3.68483212E-04 	 2.16568416E-05 
4.321500 	 30 	 3.81331034E-04 	 2.19112319E-05 
4.322700 	 30 	 3.66706376E-04 	 2.11558100E-05 
4.324600 	 30 	 3.70599705E-04 	 2.14050069E-05 
4.326600 	 30 	 3.61415869E-04 	 2.11466568E-05 
4.328700 	 30 	 3.53092942E-04 	 2.02895649E-05 
4.330700 	 30 	 3.44126121E-04 	 2.02477021E-05 
4.332700 	 30 	 3.25858957E-04 	 1.88894823E-05 
4.334500 	 30 	 2.87323730E-04 	 1.67320599E-05 
4.336700 	 30 	 2.43262497E-04 	 1.39601579E-05 
4.338600 	 30 	 1.91162837E-04 	 1.09358491E-05 
4.340600 	 30 	 1.26390977E-04 	 7.34577213E-06 
4.341600 	 30 	 1.84055749E-04 	 1.07207983E-05 
4.342700 	 30 	 9.30113149E-05 	 5.51587219E-06 
4.344700 	 30 	 5.76021849E-05 	 3.51967814E-06 
4.346700 	 30 	 4.41210945E-05 	 2.72730536E-06 
4.351500 	 30 	 2.65236388E-05 	 1.79388105E-06 
4.356400 	 30 	 2.06357710E-05 	 1.50910077E-06 
4.361500 	 30 	 2.04521021E-05 	 1.45387871E-06 
4.381600 	 30 	 2.00807333E-05 	 1.38705827E-06 
4.401600 	 30 	 2.70199024E-05 	 1.74302138E-06 
4.421500 	 30 	 3.58749410E-05 	 2.25458752E-06 
4.431700 	 30 	 5.72766207E-05 	 3.43113498E-06 
4.441700 	 30 	 6.80251615E-05 	 3.96838601E-06 
4.451500 	 30 	 1.27995231E-04 	 7.66701494E-06 
4.461400 	 30 	 1.95940112E-04 	 1.14251608E-05 
4.466500 	 30 	 4.57661395E-04 	 2.71916246E-05 
4.471600 	 30 	 6.91028411E-04 	 4.00022867E-05 
4.481500 	 30 	 7.03758762E-04 	 3.99717939E-05 
4.489500 	 30 	 5.26391038E-04 	 3.06206394E-05 
4.497600 	 30 	 2.54711547E-04 	 1.50228355E-05 
4.499700 	 30 	 1.92477032E-04 	 1.14485580E-05 
4.501600 	 30 	 2.44890867E-04 	 1.42474816E-05 
4.503700 	 30 	 9.35351987E-05 	 5.79854104E-06 
4.506500 	 30 	 6.76787432E-05 	 4.05075314E-06 
4.511500 	 30 	 4.15983821E-05 	 2.65620010E-06 
4.521700 	 30 	 3.07701504E-05 	 2.00170720E-06 
4.523700 	 30 	 7.68930348E-05 	 4.75647661E-06 
4.526600 	 30 	 2.22549258E-04 	 1.32351922E-05 
4.531600 	 30 	 3.94197260E-04 	 2.25654755E-05 
4.536700 	 30 	 6.94792119E-04 	 3.98641515E-05 
4.540900 	 30 	 7.07146893E-04 	 3.91458827E-05 
4.546600 	 30 	 1.20940330E-03 	 6.76166798E-05 
4.551700 	 30 	 1.30379829E-03 	 7.51050195E-05 
4.561300 	 30 	 1.61427795E-03 	 8.43865020E-05 
4.571700 	 30 	 2.33070815E-03 	 1.24435625E-04 
4.581600 	 30 	 2.08570473E-03 	 1.12451162E-04 
4.591500 	 30 	 1.06872525E-03 	 6.12120071E-05 
4.601600 	 30 	 5.78486016E-04 	 3.29420312E-05 
4.611800 	 30 	 5.24016337E-04 	 3.01842167E-05 
4.621500 	 30 	 1.23955019E-03 	 6.84935109E-05 
4.631700 	 30 	 1.41665277E-03 	 8.00983529E-05 
4.641400 	 30 	 1.02271874E-03 	 5.67394954E-05 
4.646700 	 30 	 5.32766758E-04 	 3.06800679E-05 
4.651500 	 30 	 3.13113156E-04 	 1.84612995E-05 
4.661500 	 30 	 2.43602696E-04 	 1.45522291E-05 
4.681600 	 30 	 1.27616475E-04 	 7.86269484E-06 
4.691700 	 30 	 6.56519622E-05 	 4.36181623E-06 
4.701400 	 30 	 5.09565513E-05 	 3.38298022E-06 
4.721500 	 30 	 3.99846012E-05 	 2.54186263E-06 
4.741500 	 30 	 4.10270836E-05 	 2.76046764E-06 
4.761500 	 30 	 5.18312112E-05 	 3.58165655E-06 
4.766700 	 30 	 9.68157874E-05 	 6.56005400E-06 
4.770400 	 30 	 1.06761477E-04 	 7.10479721E-06 
4.781500 	 30 	 1.32146041E-04 	 8.45419259E-06 
4.786500 	 30 	 1.99816248E-04 	 1.21534511E-05 
4.791700 	 30 	 4.38490236E-04 	 2.57466614E-05 
4.801600 	 30 	 5.58684253E-04 	 3.14809771E-05 
4.811400 	 30 	 4.55278592E-04 	 2.57145618E-05 
4.821500 	 30 	 2.19186389E-04 	 1.36740405E-05 
4.823700 	 30 	 1.04565616E-04 	 6.94777592E-06 
4.826800 	 30 	 6.70572180E-05 	 4.58400212E-06 
4.831600 	 30 	 3.63095724E-05 	 2.59249155E-06 
4.841400 	 30 	 2.15480567E-05 	 1.55650612E-06 
4.861500 	 30 	 1.55469813E-05 	 1.25500831E-06 
4.877800 	 30 	 1.49450362E-05 	 1.33784405E-06 
4.901400 	 30 	 1.70878152E-05 	 1.25725844E-06 
4.911400 	 30 	 3.33372964E-05 	 2.45378598E-06 
4.921600 	 30 	 4.24972081E-05 	 2.80770998E-06 
4.931500 	 30 	 5.66776756E-05 	 3.75580882E-06 
4.937700 	 30 	 5.74074889E-05 	 3.40048842E-06 
4.941700 	 30 	 5.78748139E-05 	 3.71849775E-06 
4.948400 	 30 	 5.57658390E-05 	 3.33261749E-06 
4.958200 	 30 	 5.76894099E-05 	 3.46192446E-06 
4.961800 	 30 	 6.45959856E-05 	 4.09445227E-06 
4.968300 	 30 	 6.43510313E-05 	 3.85771588E-06 
4.973400 	 30 	 7.13064396E-05 	 4.18438045E-06 
4.976200 	 30 	 7.59557180E-05 	 4.45919185E-06 
4.979400 	 30 	 7.37792457E-05 	 4.42039973E-06 
4.981500 	 30 	 7.75816580E-05 	 4.86667602E-06 
4.984300 	 30 	 7.72969038E-05 	 4.39697273E-06 
4.986100 	 30 	 8.13867999E-05 	 4.79305177E-06 
4.996200 	 30 	 6.17518701E-05 	 3.70671752E-06 
5.001600 	 30 	 6.39786415E-05 	 4.11338552E-06 
5.006200 	 30 	 4.95548703E-05 	 3.05518776E-06 
5.016100 	 30 	 3.97458809E-05 	 2.44571748E-06 
5.021500 	 30 	 4.35604528E-05 	 3.07825928E-06 
5.026300 	 30 	 5.42276219E-05 	 3.34449087E-06 
5.029200 	 30 	 7.30974488E-05 	 4.36684824E-06 
5.029400 	 30 	 7.08952570E-05 	 4.22964183E-06 
5.031300 	 30 	 1.15178810E-04 	 6.75857053E-06 
5.036300 	 30 	 2.19435770E-04 	 1.28588168E-05 
5.039300 	 30 	 2.33892327E-04 	 1.39739843E-05 
5.041600 	 30 	 2.40625581E-04 	 1.48282581E-05 
5.044300 	 30 	 2.83567063E-04 	 1.63935978E-05 
5.047400 	 30 	 3.17338342E-04 	 1.81101522E-05 
5.050200 	 30 	 3.42723734E-04 	 1.93734512E-05 
5.053500 	 30 	 3.29051274E-04 	 1.91153165E-05 
5.056300 	 30 	 2.98331645E-04 	 1.71880449E-05 
5.061500 	 30 	 2.50855514E-04 	 1.48161359E-05 
5.066300 	 30 	 1.76910707E-04 	 1.04369104E-05 
5.076400 	 30 	 1.16188408E-04 	 7.21740066E-06 
5.081400 	 30 	 9.22547971E-05 	 6.26706966E-06 
5.086000 	 30 	 8.25783991E-05 	 5.23463633E-06 
5.095700 	 30 	 6.58388277E-05 	 4.50830271E-06 
5.101500 	 30 	 7.00387645E-05 	 4.93736537E-06 
5.105200 	 30 	 2.87032466E-04 	 1.73838612E-05 
5.108300 	 30 	 5.22095409E-04 	 2.84334341E-05 
5.110400 	 30 	 5.84670222E-04 	 3.24509705E-05 
5.111500 	 30 	 6.09675774E-04 	 3.42449929E-05 
5.111900 	 30 	 5.89721403E-04 	 3.31630946E-05 
5.112200 	 30 	 5.85995380E-04 	 3.29294607E-05 
5.114400 	 30 	 7.25525850E-04 	 4.02684252E-05 
5.116400 	 30 	 7.60555363E-04 	 4.18233604E-05 
5.118400 	 30 	 7.59549389E-04 	 4.20272828E-05 
5.120300 	 30 	 7.74830041E-04 	 4.24106947E-05 
5.121500 	 30 	 7.86906057E-04 	 4.33926774E-05 
5.122300 	 30 	 7.65255205E-04 	 4.22397727E-05 
5.125300 	 30 	 7.34944468E-04 	 4.02435090E-05 
5.130300 	 30 	 6.27465405E-04 	 3.39701819E-05 
5.135300 	 30 	 4.69900622E-04 	 2.65037702E-05 
5.140000 	 30 	 3.38137190E-04 	 1.88193030E-05 
5.141400 	 30 	 3.60687837E-04 	 2.07097883E-05 
5.145300 	 30 	 2.78333842E-04 	 1.55980763E-05 
5.150400 	 30 	 2.70169228E-04 	 1.53588080E-05 
5.153200 	 30 	 2.65900462E-04 	 1.49524805E-05 
5.156200 	 30 	 2.38036967E-04 	 1.35535006E-05 
5.159500 	 30 	 2.21301638E-04 	 1.28667331E-05 
5.161500 	 30 	 2.14067208E-04 	 1.29730605E-05 
5.162500 	 30 	 2.08204400E-04 	 1.18594052E-05 
5.168500 	 30 	 1.66949175E-04 	 9.68819916E-06 
5.170900 	 30 	 1.51873838E-04 	 8.72986989E-06 
5.181500 	 30 	 9.49200121E-05 	 6.33597244E-06 
5.201300 	 30 	 7.26900887E-05 	 4.64388825E-06 
5.221500 	 30 	 8.27351093E-05 	 5.49071644E-06 
5.241500 	 30 	 1.07291888E-04 	 7.81440679E-06 
5.251000 	 30 	 1.42017745E-04 	 8.93700379E-06 
5.254600 	 30 	 1.57056704E-04 	 1.12351239E-05 
5.261600 	 30 	 2.06809833E-04 	 1.57734734E-05 
5.271400 	 30 	 3.11375276E-04 	 2.10581095E-05 
5.276500 	 30 	 3.69782533E-04 	 2.60166673E-05 
5.281500 	 30 	 4.64607925E-04 	 3.07531951E-05 
5.286500 	 30 	 6.29025228E-04 	 3.59070873E-05 
5.286500 	 30 	 6.02025718E-04 	 3.81535169E-05 
5.291300 	 30 	 9.04887351E-04 	 5.52664469E-05 
5.296500 	 30 	 1.15023136E-03 	 6.94060471E-05 
5.301700 	 30 	 1.49063375E-03 	 8.23682646E-05 
5.304400 	 30 	 1.83282660E-03 	 9.98229170E-05 
5.309200 	 30 	 1.76594583E-03 	 9.32750006E-05 
5.311200 	 30 	 1.74582544E-03 	 9.34688090E-05 
5.313900 	 30 	 1.63721138E-03 	 8.84013136E-05 
5.319700 	 30 	 1.41957741E-03 	 7.43447968E-05 
5.324400 	 30 	 1.35511647E-03 	 7.14660487E-05 
5.329000 	 30 	 1.16495750E-03 	 6.15102051E-05 
5.334300 	 30 	 9.32553678E-04 	 4.94760928E-05 
5.339200 	 30 	 7.67258588E-04 	 4.12626670E-05 
5.344400 	 30 	 5.95477012E-04 	 3.29563791E-05 
5.344400 	 30 	 5.99223433E-04 	 3.23244525E-05 
5.349000 	 30 	 3.87166163E-04 	 2.13428040E-05 
5.354200 	 30 	 2.47637652E-04 	 1.44529130E-05 
5.354400 	 30 	 2.41665230E-04 	 1.38206861E-05 
5.358400 	 30 	 1.86554471E-04 	 1.10349445E-05 
5.359800 	 30 	 1.71354950E-04 	 9.94677197E-06 
5.360100 	 30 	 1.60122486E-04 	 9.33728035E-06 
5.363600 	 30 	 2.81653275E-04 	 1.65028171E-05 
5.365100 	 30 	 2.13900001E-04 	 1.17224729E-05 
5.369400 	 30 	 3.28850935E-04 	 1.92721099E-05 
5.371300 	 30 	 3.20560302E-04 	 1.87191460E-05 
5.373400 	 30 	 3.02515738E-04 	 1.78534037E-05 
5.375400 	 30 	 3.05522504E-04 	 1.79199566E-05 
5.377500 	 30 	 2.89833134E-04 	 1.73753779E-05 
5.379500 	 30 	 2.87582142E-04 	 1.59341696E-05 
5.381200 	 30 	 2.76460924E-04 	 1.62373919E-05 
5.386300 	 30 	 1.69910541E-04 	 9.57861789E-06 
5.391600 	 30 	 7.37057499E-05 	 5.00974445E-06 
5.394400 	 30 	 4.45879982E-05 	 3.41904626E-06 
5.394800 	 30 	 6.40328667E-05 	 4.09354568E-06 
5.395400 	 30 	 4.00429000E-05 	 2.97465706E-06 
5.397500 	 30 	 2.98289024E-05 	 2.44106310E-06 
5.401400 	 30 	 2.70129226E-05 	 2.16293587E-06 
5.404600 	 30 	 2.20158942E-05 	 2.21167855E-06 
5.414900 	 30 	 2.18847201E-05 	 2.03283866E-06 
5.425600 	 30 	 2.89971484E-05 	 2.47654972E-06 
5.435900 	 30 	 2.98467838E-05 	 2.53482869E-06 
5.446900 	 30 	 3.47790927E-05 	 2.47149275E-06 
5.450800 	 30 	 3.69502291E-05 	 2.75076731E-06 
4.007500 	 45 	 8.97869294E-06 	 6.95979048E-07 
4.012500 	 45 	 1.62456989E-05 	 1.12727613E-06 
4.014400 	 45 	 1.76055284E-05 	 1.19659682E-06 
4.018500 	 45 	 2.35343380E-05 	 1.52919357E-06 
4.020600 	 45 	 2.70562192E-05 	 1.76672549E-06 
4.021500 	 45 	 2.53125861E-05 	 1.68462633E-06 
4.026600 	 45 	 3.01452853E-05 	 1.82848140E-06 
4.030600 	 45 	 2.78083920E-05 	 1.65542205E-06 
4.031400 	 45 	 2.47970540E-05 	 1.61603075E-06 
4.036500 	 45 	 2.63001549E-05 	 1.69743377E-06 
4.041500 	 45 	 2.16952549E-05 	 1.37119089E-06 
4.046600 	 45 	 1.75029126E-05 	 1.14773024E-06 
4.281500 	 45 	 1.04476237E-05 	 8.94268560E-07 
4.301600 	 45 	 1.30125640E-05 	 1.04314420E-06 
4.302600 	 45 	 1.96775272E-05 	 1.45121835E-06 
4.304700 	 45 	 2.15454985E-05 	 1.57841493E-06 
4.305700 	 45 	 2.71121721E-05 	 1.88824099E-06 
4.306600 	 45 	 3.26511822E-05 	 2.15345342E-06 
4.307700 	 45 	 3.80314724E-05 	 2.58982848E-06 
4.308700 	 45 	 5.69856598E-05 	 3.59165124E-06 
4.309600 	 45 	 1.61586133E-04 	 9.82222253E-06 
4.310600 	 45 	 2.62672985E-04 	 1.55345730E-05 
4.312600 	 45 	 3.87280856E-04 	 2.26361709E-05 
4.314600 	 45 	 3.86039918E-04 	 2.21601765E-05 
4.316700 	 45 	 3.59539708E-04 	 2.10459235E-05 
4.318700 	 45 	 3.47732526E-04 	 2.07115156E-05 
4.320800 	 45 	 3.43381710E-04 	 2.03907488E-05 
4.321500 	 45 	 3.43536165E-04 	 2.01279592E-05 
4.322700 	 45 	 3.28534173E-04 	 1.93688367E-05 
4.324600 	 45 	 3.43779857E-04 	 2.02325628E-05 
4.326600 	 45 	 3.48363717E-04 	 2.06039414E-05 
4.328700 	 45 	 3.27473376E-04 	 1.91931487E-05 
4.330700 	 45 	 3.29104826E-04 	 1.95721125E-05 
4.332700 	 45 	 2.93854320E-04 	 1.73927057E-05 
4.334500 	 45 	 2.72319370E-04 	 1.59818527E-05 
4.336700 	 45 	 2.23037370E-04 	 1.30201144E-05 
4.338600 	 45 	 1.75290159E-04 	 1.02015276E-05 
4.340600 	 45 	 1.19617617E-04 	 7.04018496E-06 
4.341600 	 45 	 1.66142924E-04 	 9.89329053E-06 
4.342700 	 45 	 8.49884489E-05 	 5.13323603E-06 
4.344700 	 45 	 5.60087041E-05 	 3.43496191E-06 
4.346700 	 45 	 4.31497724E-05 	 2.70239045E-06 
4.351500 	 45 	 2.66817269E-05 	 1.80219715E-06 
4.356400 	 45 	 2.45326469E-05 	 1.73810381E-06 
4.361500 	 45 	 2.10831967E-05 	 1.50010530E-06 
4.381600 	 45 	 2.48304496E-05 	 1.64596229E-06 
4.401600 	 45 	 2.77775779E-05 	 1.80405543E-06 
4.421500 	 45 	 3.87427649E-05 	 2.41002902E-06 
4.431700 	 45 	 5.61147938E-05 	 3.37501699E-06 
4.441700 	 45 	 7.19353933E-05 	 4.14242461E-06 
4.451500 	 45 	 1.32696006E-04 	 7.93941571E-06 
4.461400 	 45 	 2.05905816E-04 	 1.19483189E-05 
4.466500 	 45 	 4.80741279E-04 	 2.84653533E-05 
4.471600 	 45 	 7.23543162E-04 	 4.16944331E-05 
4.481500 	 45 	 7.47937997E-04 	 4.22308253E-05 
4.489500 	 45 	 5.55997519E-04 	 3.22759577E-05 
4.497600 	 45 	 2.71220150E-04 	 1.58965728E-05 
4.499700 	 45 	 1.95550333E-04 	 1.16630606E-05 
4.501600 	 45 	 2.59453098E-04 	 1.50130953E-05 
4.503700 	 45 	 1.05169432E-04 	 6.33921854E-06 
4.506500 	 45 	 6.71756693E-05 	 4.06847184E-06 
4.511500 	 45 	 4.10445848E-05 	 2.64549568E-06 
4.521700 	 45 	 3.12733971E-05 	 2.04151407E-06 
4.523700 	 45 	 7.19785853E-05 	 4.53311210E-06 
4.526600 	 45 	 2.17058547E-04 	 1.29725021E-05 
4.531600 	 45 	 3.64352289E-04 	 2.11652300E-05 
4.536700 	 45 	 6.72591917E-04 	 3.88077354E-05 
4.540900 	 45 	 6.58838788E-04 	 3.67459977E-05 
4.546600 	 45 	 1.13889097E-03 	 6.41627499E-05 
4.551700 	 45 	 1.29696684E-03 	 7.48489270E-05 
4.561300 	 45 	 1.60175967E-03 	 8.38142327E-05 
4.571700 	 45 	 2.34533476E-03 	 1.25296089E-04 
4.581600 	 45 	 2.19159399E-03 	 1.17838514E-04 
4.591500 	 45 	 1.09153073E-03 	 6.25093234E-05 
4.601600 	 45 	 5.90702511E-04 	 3.35504747E-05 
4.611800 	 45 	 5.00644987E-04 	 2.91124900E-05 
4.621500 	 45 	 1.13892648E-03 	 6.37606442E-05 
4.631700 	 45 	 1.28645860E-03 	 7.38696248E-05 
4.641400 	 45 	 9.78117576E-04 	 5.48392627E-05 
4.646700 	 45 	 4.99709862E-04 	 2.91682074E-05 
4.651500 	 45 	 2.96214303E-04 	 1.76600166E-05 
4.661500 	 45 	 2.32736636E-04 	 1.41254688E-05 
4.681600 	 45 	 1.26783193E-04 	 7.94705587E-06 
4.691700 	 45 	 6.89547883E-05 	 4.59910907E-06 
4.701400 	 45 	 5.10615437E-05 	 3.43043403E-06 
4.721500 	 45 	 3.80580658E-05 	 2.43993877E-06 
4.741500 	 45 	 3.62833711E-05 	 2.55915661E-06 
4.761500 	 45 	 4.98039861E-05 	 3.44855034E-06 
4.766700 	 45 	 8.93484796E-05 	 6.30774261E-06 
4.770400 	 45 	 1.04782824E-04 	 7.18198656E-06 
4.781500 	 45 	 1.21579010E-04 	 8.03726628E-06 
4.786500 	 45 	 1.92578114E-04 	 1.18128682E-05 
4.791700 	 45 	 4.29552505E-04 	 2.53768742E-05 
4.801600 	 45 	 5.18646342E-04 	 2.95563829E-05 
4.811400 	 45 	 4.25679196E-04 	 2.42803345E-05 
4.821500 	 45 	 2.03900400E-04 	 1.28991285E-05 
4.823700 	 45 	 9.88540523E-05 	 6.70024536E-06 
4.826800 	 45 	 5.90481250E-05 	 4.11008778E-06 
4.831600 	 45 	 3.50628242E-05 	 2.50178615E-06 
4.841400 	 45 	 2.15207950E-05 	 1.56878109E-06 
4.861500 	 45 	 1.31292157E-05 	 1.12376498E-06 
4.877800 	 45 	 1.53219879E-05 	 1.33262006E-06 
4.901400 	 45 	 1.84174506E-05 	 1.37662354E-06 
4.911400 	 45 	 3.08557685E-05 	 2.41449851E-06 
4.921600 	 45 	 4.48550476E-05 	 2.94405397E-06 
4.931500 	 45 	 5.58416726E-05 	 3.67615686E-06 
4.937700 	 45 	 5.79598641E-05 	 3.45376998E-06 
4.941700 	 45 	 6.01775595E-05 	 3.85868566E-06 
4.948400 	 45 	 5.63643105E-05 	 3.38046901E-06 
4.958200 	 45 	 5.98882162E-05 	 3.59230639E-06 
4.961800 	 45 	 5.96062839E-05 	 3.87093160E-06 
4.968300 	 45 	 6.68872598E-05 	 3.95689015E-06 
4.973400 	 45 	 6.75264567E-05 	 4.01915625E-06 
4.976200 	 45 	 7.25936059E-05 	 4.32521418E-06 
4.979400 	 45 	 7.55383430E-05 	 4.49833964E-06 
4.981500 	 45 	 7.29279476E-05 	 4.61809221E-06 
4.984300 	 45 	 7.25678088E-05 	 4.17246082E-06 
4.986100 	 45 	 7.23157722E-05 	 4.35681283E-06 
4.996200 	 45 	 6.15191045E-05 	 3.69659514E-06 
5.001600 	 45 	 5.86337480E-05 	 3.87566975E-06 
5.006200 	 45 	 4.82878330E-05 	 2.98819718E-06 
5.016100 	 45 	 3.80942961E-05 	 2.37119494E-06 
5.021500 	 45 	 3.90681859E-05 	 2.86916203E-06 
5.026300 	 45 	 5.24725112E-05 	 3.28727327E-06 
5.029200 	 45 	 6.94105362E-05 	 4.20326768E-06 
5.029400 	 45 	 6.94931637E-05 	 4.19099986E-06 
5.031300 	 45 	 1.13481457E-04 	 6.71156645E-06 
5.036300 	 45 	 2.08114122E-04 	 1.22955835E-05 
5.039300 	 45 	 2.30640711E-04 	 1.38941325E-05 
5.041600 	 45 	 2.25886034E-04 	 1.41391283E-05 
5.044300 	 45 	 2.77978290E-04 	 1.61357845E-05 
5.047400 	 45 	 3.09953838E-04 	 1.77144597E-05 
5.050200 	 45 	 3.32860535E-04 	 1.89026029E-05 
5.053500 	 45 	 3.16347472E-04 	 1.85642071E-05 
5.056300 	 45 	 2.85601341E-04 	 1.66304241E-05 
5.061500 	 45 	 2.28309237E-04 	 1.38160264E-05 
5.066300 	 45 	 1.68895538E-04 	 1.00781236E-05 
5.076400 	 45 	 1.14402997E-04 	 7.23398010E-06 
5.081400 	 45 	 8.75339124E-05 	 6.14739361E-06 
5.086000 	 45 	 7.17998607E-05 	 4.69303779E-06 
5.095700 	 45 	 6.45390500E-05 	 4.57592798E-06 
5.101500 	 45 	 6.75282186E-05 	 4.96673719E-06 
5.105200 	 45 	 2.55444267E-04 	 1.59990663E-05 
5.108300 	 45 	 4.82774287E-04 	 2.65427557E-05 
5.110400 	 45 	 5.26714027E-04 	 2.97361907E-05 
5.111500 	 45 	 5.68251121E-04 	 3.23322902E-05 
5.111900 	 45 	 5.54731107E-04 	 3.16022259E-05 
5.112200 	 45 	 5.44016773E-04 	 3.09687879E-05 
5.114400 	 45 	 7.01544949E-04 	 3.91513704E-05 
5.116400 	 45 	 7.11269029E-04 	 3.94710229E-05 
5.118400 	 45 	 7.04765341E-04 	 3.94055874E-05 
5.120300 	 45 	 7.29610522E-04 	 4.02418468E-05 
5.121500 	 45 	 7.21722862E-04 	 4.02830320E-05 
5.122300 	 45 	 7.06369606E-04 	 3.93944158E-05 
5.125300 	 45 	 7.06988758E-04 	 3.89206545E-05 
5.130300 	 45 	 5.90244477E-04 	 3.21349923E-05 
5.135300 	 45 	 4.30860426E-04 	 2.46209463E-05 
5.140000 	 45 	 3.11652156E-04 	 1.74817801E-05 
5.141400 	 45 	 3.30397596E-04 	 1.91981651E-05 
5.145300 	 45 	 2.53856964E-04 	 1.44154257E-05 
5.150400 	 45 	 2.56692853E-04 	 1.46878425E-05 
5.153200 	 45 	 2.46206510E-04 	 1.39872779E-05 
5.156200 	 45 	 2.23603064E-04 	 1.28726437E-05 
5.159500 	 45 	 2.09263089E-04 	 1.23227165E-05 
5.161500 	 45 	 1.98473789E-04 	 1.23061579E-05 
5.162500 	 45 	 1.90134357E-04 	 1.10512808E-05 
5.168500 	 45 	 1.60193370E-04 	 9.40576377E-06 
5.170900 	 45 	 1.41080036E-04 	 8.23865795E-06 
5.181500 	 45 	 9.07788027E-05 	 6.23999779E-06 
5.201300 	 45 	 6.66931264E-05 	 4.40853399E-06 
5.221500 	 45 	 7.33116806E-05 	 5.01025585E-06 
5.241500 	 45 	 9.64980681E-05 	 7.49440679E-06 
5.251000 	 45 	 1.25384670E-04 	 8.27880864E-06 
5.254600 	 45 	 1.42669419E-04 	 1.08245450E-05 
5.261600 	 45 	 1.92945477E-04 	 1.55148470E-05 
5.271400 	 45 	 2.92065693E-04 	 2.09491392E-05 
5.276500 	 45 	 3.51536051E-04 	 2.57855885E-05 
5.281500 	 45 	 4.17546236E-04 	 2.90364277E-05 
5.286500 	 45 	 5.82483937E-04 	 3.38922514E-05 
5.286500 	 45 	 5.66180654E-04 	 3.65506190E-05 
5.291300 	 45 	 8.56874248E-04 	 5.32629202E-05 
5.296500 	 45 	 1.09469579E-03 	 6.73546501E-05 
5.301700 	 45 	 1.39012601E-03 	 7.76481768E-05 
5.304400 	 45 	 1.70861272E-03 	 9.41417327E-05 
5.309200 	 45 	 1.61712580E-03 	 8.60654119E-05 
5.311200 	 45 	 1.63693080E-03 	 8.83692212E-05 
5.313900 	 45 	 1.50720680E-03 	 8.21648563E-05 
5.319700 	 45 	 1.30012879E-03 	 6.85604596E-05 
5.324400 	 45 	 1.23445467E-03 	 6.55700291E-05 
5.329000 	 45 	 1.07156744E-03 	 5.69952187E-05 
5.334300 	 45 	 8.59197253E-04 	 4.58617228E-05 
5.339200 	 45 	 7.18622266E-04 	 3.88130109E-05 
5.344400 	 45 	 5.44241413E-04 	 3.04596551E-05 
5.344400 	 45 	 5.37783642E-04 	 2.92504303E-05 
5.349000 	 45 	 3.65061127E-04 	 2.02154599E-05 
5.354200 	 45 	 2.29101954E-04 	 1.35738327E-05 
5.354400 	 45 	 2.25546847E-04 	 1.29903111E-05 
5.358400 	 45 	 1.73107252E-04 	 1.03347201E-05 
5.359800 	 45 	 1.58566626E-04 	 9.27433831E-06 
5.360100 	 45 	 1.55428371E-04 	 9.07386292E-06 
5.363600 	 45 	 2.58257188E-04 	 1.53135392E-05 
5.365100 	 45 	 1.99191421E-04 	 1.09983596E-05 
5.369400 	 45 	 3.08351543E-04 	 1.82444752E-05 
5.371300 	 45 	 2.93406342E-04 	 1.73534371E-05 
5.373400 	 45 	 2.89612808E-04 	 1.72438517E-05 
5.375400 	 45 	 2.88273769E-04 	 1.71221061E-05 
5.377500 	 45 	 2.79766951E-04 	 1.68084187E-05 
5.379500 	 45 	 2.62716058E-04 	 1.47401109E-05 
5.381200 	 45 	 2.61733039E-04 	 1.55313945E-05 
5.386300 	 45 	 1.57911506E-04 	 9.05635379E-06 
5.391600 	 45 	 6.88530404E-05 	 4.65547152E-06 
5.394400 	 45 	 4.42990865E-05 	 3.43333710E-06 
5.394800 	 45 	 6.12278689E-05 	 3.97187234E-06 
5.395400 	 45 	 3.82671114E-05 	 2.85678642E-06 
5.397500 	 45 	 2.80649601E-05 	 2.36818878E-06 
5.401400 	 45 	 2.48793165E-05 	 2.03888709E-06 
5.404600 	 45 	 2.34080434E-05 	 2.09816379E-06 
5.414900 	 45 	 2.07107493E-05 	 1.91201430E-06 
5.425600 	 45 	 2.64506996E-05 	 2.29635024E-06 
5.435900 	 45 	 2.74753406E-05 	 2.41091525E-06 
5.446900 	 45 	 3.16173107E-05 	 2.28902035E-06 
5.450800 	 45 	 3.72366049E-05 	 2.73703308E-06 
4.007500 	 90 	 7.54798242E-06 	 6.72604884E-07 
4.012500 	 90 	 9.76540039E-06 	 9.33065708E-07 
4.014400 	 90 	 1.18760319E-05 	 1.02746578E-06 
4.018500 	 90 	 2.05658301E-05 	 1.56312655E-06 
4.020600 	 90 	 2.23411805E-05 	 1.75955428E-06 
4.021500 	 90 	 2.16588511E-05 	 1.74107395E-06 
4.026600 	 90 	 2.49676570E-05 	 1.73365441E-06 
4.030600 	 90 	 2.57402067E-05 	 1.71188882E-06 
4.031400 	 90 	 2.40369124E-05 	 1.80362633E-06 
4.036500 	 90 	 2.34610154E-05 	 1.75979121E-06 
4.041500 	 90 	 2.02259418E-05 	 1.47476313E-06 
4.046600 	 90 	 1.38692586E-05 	 1.14737368E-06 
4.281500 	 90 	 8.60928744E-06 	 7.81727783E-07 
4.301600 	 90 	 1.26487754E-05 	 1.06095393E-06 
4.302600 	 90 	 1.54345035E-05 	 1.37883655E-06 
4.304700 	 90 	 1.93421323E-05 	 1.60359111E-06 
4.305700 	 90 	 1.90656235E-05 	 1.63271270E-06 
4.306600 	 90 	 2.60964300E-05 	 2.06792872E-06 
4.307700 	 90 	 2.54979024E-05 	 2.19995477E-06 
4.308700 	 90 	 4.34184005E-05 	 3.23191191E-06 
4.309600 	 90 	 1.21318853E-04 	 8.65598731E-06 
4.310600 	 90 	 1.83191657E-04 	 1.30608850E-05 
4.312600 	 90 	 2.89766176E-04 	 1.96511679E-05 
4.314600 	 90 	 2.92498263E-04 	 1.91462666E-05 
4.316700 	 90 	 2.69190294E-04 	 1.81250353E-05 
4.318700 	 90 	 2.51577702E-04 	 1.76747781E-05 
4.320800 	 90 	 2.55863170E-04 	 1.80191728E-05 
4.321500 	 90 	 2.65066000E-04 	 1.78919252E-05 
4.322700 	 90 	 2.48370289E-04 	 1.69397848E-05 
4.324600 	 90 	 2.48025892E-04 	 1.70927072E-05 
4.326600 	 90 	 2.38132438E-04 	 1.68846764E-05 
4.328700 	 90 	 2.47407813E-04 	 1.67754873E-05 
4.330700 	 90 	 2.37882185E-04 	 1.69237188E-05 
4.332700 	 90 	 2.17587432E-04 	 1.50683109E-05 
4.334500 	 90 	 1.99075695E-04 	 1.37362887E-05 
4.336700 	 90 	 1.57448471E-04 	 1.07621581E-05 
4.338600 	 90 	 1.34715099E-04 	 9.05064620E-06 
4.340600 	 90 	 8.63597762E-05 	 5.95351393E-06 
4.341600 	 90 	 1.32057425E-04 	 9.08502365E-06 
4.342700 	 90 	 6.34061629E-05 	 4.53808863E-06 
4.344700 	 90 	 4.55485502E-05 	 3.31936290E-06 
4.346700 	 90 	 3.26486967E-05 	 2.42360787E-06 
4.351500 	 90 	 2.06444567E-05 	 1.69064358E-06 
4.356400 	 90 	 1.78190357E-05 	 1.51156479E-06 
4.361500 	 90 	 1.96058365E-05 	 1.57579777E-06 
4.381600 	 90 	 2.09031121E-05 	 1.57984864E-06 
4.401600 	 90 	 3.13659314E-05 	 2.16945192E-06 
4.421500 	 90 	 3.94162183E-05 	 2.68140336E-06 
4.431700 	 90 	 5.45815288E-05 	 3.63829372E-06 
4.441700 	 90 	 6.94628545E-05 	 4.39311058E-06 
4.451500 	 90 	 1.41468602E-04 	 9.20826105E-06 
4.461400 	 90 	 2.19945927E-04 	 1.37231505E-05 
4.466500 	 90 	 5.27641679E-04 	 3.37463225E-05 
4.471600 	 90 	 7.52499235E-04 	 4.68165005E-05 
4.481500 	 90 	 8.11892107E-04 	 4.87520443E-05 
4.489500 	 90 	 5.92682755E-04 	 3.68448409E-05 
4.497600 	 90 	 2.67400614E-04 	 1.72640989E-05 
4.499700 	 90 	 2.07421353E-04 	 1.34674554E-05 
4.501600 	 90 	 2.78735040E-04 	 1.73829477E-05 
4.503700 	 90 	 1.01437397E-04 	 6.85053961E-06 
4.506500 	 90 	 6.62286289E-05 	 4.38213077E-06 
4.511500 	 90 	 3.61012131E-05 	 2.67353439E-06 
4.521700 	 90 	 2.94276590E-05 	 2.15765027E-06 
4.523700 	 90 	 5.76879054E-05 	 4.25923975E-06 
4.526600 	 90 	 1.58060538E-04 	 1.13504754E-05 
4.531600 	 90 	 2.97493056E-04 	 1.96276038E-05 
4.536700 	 90 	 5.28560109E-04 	 3.50181218E-05 
4.540900 	 90 	 5.47266781E-04 	 3.37720375E-05 
4.546600 	 90 	 9.72915268E-04 	 6.06527616E-05 
4.551700 	 90 	 1.07949297E-03 	 7.03586016E-05 
4.561300 	 90 	 1.49668114E-03 	 8.10618088E-05 
4.571700 	 90 	 2.33279555E-03 	 1.30143363E-04 
4.581600 	 90 	 2.21424701E-03 	 1.24631718E-04 
4.591500 	 90 	 1.07899268E-03 	 6.71019970E-05 
4.601600 	 90 	 6.15699506E-04 	 3.74972430E-05 
4.611800 	 90 	 4.33399582E-04 	 2.81429435E-05 
4.621500 	 90 	 9.41599391E-04 	 5.73607848E-05 
4.631700 	 90 	 1.05222253E-03 	 6.73626736E-05 
4.641400 	 90 	 7.33316786E-04 	 4.56065047E-05 
4.646700 	 90 	 3.96984773E-04 	 2.63548891E-05 
4.651500 	 90 	 2.39927322E-04 	 1.62908928E-05 
4.661500 	 90 	 2.10233294E-04 	 1.40969835E-05 
4.681600 	 90 	 1.06486188E-04 	 7.28589798E-06 
4.691700 	 90 	 5.83252475E-05 	 4.35780095E-06 
4.701400 	 90 	 4.33756224E-05 	 3.24080797E-06 
4.721500 	 90 	 3.71913767E-05 	 2.55018920E-06 
4.741500 	 90 	 3.13945114E-05 	 2.46376810E-06 
4.761500 	 90 	 4.62386550E-05 	 3.42973934E-06 
4.766700 	 90 	 8.36080465E-05 	 6.11550338E-06 
4.770400 	 90 	 8.77237092E-05 	 6.40443230E-06 
4.781500 	 90 	 1.06758868E-04 	 7.67978835E-06 
4.786500 	 90 	 1.61195228E-04 	 1.11191559E-05 
4.791700 	 90 	 3.09545323E-04 	 2.18663715E-05 
4.801600 	 90 	 4.23837347E-04 	 2.70004158E-05 
4.811400 	 90 	 3.62574418E-04 	 2.26940215E-05 
4.821500 	 90 	 1.67107445E-04 	 1.21916586E-05 
4.823700 	 90 	 8.34259520E-05 	 6.75091254E-06 
4.826800 	 90 	 4.90441447E-05 	 4.13766577E-06 
4.831600 	 90 	 2.70476571E-05 	 2.41728912E-06 
4.841400 	 90 	 1.90965638E-05 	 1.61929765E-06 
4.861500 	 90 	 1.31141869E-05 	 1.33327578E-06 
4.877800 	 90 	 1.33136389E-05 	 1.35407682E-06 
4.901400 	 90 	 1.43799966E-05 	 1.21817675E-06 
4.911400 	 90 	 2.97854607E-05 	 2.60320924E-06 
4.921600 	 90 	 4.27425553E-05 	 3.05660374E-06 
4.931500 	 90 	 5.35634514E-05 	 3.98916097E-06 
4.937700 	 90 	 5.92681640E-05 	 3.74121316E-06 
4.941700 	 90 	 5.64242652E-05 	 4.12805644E-06 
4.948400 	 90 	 5.50477085E-05 	 3.52306306E-06 
4.958200 	 90 	 5.78249475E-05 	 3.69956496E-06 
4.961800 	 90 	 4.88510696E-05 	 3.65503531E-06 
4.968300 	 90 	 6.11269913E-05 	 3.94573914E-06 
4.973400 	 90 	 6.29868632E-05 	 4.02919333E-06 
4.976200 	 90 	 6.92880127E-05 	 4.44361079E-06 
4.979400 	 90 	 6.71010557E-05 	 4.34262554E-06 
4.981500 	 90 	 6.43623076E-05 	 4.55516541E-06 
4.984300 	 90 	 6.84374296E-05 	 4.19408043E-06 
4.986100 	 90 	 6.57069100E-05 	 4.33753590E-06 
4.996200 	 90 	 5.76946614E-05 	 3.75821375E-06 
5.001600 	 90 	 5.10801028E-05 	 3.87020810E-06 
5.006200 	 90 	 4.38939355E-05 	 2.97226937E-06 
5.016100 	 90 	 3.58675381E-05 	 2.41469024E-06 
5.021500 	 90 	 3.37183588E-05 	 2.94747365E-06 
5.026300 	 90 	 4.59667733E-05 	 3.26673382E-06 
5.029200 	 90 	 6.52658983E-05 	 4.29191137E-06 
5.029400 	 90 	 6.18882420E-05 	 4.01272230E-06 
5.031300 	 90 	 9.58443963E-05 	 6.32929389E-06 
5.036300 	 90 	 1.79814571E-04 	 1.17313062E-05 
5.039300 	 90 	 1.86406934E-04 	 1.27151329E-05 
5.041600 	 90 	 1.98226661E-04 	 1.40083369E-05 
5.044300 	 90 	 2.32091544E-04 	 1.49617828E-05 
5.047400 	 90 	 2.69006560E-04 	 1.67831512E-05 
5.050200 	 90 	 2.83557739E-04 	 1.75594643E-05 
5.053500 	 90 	 2.69921436E-04 	 1.75339302E-05 
5.056300 	 90 	 2.41247665E-04 	 1.56077660E-05 
5.061500 	 90 	 1.85204252E-04 	 1.28268973E-05 
5.066300 	 90 	 1.28551204E-04 	 8.81971489E-06 
5.076400 	 90 	 9.22527741E-05 	 6.58122046E-06 
5.081400 	 90 	 7.83827291E-05 	 6.23443433E-06 
5.086000 	 90 	 6.22771378E-05 	 4.62015874E-06 
5.095700 	 90 	 5.07747920E-05 	 4.15870410E-06 
5.101500 	 90 	 5.84791234E-05 	 4.65316322E-06 
5.105200 	 90 	 2.10600356E-04 	 1.44031393E-05 
5.108300 	 90 	 4.03879398E-04 	 2.34368154E-05 
5.110400 	 90 	 4.39716262E-04 	 2.65073099E-05 
5.111500 	 90 	 4.62785334E-04 	 2.86116895E-05 
5.111900 	 90 	 4.49017929E-04 	 2.76036316E-05 
5.112200 	 90 	 4.61578467E-04 	 2.81482119E-05 
5.114400 	 90 	 5.58468824E-04 	 3.38915897E-05 
5.116400 	 90 	 5.80192520E-04 	 3.45423403E-05 
5.118400 	 90 	 5.92868347E-04 	 3.56625116E-05 
5.120300 	 90 	 5.75686708E-04 	 3.42652631E-05 
5.121500 	 90 	 6.04571597E-04 	 3.63177951E-05 
5.122300 	 90 	 6.01261220E-04 	 3.57611208E-05 
5.125300 	 90 	 5.82403300E-04 	 3.42617247E-05 
5.130300 	 90 	 4.82854058E-04 	 2.81832243E-05 
5.135300 	 90 	 3.63045225E-04 	 2.27171647E-05 
5.140000 	 90 	 2.58654843E-04 	 1.59471342E-05 
5.141400 	 90 	 2.71436255E-04 	 1.75929125E-05 
5.145300 	 90 	 2.09913875E-04 	 1.32467167E-05 
5.150400 	 90 	 2.11072961E-04 	 1.34217520E-05 
5.153200 	 90 	 1.94563285E-04 	 1.23098910E-05 
5.156200 	 90 	 1.90279647E-04 	 1.20683228E-05 
5.159500 	 90 	 1.69429201E-04 	 1.13077645E-05 
5.161500 	 90 	 1.60609283E-04 	 1.15293171E-05 
5.162500 	 90 	 1.61810239E-04 	 1.02582466E-05 
5.168500 	 90 	 1.35907261E-04 	 8.87003862E-06 
5.170900 	 90 	 1.22932948E-04 	 7.79912511E-06 
5.181500 	 90 	 7.64599819E-05 	 5.95313444E-06 
5.201300 	 90 	 6.07785580E-05 	 4.17787345E-06 
5.221500 	 90 	 6.47802804E-05 	 4.73643724E-06 
5.241500 	 90 	 9.09768610E-05 	 7.11796937E-06 
5.251000 	 90 	 1.05895709E-04 	 7.25526734E-06 
5.254600 	 90 	 1.22461574E-04 	 9.44202336E-06 
5.261600 	 90 	 1.72530722E-04 	 1.38487739E-05 
5.271400 	 90 	 2.48678234E-04 	 1.83635097E-05 
5.276500 	 90 	 2.91587531E-04 	 2.26485595E-05 
5.281500 	 90 	 3.58750026E-04 	 2.63770252E-05 
5.286500 	 90 	 4.65316241E-04 	 2.88804046E-05 
5.286500 	 90 	 4.50562481E-04 	 3.15230262E-05 
5.291300 	 90 	 7.14481913E-04 	 4.81126623E-05 
5.296500 	 90 	 8.73923031E-04 	 5.88028023E-05 
5.301700 	 90 	 1.25105566E-03 	 7.27734549E-05 
5.304400 	 90 	 1.38446780E-03 	 8.04216957E-05 
5.309200 	 90 	 1.36149031E-03 	 7.49088418E-05 
5.311200 	 90 	 1.31958663E-03 	 7.44004232E-05 
5.313900 	 90 	 1.24551942E-03 	 7.12202578E-05 
5.319700 	 90 	 1.09223220E-03 	 5.93125797E-05 
5.324400 	 90 	 1.03068946E-03 	 5.69147182E-05 
5.329000 	 90 	 8.71167358E-04 	 4.85560153E-05 
5.334300 	 90 	 7.01689772E-04 	 3.94331183E-05 
5.339200 	 90 	 6.06553033E-04 	 3.47530185E-05 
5.344400 	 90 	 4.29978988E-04 	 2.66246806E-05 
5.344400 	 90 	 4.47678671E-04 	 2.61903942E-05 
5.349000 	 90 	 3.11836902E-04 	 1.87574549E-05 
5.354200 	 90 	 1.94157312E-04 	 1.29951888E-05 
5.354400 	 90 	 1.94794431E-04 	 1.24724294E-05 
5.358400 	 90 	 1.46234083E-04 	 9.91274708E-06 
5.359800 	 90 	 1.43149484E-04 	 9.34034947E-06 
5.360100 	 90 	 1.32185156E-04 	 8.69071885E-06 
5.363600 	 90 	 2.13019052E-04 	 1.44201850E-05 
5.365100 	 90 	 1.70550656E-04 	 1.00482403E-05 
5.369400 	 90 	 2.70127437E-04 	 1.77036996E-05 
5.371300 	 90 	 2.47832096E-04 	 1.63822961E-05 
5.373400 	 90 	 2.52124509E-04 	 1.65839055E-05 
5.375400 	 90 	 2.41904857E-04 	 1.58750075E-05 
5.377500 	 90 	 2.27019304E-04 	 1.53886008E-05 
5.379500 	 90 	 2.16781128E-04 	 1.32679892E-05 
5.381200 	 90 	 2.20757868E-04 	 1.45007656E-05 
5.386300 	 90 	 1.32010544E-04 	 8.26579656E-06 
5.391600 	 90 	 5.65868562E-05 	 4.70193701E-06 
5.394400 	 90 	 3.79611368E-05 	 3.61316775E-06 
5.394800 	 90 	 5.24083137E-05 	 3.97064489E-06 
5.395400 	 90 	 2.96655393E-05 	 2.78422401E-06 
5.397500 	 90 	 2.83154332E-05 	 2.87485870E-06 
5.401400 	 90 	 2.27613841E-05 	 2.42141503E-06 
5.404600 	 90 	 2.15074216E-05 	 2.12739937E-06 
5.414900 	 90 	 2.65008764E-05 	 2.34435436E-06 
5.425600 	 90 	 2.81408293E-05 	 2.71606297E-06 
5.435900 	 90 	 2.51933144E-05 	 2.54649509E-06 
5.446900 	 90 	 2.96641924E-05 	 2.52124952E-06 
5.450800 	 90 	 3.51921448E-05 	 2.95289725E-06 
4.007500 	 75 	 8.56819326E-06 	 6.02706437E-07 
4.012500 	 75 	 1.30811820E-05 	 8.78982481E-07 
4.014400 	 75 	 1.58498269E-05 	 1.02686089E-06 
4.018500 	 75 	 2.28075229E-05 	 1.38890230E-06 
4.020600 	 75 	 2.44958418E-05 	 1.53890685E-06 
4.021500 	 75 	 2.52380536E-05 	 1.58204265E-06 
4.026600 	 75 	 2.79775006E-05 	 1.63720171E-06 
4.030600 	 75 	 2.80022082E-05 	 1.59900396E-06 
4.031400 	 75 	 2.62501000E-05 	 1.61040953E-06 
4.036500 	 75 	 2.59098473E-05 	 1.59209610E-06 
4.041500 	 75 	 2.22641158E-05 	 1.34370101E-06 
4.046600 	 75 	 1.85419379E-05 	 1.15306243E-06 
4.281500 	 75 	 9.23297810E-06 	 6.70720217E-07 
4.301600 	 75 	 1.36231501E-05 	 9.13706197E-07 
4.302600 	 75 	 1.73418394E-05 	 1.18000260E-06 
4.304700 	 75 	 2.10286769E-05 	 1.38992340E-06 
4.305700 	 75 	 2.48440849E-05 	 1.60952648E-06 
4.306600 	 75 	 2.95436852E-05 	 1.82808847E-06 
4.307700 	 75 	 3.25824287E-05 	 2.04497890E-06 
4.308700 	 75 	 4.82614046E-05 	 2.94372972E-06 
4.309600 	 75 	 1.31342893E-04 	 7.83864636E-06 
4.310600 	 75 	 2.08763809E-04 	 1.22726187E-05 
4.312600 	 75 	 3.13647369E-04 	 1.81852794E-05 
4.314600 	 75 	 3.09525075E-04 	 1.76096252E-05 
4.316700 	 75 	 3.00666780E-04 	 1.73354799E-05 
4.318700 	 75 	 2.84216709E-04 	 1.67238415E-05 
4.320800 	 75 	 2.77853997E-04 	 1.63853641E-05 
4.321500 	 75 	 2.90162961E-04 	 1.67015808E-05 
4.322700 	 75 	 2.82867437E-04 	 1.63524578E-05 
4.324600 	 75 	 2.81360006E-04 	 1.63747069E-05 
4.326600 	 75 	 2.72662001E-04 	 1.60565897E-05 
4.328700 	 75 	 2.77460769E-04 	 1.59876146E-05 
4.330700 	 75 	 2.63025099E-04 	 1.55866442E-05 
4.332700 	 75 	 2.50891271E-04 	 1.45482045E-05 
4.334500 	 75 	 2.24766420E-04 	 1.30384292E-05 
4.336700 	 75 	 1.81841546E-04 	 1.04827571E-05 
4.338600 	 75 	 1.43676824E-04 	 8.29379147E-06 
4.340600 	 75 	 9.81367682E-05 	 5.71107748E-06 
4.341600 	 75 	 1.36658505E-04 	 8.02824894E-06 
4.342700 	 75 	 6.96382411E-05 	 4.17024768E-06 
4.344700 	 75 	 4.67540085E-05 	 2.82823036E-06 
4.346700 	 75 	 3.87769902E-05 	 2.32698557E-06 
4.351500 	 75 	 2.27273674E-05 	 1.48460642E-06 
4.356400 	 75 	 2.06968106E-05 	 1.38831638E-06 
4.361500 	 75 	 1.87415333E-05 	 1.22392702E-06 
4.381600 	 75 	 2.26787714E-05 	 1.43007345E-06 
4.401600 	 75 	 2.96137600E-05 	 1.77880210E-06 
4.421500 	 75 	 3.93560324E-05 	 2.33195750E-06 
4.431700 	 75 	 6.02322134E-05 	 3.45862784E-06 
4.441700 	 75 	 7.35263496E-05 	 4.10478426E-06 
4.451500 	 75 	 1.38809887E-04 	 7.99287947E-06 
4.461400 	 75 	 2.21798799E-04 	 1.24004616E-05 
4.466500 	 75 	 5.21922738E-04 	 2.95097085E-05 
4.471600 	 75 	 7.83885804E-04 	 4.35513729E-05 
4.481500 	 75 	 8.32086880E-04 	 4.54412449E-05 
4.489500 	 75 	 6.23458297E-04 	 3.46889724E-05 
4.497600 	 75 	 2.89949687E-04 	 1.63774166E-05 
4.499700 	 75 	 2.19379907E-04 	 1.24242646E-05 
4.501600 	 75 	 2.83876712E-04 	 1.58031981E-05 
4.503700 	 75 	 1.08928076E-04 	 6.30343442E-06 
4.506500 	 75 	 7.22575361E-05 	 4.14652120E-06 
4.511500 	 75 	 3.86946653E-05 	 2.39899982E-06 
4.521700 	 75 	 2.88728747E-05 	 1.77665995E-06 
4.523700 	 75 	 6.01770365E-05 	 3.69315636E-06 
4.526600 	 75 	 1.79035276E-04 	 1.06249232E-05 
4.531600 	 75 	 3.17841040E-04 	 1.81513808E-05 
4.536700 	 75 	 5.93841243E-04 	 3.37632000E-05 
4.540900 	 75 	 5.84259533E-04 	 3.22037958E-05 
4.546600 	 75 	 1.02918277E-03 	 5.71392288E-05 
4.551700 	 75 	 1.16312370E-03 	 6.61122297E-05 
4.561300 	 75 	 1.51858141E-03 	 7.88882459E-05 
4.571700 	 75 	 2.44992802E-03 	 1.28884389E-04 
4.581600 	 75 	 2.22799546E-03 	 1.18019522E-04 
4.591500 	 75 	 1.15692991E-03 	 6.41745558E-05 
4.601600 	 75 	 5.98308679E-04 	 3.31059500E-05 
4.611800 	 75 	 4.70185807E-04 	 2.66269872E-05 
4.621500 	 75 	 1.01084267E-03 	 5.54788510E-05 
4.631700 	 75 	 1.07899745E-03 	 6.12240005E-05 
4.641400 	 75 	 7.96503701E-04 	 4.41679544E-05 
4.646700 	 75 	 4.35932049E-04 	 2.49378544E-05 
4.651500 	 75 	 2.63166083E-04 	 1.52844334E-05 
4.661500 	 75 	 2.33460975E-04 	 1.34485589E-05 
4.681600 	 75 	 1.17610295E-04 	 6.93631580E-06 
4.691700 	 75 	 5.75081747E-05 	 3.66102404E-06 
4.701400 	 75 	 4.57910869E-05 	 2.88586645E-06 
4.721500 	 75 	 3.69878133E-05 	 2.23250577E-06 
4.741500 	 75 	 3.36635089E-05 	 2.20196558E-06 
4.761500 	 75 	 4.67337225E-05 	 2.99076419E-06 
4.766700 	 75 	 8.57174202E-05 	 5.41777983E-06 
4.770400 	 75 	 1.01061080E-04 	 6.20383916E-06 
4.781500 	 75 	 1.20386168E-04 	 7.28311914E-06 
4.786500 	 75 	 1.77826414E-04 	 1.05133590E-05 
4.791700 	 75 	 3.54201922E-04 	 2.07495823E-05 
4.801600 	 75 	 4.40248468E-04 	 2.48418564E-05 
4.811400 	 75 	 3.68008633E-04 	 2.07118106E-05 
4.821500 	 75 	 1.76446430E-04 	 1.07596110E-05 
4.823700 	 75 	 8.38165223E-05 	 5.45679401E-06 
4.826800 	 75 	 5.26825123E-05 	 3.53926983E-06 
4.831600 	 75 	 2.82347285E-05 	 1.96297430E-06 
4.841400 	 75 	 1.89540712E-05 	 1.26557518E-06 
4.861500 	 75 	 1.33630704E-05 	 1.07040995E-06 
4.877800 	 75 	 1.34161693E-05 	 1.13843114E-06 
4.901400 	 75 	 1.53826471E-05 	 1.03759024E-06 
4.911400 	 75 	 3.00048625E-05 	 2.11974892E-06 
4.921600 	 75 	 4.75413026E-05 	 2.84644730E-06 
4.931500 	 75 	 6.16937588E-05 	 3.76283717E-06 
4.937700 	 75 	 5.76117245E-05 	 3.26020884E-06 
4.941700 	 75 	 5.76841903E-05 	 3.47863871E-06 
4.948400 	 75 	 5.63365633E-05 	 3.21951247E-06 
4.958200 	 75 	 5.57699460E-05 	 3.23446240E-06 
4.961800 	 75 	 5.72093473E-05 	 3.48425208E-06 
4.968300 	 75 	 6.15709718E-05 	 3.56705426E-06 
4.973400 	 75 	 6.55773078E-05 	 3.75128265E-06 
4.976200 	 75 	 7.07499105E-05 	 4.05452295E-06 
4.979400 	 75 	 6.71646856E-05 	 3.92717752E-06 
4.981500 	 75 	 6.94769900E-05 	 4.17239430E-06 
4.984300 	 75 	 6.73806706E-05 	 3.77746622E-06 
4.986100 	 75 	 6.90408378E-05 	 4.02209304E-06 
4.996200 	 75 	 5.73911070E-05 	 3.33122695E-06 
5.001600 	 75 	 5.10233493E-05 	 3.22892164E-06 
5.006200 	 75 	 4.48106339E-05 	 2.65719942E-06 
5.016100 	 75 	 3.55106981E-05 	 2.10914121E-06 
5.021500 	 75 	 3.74946397E-05 	 2.52530522E-06 
5.026300 	 75 	 4.67544485E-05 	 2.82879092E-06 
5.029200 	 75 	 6.31210886E-05 	 3.69487552E-06 
5.029400 	 75 	 6.22459344E-05 	 3.61928675E-06 
5.031300 	 75 	 9.93650931E-05 	 5.74952252E-06 
5.036300 	 75 	 1.76671126E-04 	 1.03225850E-05 
5.039300 	 75 	 1.95564819E-04 	 1.15245341E-05 
5.041600 	 75 	 2.09625025E-04 	 1.25689305E-05 
5.044300 	 75 	 2.30425197E-04 	 1.32862250E-05 
5.047400 	 75 	 2.65480935E-04 	 1.49648361E-05 
5.050200 	 75 	 2.73112448E-04 	 1.54326247E-05 
5.053500 	 75 	 2.61000742E-04 	 1.51872382E-05 
5.056300 	 75 	 2.43842245E-04 	 1.40462576E-05 
5.061500 	 75 	 1.89693221E-04 	 1.12923281E-05 
5.066300 	 75 	 1.37142585E-04 	 8.13146974E-06 
5.076400 	 75 	 9.34421877E-05 	 5.77323885E-06 
5.081400 	 75 	 7.59787552E-05 	 5.03642349E-06 
5.086000 	 75 	 6.02617047E-05 	 3.82708823E-06 
5.095700 	 75 	 5.40529190E-05 	 3.61716652E-06 
5.101500 	 75 	 5.85277442E-05 	 3.99255834E-06 
5.105200 	 75 	 2.16275929E-04 	 1.30263682E-05 
5.108300 	 75 	 4.08046113E-04 	 2.21224429E-05 
5.110400 	 75 	 4.57726849E-04 	 2.52930024E-05 
5.111500 	 75 	 4.84053797E-04 	 2.69591901E-05 
5.111900 	 75 	 4.74763480E-04 	 2.65053895E-05 
5.112200 	 75 	 4.61214897E-04 	 2.57750770E-05 
5.114400 	 75 	 5.75309771E-04 	 3.17599239E-05 
5.116400 	 75 	 6.01130573E-04 	 3.28881500E-05 
5.118400 	 75 	 6.21828256E-04 	 3.41077258E-05 
5.120300 	 75 	 6.06817430E-04 	 3.31198166E-05 
5.121500 	 75 	 6.13050973E-04 	 3.36341801E-05 
5.122300 	 75 	 6.06538131E-04 	 3.33274668E-05 
5.125300 	 75 	 6.05074331E-04 	 3.28430155E-05 
5.130300 	 75 	 5.04684882E-04 	 2.72390124E-05 
5.135300 	 75 	 3.61550000E-04 	 2.04638995E-05 
5.140000 	 75 	 2.78219849E-04 	 1.53713138E-05 
5.141400 	 75 	 2.82821910E-04 	 1.61499880E-05 
5.145300 	 75 	 2.17604638E-04 	 1.22374634E-05 
5.150400 	 75 	 2.19975052E-04 	 1.24509649E-05 
5.153200 	 75 	 2.07369039E-04 	 1.16733509E-05 
5.156200 	 75 	 1.93558104E-04 	 1.09408212E-05 
5.159500 	 75 	 1.80188489E-04 	 1.04136857E-05 
5.161500 	 75 	 1.69704354E-04 	 1.02148742E-05 
5.162500 	 75 	 1.61443213E-04 	 9.20435152E-06 
5.168500 	 75 	 1.38567601E-04 	 7.96232030E-06 
5.170900 	 75 	 1.25360529E-04 	 7.10998365E-06 
5.181500 	 75 	 7.77886518E-05 	 5.06069954E-06 
5.201300 	 75 	 5.76700003E-05 	 3.59284661E-06 
5.221500 	 75 	 6.33166232E-05 	 4.04821646E-06 
5.241500 	 75 	 8.45777094E-05 	 5.70121886E-06 
5.251000 	 75 	 1.14996538E-04 	 6.91702509E-06 
5.254600 	 75 	 1.24595115E-04 	 8.41464313E-06 
5.261600 	 75 	 1.70620972E-04 	 1.19000369E-05 
5.271400 	 75 	 2.58829731E-04 	 1.65824592E-05 
5.276500 	 75 	 3.00084233E-04 	 1.97574529E-05 
5.281500 	 75 	 3.64329476E-04 	 2.30950127E-05 
5.286500 	 75 	 4.72212516E-04 	 2.66857893E-05 
5.286500 	 75 	 4.93014772E-04 	 2.97583860E-05 
5.291300 	 75 	 7.36947961E-04 	 4.35830680E-05 
5.296500 	 75 	 9.57482293E-04 	 5.61001912E-05 
5.301700 	 75 	 1.21573223E-03 	 6.62237592E-05 
5.304400 	 75 	 1.39801567E-03 	 7.56199098E-05 
5.309200 	 75 	 1.41048147E-03 	 7.39530295E-05 
5.311200 	 75 	 1.36421242E-03 	 7.25045719E-05 
5.313900 	 75 	 1.30981363E-03 	 6.99748496E-05 
5.319700 	 75 	 1.13375537E-03 	 5.90283326E-05 
5.324400 	 75 	 1.08374223E-03 	 5.68114807E-05 
5.329000 	 75 	 9.15878047E-04 	 4.82272275E-05 
5.334300 	 75 	 7.08263366E-04 	 3.75678895E-05 
5.339200 	 75 	 6.16334565E-04 	 3.30134454E-05 
5.344400 	 75 	 4.33004246E-04 	 2.42022654E-05 
5.344400 	 75 	 4.64004972E-04 	 2.50290311E-05 
5.349000 	 75 	 3.11436288E-04 	 1.70997020E-05 
5.354200 	 75 	 1.87701751E-04 	 1.10547850E-05 
5.354400 	 75 	 1.94561612E-04 	 1.10789388E-05 
5.358400 	 75 	 1.47070989E-04 	 8.71564553E-06 
5.359800 	 75 	 1.38068096E-04 	 7.98259228E-06 
5.360100 	 75 	 1.28348403E-04 	 7.46717594E-06 
5.363600 	 75 	 2.20317162E-04 	 1.29176640E-05 
5.365100 	 75 	 1.67569741E-04 	 9.17659823E-06 
5.369400 	 75 	 2.65456129E-04 	 1.53754729E-05 
5.371300 	 75 	 2.53823517E-04 	 1.47230776E-05 
5.373400 	 75 	 2.30690882E-04 	 1.36579871E-05 
5.375400 	 75 	 2.36185757E-04 	 1.38317584E-05 
5.377500 	 75 	 2.33228784E-04 	 1.38108479E-05 
5.379500 	 75 	 2.22424699E-04 	 1.23421363E-05 
5.381200 	 75 	 2.28737024E-04 	 1.32542907E-05 
5.386300 	 75 	 1.33237991E-04 	 7.49789475E-06 
5.391600 	 75 	 5.98217256E-05 	 3.93138952E-06 
5.394400 	 75 	 3.91225232E-05 	 2.68254887E-06 
5.394800 	 75 	 5.31244473E-05 	 3.30550938E-06 
5.395400 	 75 	 3.64850892E-05 	 2.53161057E-06 
5.397500 	 75 	 2.60829289E-05 	 2.01084487E-06 
5.401400 	 75 	 2.32568515E-05 	 1.71791015E-06 
5.404600 	 75 	 2.36892893E-05 	 1.70734617E-06 
5.414900 	 75 	 2.17650669E-05 	 1.78151778E-06 
5.425600 	 75 	 2.58763213E-05 	 1.95810426E-06 
5.435900 	 75 	 2.69962894E-05 	 2.12840511E-06 
5.446900 	 75 	 2.89935722E-05 	 1.95940207E-06 
5.450800 	 75 	 3.26006799E-05 	 2.21098069E-06 
4.007500 	 60 	 8.22978136E-06 	 6.01026280E-07 
4.012500 	 60 	 1.40387059E-05 	 9.09221978E-07 
4.014400 	 60 	 1.80849313E-05 	 1.11649736E-06 
4.018500 	 60 	 2.42278813E-05 	 1.45459001E-06 
4.020600 	 60 	 2.63696660E-05 	 1.60655468E-06 
4.021500 	 60 	 2.73057922E-05 	 1.67199748E-06 
4.026600 	 60 	 2.90527106E-05 	 1.67841241E-06 
4.030600 	 60 	 2.89586392E-05 	 1.63353939E-06 
4.031400 	 60 	 2.74015527E-05 	 1.63487725E-06 
4.036500 	 60 	 2.73316837E-05 	 1.64118187E-06 
4.041500 	 60 	 2.30339230E-05 	 1.36358521E-06 
4.046600 	 60 	 1.85511211E-05 	 1.13598646E-06 
4.281500 	 60 	 8.71712703E-06 	 6.56226586E-07 
4.301600 	 60 	 1.41296813E-05 	 9.54661105E-07 
4.302600 	 60 	 1.82938029E-05 	 1.29633523E-06 
4.304700 	 60 	 2.14875815E-05 	 1.42006473E-06 
4.305700 	 60 	 2.48146251E-05 	 1.61185621E-06 
4.306600 	 60 	 3.02163667E-05 	 1.90375911E-06 
4.307700 	 60 	 3.26218932E-05 	 2.08551976E-06 
4.308700 	 60 	 5.15848709E-05 	 3.10440841E-06 
4.309600 	 60 	 1.44942900E-04 	 8.44905307E-06 
4.310600 	 60 	 2.32277889E-04 	 1.33838438E-05 
4.312600 	 60 	 3.43581642E-04 	 1.95874610E-05 
4.314600 	 60 	 3.50325553E-04 	 1.95726149E-05 
4.316700 	 60 	 3.30150263E-04 	 1.87112486E-05 
4.318700 	 60 	 3.08814527E-04 	 1.78428710E-05 
4.320800 	 60 	 3.19719365E-04 	 1.83646350E-05 
4.321500 	 60 	 3.23391765E-04 	 1.83196199E-05 
4.322700 	 60 	 3.14758948E-04 	 1.78360168E-05 
4.324600 	 60 	 3.04947029E-04 	 1.74660310E-05 
4.326600 	 60 	 3.12047247E-04 	 1.78822534E-05 
4.328700 	 60 	 2.98035057E-04 	 1.69046992E-05 
4.330700 	 60 	 2.84723577E-04 	 1.64907553E-05 
4.332700 	 60 	 2.77735791E-04 	 1.58002202E-05 
4.334500 	 60 	 2.54716493E-04 	 1.44382493E-05 
4.336700 	 60 	 2.00311099E-04 	 1.13630684E-05 
4.338600 	 60 	 1.62317162E-04 	 9.14114611E-06 
4.340600 	 60 	 1.11730207E-04 	 6.32934624E-06 
4.341600 	 60 	 1.53893604E-04 	 8.83296783E-06 
4.342700 	 60 	 7.58797418E-05 	 4.43801691E-06 
4.344700 	 60 	 5.35421274E-05 	 3.12320553E-06 
4.346700 	 60 	 3.91179017E-05 	 2.33322361E-06 
4.351500 	 60 	 2.35947905E-05 	 1.51078696E-06 
4.356400 	 60 	 2.31233116E-05 	 1.48710573E-06 
4.361500 	 60 	 2.12218026E-05 	 1.35125320E-06 
4.381600 	 60 	 2.13848947E-05 	 1.34303390E-06 
4.401600 	 60 	 2.90359421E-05 	 1.73691671E-06 
4.421500 	 60 	 4.10512121E-05 	 2.37117423E-06 
4.431700 	 60 	 6.05938421E-05 	 3.44463336E-06 
4.441700 	 60 	 7.53391377E-05 	 4.16785213E-06 
4.451500 	 60 	 1.43076941E-04 	 8.09327230E-06 
4.461400 	 60 	 2.22069168E-04 	 1.23333353E-05 
4.466500 	 60 	 5.12031166E-04 	 2.88155491E-05 
4.471600 	 60 	 7.77671559E-04 	 4.29273642E-05 
4.481500 	 60 	 8.47224271E-04 	 4.59210293E-05 
4.489500 	 60 	 6.03259359E-04 	 3.34032606E-05 
4.497600 	 60 	 2.94788440E-04 	 1.64406681E-05 
4.499700 	 60 	 2.09426683E-04 	 1.18418326E-05 
4.501600 	 60 	 2.86963652E-04 	 1.58309872E-05 
4.503700 	 60 	 1.06946637E-04 	 6.15980656E-06 
4.506500 	 60 	 7.25298205E-05 	 4.12571447E-06 
4.511500 	 60 	 3.94760738E-05 	 2.40225976E-06 
4.521700 	 60 	 2.94587087E-05 	 1.80569584E-06 
4.523700 	 60 	 6.80821469E-05 	 4.06592542E-06 
4.526600 	 60 	 2.00640021E-04 	 1.16043516E-05 
4.531600 	 60 	 3.43673267E-04 	 1.92892095E-05 
4.536700 	 60 	 6.32700569E-04 	 3.54392572E-05 
4.540900 	 60 	 6.30297671E-04 	 3.43267030E-05 
4.546600 	 60 	 1.09642405E-03 	 6.01295807E-05 
4.551700 	 60 	 1.21907551E-03 	 6.83132350E-05 
4.561300 	 60 	 1.60381913E-03 	 8.29191540E-05 
4.571700 	 60 	 2.45751007E-03 	 1.28809814E-04 
4.581600 	 60 	 2.25893547E-03 	 1.19033385E-04 
4.591500 	 60 	 1.18328490E-03 	 6.50084284E-05 
4.601600 	 60 	 6.12379670E-04 	 3.35941869E-05 
4.611800 	 60 	 4.87107098E-04 	 2.73571969E-05 
4.621500 	 60 	 1.07813190E-03 	 5.87889774E-05 
4.631700 	 60 	 1.26004905E-03 	 6.98624990E-05 
4.641400 	 60 	 8.80404623E-04 	 4.82736431E-05 
4.646700 	 60 	 4.81144795E-04 	 2.70945298E-05 
4.651500 	 60 	 2.86629217E-04 	 1.63949141E-05 
4.661500 	 60 	 2.34486854E-04 	 1.34898453E-05 
4.681600 	 60 	 1.20923731E-04 	 7.13773063E-06 
4.691700 	 60 	 6.17949954E-05 	 3.90083724E-06 
4.701400 	 60 	 4.81516211E-05 	 2.99363570E-06 
4.721500 	 60 	 3.83127217E-05 	 2.28892146E-06 
4.741500 	 60 	 3.51324362E-05 	 2.27337780E-06 
4.761500 	 60 	 4.81714913E-05 	 3.07862880E-06 
4.766700 	 60 	 8.36825513E-05 	 5.45220755E-06 
4.770400 	 60 	 9.88402952E-05 	 6.18327210E-06 
4.781500 	 60 	 1.23822035E-04 	 7.50205022E-06 
4.786500 	 60 	 1.83979652E-04 	 1.07790019E-05 
4.791700 	 60 	 4.05965617E-04 	 2.31650261E-05 
4.801600 	 60 	 4.78911063E-04 	 2.65510306E-05 
4.811400 	 60 	 3.92290568E-04 	 2.17767984E-05 
4.821500 	 60 	 1.87841347E-04 	 1.12760788E-05 
4.823700 	 60 	 9.00601610E-05 	 5.71211238E-06 
4.826800 	 60 	 5.66013423E-05 	 3.68786387E-06 
4.831600 	 60 	 3.04067522E-05 	 2.07343966E-06 
4.841400 	 60 	 1.96135473E-05 	 1.31329798E-06 
4.861500 	 60 	 1.37967099E-05 	 1.06506304E-06 
4.877800 	 60 	 1.26818131E-05 	 1.01576137E-06 
4.901400 	 60 	 1.50872954E-05 	 1.06736459E-06 
4.911400 	 60 	 3.30314722E-05 	 2.19781976E-06 
4.921600 	 60 	 4.48478254E-05 	 2.73192063E-06 
4.931500 	 60 	 5.85421601E-05 	 3.56834236E-06 
4.937700 	 60 	 5.82100954E-05 	 3.28506352E-06 
4.941700 	 60 	 5.79317652E-05 	 3.47232452E-06 
4.948400 	 60 	 5.59897537E-05 	 3.19379729E-06 
4.958200 	 60 	 5.77519510E-05 	 3.30380220E-06 
4.961800 	 60 	 5.79800893E-05 	 3.52490182E-06 
4.968300 	 60 	 6.26988009E-05 	 3.58261911E-06 
4.973400 	 60 	 6.65040054E-05 	 3.76879533E-06 
4.976200 	 60 	 6.88684729E-05 	 3.92714857E-06 
4.979400 	 60 	 7.11473841E-05 	 4.06785213E-06 
4.981500 	 60 	 7.49792853E-05 	 4.43853707E-06 
4.984300 	 60 	 7.13677488E-05 	 3.94231385E-06 
4.986100 	 60 	 7.10481061E-05 	 4.07736505E-06 
4.996200 	 60 	 6.21032509E-05 	 3.53242389E-06 
5.001600 	 60 	 5.94803406E-05 	 3.61923355E-06 
5.006200 	 60 	 4.49484501E-05 	 2.65311123E-06 
5.016100 	 60 	 3.68206854E-05 	 2.15697164E-06 
5.021500 	 60 	 3.79277344E-05 	 2.52965610E-06 
5.026300 	 60 	 5.00217952E-05 	 2.93829083E-06 
5.029200 	 60 	 6.94876410E-05 	 3.98378570E-06 
5.029400 	 60 	 6.48636933E-05 	 3.72092189E-06 
5.031300 	 60 	 1.06068298E-04 	 6.02570204E-06 
5.036300 	 60 	 1.98179906E-04 	 1.12475090E-05 
5.039300 	 60 	 2.14490346E-04 	 1.23418374E-05 
5.041600 	 60 	 2.22046542E-04 	 1.31242546E-05 
5.044300 	 60 	 2.49075625E-04 	 1.40524182E-05 
5.047400 	 60 	 2.93699124E-04 	 1.62325739E-05 
5.050200 	 60 	 3.00403684E-04 	 1.66580807E-05 
5.053500 	 60 	 2.89716721E-04 	 1.64193220E-05 
5.056300 	 60 	 2.68809387E-04 	 1.51069017E-05 
5.061500 	 60 	 2.08313143E-04 	 1.20925350E-05 
5.066300 	 60 	 1.55974530E-04 	 8.97658224E-06 
5.076400 	 60 	 1.00558968E-04 	 6.06056739E-06 
5.081400 	 60 	 8.16622918E-05 	 5.29295708E-06 
5.086000 	 60 	 6.70523822E-05 	 4.09307763E-06 
5.095700 	 60 	 5.43231650E-05 	 3.60712323E-06 
5.101500 	 60 	 6.13641736E-05 	 4.14223261E-06 
5.105200 	 60 	 2.32203323E-04 	 1.37855281E-05 
5.108300 	 60 	 4.44946479E-04 	 2.39053924E-05 
5.110400 	 60 	 4.89466017E-04 	 2.68247048E-05 
5.111500 	 60 	 5.18737050E-04 	 2.86900784E-05 
5.111900 	 60 	 5.08436587E-04 	 2.80935843E-05 
5.112200 	 60 	 5.15036799E-04 	 2.83717136E-05 
5.114400 	 60 	 6.13597697E-04 	 3.35451975E-05 
5.116400 	 60 	 6.62979202E-04 	 3.58699306E-05 
5.118400 	 60 	 6.44940418E-04 	 3.51310797E-05 
5.120300 	 60 	 6.62410687E-04 	 3.57531302E-05 
5.121500 	 60 	 6.54543332E-04 	 3.56357204E-05 
5.122300 	 60 	 6.71141734E-04 	 3.63571626E-05 
5.125300 	 60 	 6.44951554E-04 	 3.46949010E-05 
5.130300 	 60 	 5.36468778E-04 	 2.86671561E-05 
5.135300 	 60 	 4.02205775E-04 	 2.22731086E-05 
5.140000 	 60 	 2.85831409E-04 	 1.56754938E-05 
5.141400 	 60 	 2.99502863E-04 	 1.69040625E-05 
5.145300 	 60 	 2.30251121E-04 	 1.27504614E-05 
5.150400 	 60 	 2.32347854E-04 	 1.29753324E-05 
5.153200 	 60 	 2.24831265E-04 	 1.24602165E-05 
5.156200 	 60 	 2.06888515E-04 	 1.15412661E-05 
5.159500 	 60 	 1.94036932E-04 	 1.10306539E-05 
5.161500 	 60 	 1.86927548E-04 	 1.09851425E-05 
5.162500 	 60 	 1.74708414E-04 	 9.82108623E-06 
5.168500 	 60 	 1.51785826E-04 	 8.55877354E-06 
5.170900 	 60 	 1.32677163E-04 	 7.45231966E-06 
5.181500 	 60 	 8.62850809E-05 	 5.48339000E-06 
5.201300 	 60 	 6.08173009E-05 	 3.75625783E-06 
5.221500 	 60 	 6.56294153E-05 	 4.20578481E-06 
5.241500 	 60 	 9.27167725E-05 	 6.40730461E-06 
5.251000 	 60 	 1.20163422E-04 	 7.31313373E-06 
5.254600 	 60 	 1.25768994E-04 	 8.80542833E-06 
5.261600 	 60 	 1.75111330E-04 	 1.28026680E-05 
5.271400 	 60 	 2.63348055E-04 	 1.72557256E-05 
5.276500 	 60 	 3.18636057E-04 	 2.14810812E-05 
5.281500 	 60 	 3.90507471E-04 	 2.51017602E-05 
5.286500 	 60 	 5.06863471E-04 	 2.86352108E-05 
5.286500 	 60 	 5.16320141E-04 	 3.14769967E-05 
5.291300 	 60 	 7.82019569E-04 	 4.61682331E-05 
5.296500 	 60 	 1.02270342E-03 	 5.94868720E-05 
5.301700 	 60 	 1.32849204E-03 	 7.18932712E-05 
5.304400 	 60 	 1.51201908E-03 	 8.13825706E-05 
5.309200 	 60 	 1.51843141E-03 	 7.93875243E-05 
5.311200 	 60 	 1.46471830E-03 	 7.75876508E-05 
5.313900 	 60 	 1.39094877E-03 	 7.40836057E-05 
5.319700 	 60 	 1.20584986E-03 	 6.26485153E-05 
5.324400 	 60 	 1.13800291E-03 	 5.95192457E-05 
5.329000 	 60 	 9.80553940E-04 	 5.13904615E-05 
5.334300 	 60 	 7.83456166E-04 	 4.12023642E-05 
5.339200 	 60 	 6.48263825E-04 	 3.44612477E-05 
5.344400 	 60 	 4.72917648E-04 	 2.59304698E-05 
5.344400 	 60 	 5.04263938E-04 	 2.68856319E-05 
5.349000 	 60 	 3.38191494E-04 	 1.82965946E-05 
5.354200 	 60 	 2.08483225E-04 	 1.18976315E-05 
5.354400 	 60 	 2.08669093E-04 	 1.16194461E-05 
5.358400 	 60 	 1.57813718E-04 	 9.05753495E-06 
5.359800 	 60 	 1.48235647E-04 	 8.35346171E-06 
5.360100 	 60 	 1.40688711E-04 	 7.91138629E-06 
5.363600 	 60 	 2.38529922E-04 	 1.36282370E-05 
5.365100 	 60 	 1.82443519E-04 	 9.83264984E-06 
5.369400 	 60 	 2.92212582E-04 	 1.65685532E-05 
5.371300 	 60 	 2.76402154E-04 	 1.56701739E-05 
5.373400 	 60 	 2.69979645E-04 	 1.54454195E-05 
5.375400 	 60 	 2.55120390E-04 	 1.46630643E-05 
5.377500 	 60 	 2.54818462E-04 	 1.47378533E-05 
5.379500 	 60 	 2.41300583E-04 	 1.31755668E-05 
5.381200 	 60 	 2.47705703E-04 	 1.40962183E-05 
5.386300 	 60 	 1.43581706E-04 	 7.95094556E-06 
5.391600 	 60 	 6.37255285E-05 	 4.07559892E-06 
5.394400 	 60 	 4.11803914E-05 	 2.86534467E-06 
5.394800 	 60 	 5.82440484E-05 	 3.51322487E-06 
5.395400 	 60 	 3.54835081E-05 	 2.40204917E-06 
5.397500 	 60 	 2.80270325E-05 	 2.01212419E-06 
5.401400 	 60 	 2.45691503E-05 	 1.73243023E-06 
5.404600 	 60 	 2.28063201E-05 	 1.74240069E-06 
5.414900 	 60 	 2.36621345E-05 	 1.74384760E-06 
5.425600 	 60 	 2.65640375E-05 	 1.94963532E-06 
5.435900 	 60 	 2.68833564E-05 	 1.98719656E-06 
5.446900 	 60 	 2.80305661E-05 	 1.86901587E-06 
5.450800 	 60 	 3.40086280E-05 	 2.26147658E-06 
