3.996021 	 0 	 4.41181682E-10 	 2.31836251E-11 
4.000967 	 0 	 4.30567791E-10 	 2.34361252E-11 
4.002940 	 0 	 3.91542153E-10 	 2.15931776E-11 
4.006972 	 0 	 3.92467010E-10 	 2.20001119E-11 
4.009086 	 0 	 3.87090018E-10 	 2.22449173E-11 
4.010032 	 0 	 3.79479835E-10 	 2.22206836E-11 
4.015070 	 0 	 3.64456549E-10 	 2.06347665E-11 
4.019108 	 0 	 3.27699720E-10 	 1.82795157E-11 
4.019916 	 0 	 2.60952119E-10 	 1.57013659E-11 
4.025044 	 0 	 2.08413360E-10 	 1.35093163E-11 
4.029979 	 0 	 1.53109529E-10 	 1.02264829E-11 
4.035141 	 0 	 9.68117427E-11 	 7.34194235E-12 
4.269958 	 0 	 2.25063159E-10 	 1.34122314E-11 
4.290051 	 0 	 4.68280346E-10 	 2.52576314E-11 
4.291116 	 0 	 6.84321698E-10 	 3.65612610E-11 
4.293189 	 0 	 6.25541639E-10 	 3.37104526E-11 
4.294196 	 0 	 6.26094891E-10 	 3.41515153E-11 
4.295147 	 0 	 6.06676457E-10 	 3.33771249E-11 
4.296155 	 0 	 6.13216941E-10 	 3.44811112E-11 
4.297220 	 0 	 5.80362557E-10 	 3.37847471E-11 
4.298084 	 0 	 5.58249097E-10 	 4.10702652E-11 
4.299093 	 0 	 5.34301358E-10 	 4.69738695E-11 
4.301052 	 0 	 5.40420373E-10 	 5.40863746E-11 
4.303098 	 0 	 4.32912582E-10 	 4.44537371E-11 
4.305231 	 0 	 4.43112128E-10 	 4.77273993E-11 
4.307250 	 0 	 4.81867076E-10 	 5.51106860E-11 
4.309297 	 0 	 3.98919639E-10 	 4.56301002E-11 
4.309961 	 0 	 5.12310184E-10 	 4.96428256E-11 
4.311172 	 0 	 3.77411669E-10 	 4.03728467E-11 
4.313106 	 0 	 2.59431270E-10 	 3.39564075E-11 
4.315126 	 0 	 2.45491931E-10 	 3.61908908E-11 
4.317204 	 0 	 2.48408970E-10 	 4.07396813E-11 
4.319168 	 0 	 2.34417392E-10 	 3.73041833E-11 
4.321160 	 0 	 2.24655937E-10 	 3.20941663E-11 
4.322980 	 0 	 2.05505819E-10 	 2.98402456E-11 
4.325205 	 0 	 2.55521701E-10 	 2.79095436E-11 
4.327112 	 0 	 2.72027845E-10 	 2.73588244E-11 
4.329078 	 0 	 2.64304874E-10 	 2.17745618E-11 
4.330119 	 0 	 1.72453166E-10 	 2.13075643E-11 
4.331189 	 0 	 2.78218094E-10 	 2.08513531E-11 
4.333242 	 0 	 4.08029301E-10 	 2.47870947E-11 
4.335151 	 0 	 3.97143533E-10 	 2.35613239E-11 
4.340042 	 0 	 4.10914285E-10 	 2.33396254E-11 
4.344877 	 0 	 3.62668572E-10 	 2.14401305E-11 
4.349976 	 0 	 3.46367820E-10 	 2.02561613E-11 
4.370053 	 0 	 2.86540619E-10 	 1.72734496E-11 
4.390148 	 0 	 2.89902871E-10 	 1.79399439E-11 
4.410025 	 0 	 3.03203477E-10 	 1.91282958E-11 
4.420244 	 0 	 3.37795975E-10 	 2.21724484E-11 
4.430182 	 0 	 3.21317138E-10 	 2.05743949E-11 
4.440043 	 0 	 2.75714213E-10 	 2.60316099E-11 
4.449945 	 0 	 3.02438897E-10 	 2.95508486E-11 
4.454988 	 0 	 1.86374697E-10 	 4.44428129E-11 
4.460121 	 0 	 1.86944570E-10 	 4.23175927E-11 
4.469957 	 0 	 2.43192254E-10 	 4.68901132E-11 
4.477981 	 0 	 2.56439435E-10 	 5.41727636E-11 
4.486129 	 0 	 4.01814120E-10 	 3.93371369E-11 
4.488189 	 0 	 4.46952837E-10 	 3.98176517E-11 
4.490073 	 0 	 4.26632104E-10 	 3.81149128E-11 
4.492223 	 0 	 4.81605884E-10 	 3.29119046E-11 
4.494992 	 0 	 5.38865093E-10 	 3.19985839E-11 
4.499972 	 0 	 5.11000662E-10 	 2.96007559E-11 
4.510205 	 0 	 5.97776936E-10 	 3.26358933E-11 
4.512183 	 0 	 6.11808879E-10 	 3.70388348E-11 
4.515076 	 0 	 5.55873438E-10 	 4.43934757E-11 
4.520067 	 0 	 4.17563994E-10 	 4.72288016E-11 
4.525238 	 0 	 3.61194024E-10 	 6.53457914E-11 
4.529406 	 0 	 3.53726309E-10 	 4.68983942E-11 
4.535056 	 0 	 8.47248482E-11 	 4.39896008E-11 
4.540236 	 0 	 1.96460267E-10 	 9.97735227E-11 
4.549804 	 0 	 3.28387129E-10 	 5.14134141E-11 
4.560183 	 0 	 1.07487013E-10 	 4.61210914E-11 
4.570129 	 0 	 1.27925876E-10 	 8.41135891E-11 
4.580025 	 0 	 1.88241032E-10 	 8.26106032E-11 
4.590082 	 0 	 2.64638487E-10 	 4.58565312E-11 
4.600268 	 0 	 3.74285677E-10 	 5.05684330E-11 
4.609989 	 0 	 2.48866056E-10 	 6.41785182E-11 
4.620227 	 0 	 2.74413002E-10 	 8.50703524E-11 
4.629939 	 0 	 2.27228678E-10 	 5.17653137E-11 
4.635173 	 0 	 3.53842659E-10 	 5.52026595E-11 
4.639960 	 0 	 9.34025942E-10 	 6.93201832E-11 
4.649962 	 0 	 9.08725941E-10 	 6.35654446E-11 
4.670119 	 0 	 6.89249915E-10 	 4.38267678E-11 
4.680153 	 0 	 6.62267600E-10 	 4.00147827E-11 
4.689928 	 0 	 6.00609681E-10 	 3.53130479E-11 
4.710020 	 0 	 6.49179510E-10 	 3.55057883E-11 
4.730004 	 0 	 7.09799785E-10 	 3.95417876E-11 
4.749999 	 0 	 8.85500041E-10 	 4.93258638E-11 
4.755179 	 0 	 1.19098776E-09 	 6.82294782E-11 
4.758876 	 0 	 1.33054736E-09 	 7.52123907E-11 
4.770038 	 0 	 1.61164925E-09 	 9.03544672E-11 
4.775016 	 0 	 1.56797084E-09 	 9.26767795E-11 
4.780179 	 0 	 1.43738674E-09 	 1.02643733E-10 
4.790118 	 0 	 2.85805720E-09 	 1.69276011E-10 
4.799915 	 0 	 5.88416766E-09 	 3.12144065E-10 
4.810027 	 0 	 5.52520683E-09 	 2.89846321E-10 
4.812160 	 0 	 3.74487507E-09 	 1.95316646E-10 
4.815270 	 0 	 2.45816046E-09 	 1.28367141E-10 
4.820058 	 0 	 1.22967979E-09 	 6.54015543E-11 
4.829886 	 0 	 7.76555696E-10 	 4.13631592E-11 
4.850030 	 0 	 7.68630895E-10 	 4.07205871E-11 
4.866293 	 0 	 8.20082145E-10 	 4.36102542E-11 
4.889892 	 0 	 9.12963187E-10 	 4.75208464E-11 
4.899914 	 0 	 9.55430622E-10 	 5.19894704E-11 
4.910130 	 0 	 9.75388061E-10 	 5.29074811E-11 
4.919957 	 0 	 9.31498317E-10 	 5.22553198E-11 
4.926154 	 0 	 9.41462789E-10 	 5.02872759E-11 
4.930195 	 0 	 9.95222027E-10 	 5.48704102E-11 
4.936923 	 0 	 9.87134575E-10 	 5.27598034E-11 
4.946745 	 0 	 8.86017676E-10 	 4.80603754E-11 
4.950269 	 0 	 9.46571466E-10 	 5.27734531E-11 
4.956763 	 0 	 9.18940921E-10 	 5.01674317E-11 
4.961869 	 0 	 8.97353407E-10 	 4.91488286E-11 
4.964748 	 0 	 9.05540587E-10 	 4.99017031E-11 
4.967875 	 0 	 8.94918385E-10 	 4.96306670E-11 
4.970043 	 0 	 1.06535206E-09 	 5.91768975E-11 
4.972800 	 0 	 9.78498619E-10 	 5.24354105E-11 
4.974629 	 0 	 9.33279171E-10 	 5.16007420E-11 
4.984706 	 0 	 9.72143344E-10 	 5.24191302E-11 
4.990074 	 0 	 1.18972929E-09 	 6.47046827E-11 
4.994669 	 0 	 1.06460173E-09 	 5.65279992E-11 
5.004642 	 0 	 1.07641829E-09 	 5.61409920E-11 
5.009990 	 0 	 1.22554820E-09 	 6.57940206E-11 
5.014843 	 0 	 1.24588556E-09 	 6.55690494E-11 
5.017737 	 0 	 1.29848012E-09 	 6.91754054E-11 
5.017861 	 0 	 1.25820907E-09 	 6.69371446E-11 
5.019822 	 0 	 1.42381663E-09 	 7.75295911E-11 
5.024805 	 0 	 2.47270410E-09 	 1.35005566E-10 
5.027826 	 0 	 3.60829543E-09 	 1.93479322E-10 
5.030101 	 0 	 3.80161308E-09 	 2.06774201E-10 
5.032781 	 0 	 3.34547698E-09 	 1.80643474E-10 
5.035899 	 0 	 3.38532062E-09 	 1.82424964E-10 
5.038706 	 0 	 3.22237246E-09 	 1.75658499E-10 
5.041981 	 0 	 3.04317105E-09 	 1.69741503E-10 
5.044789 	 0 	 2.79429075E-09 	 1.54934295E-10 
5.049971 	 0 	 2.46657797E-09 	 1.39090678E-10 
5.054843 	 0 	 1.49100232E-09 	 8.56902376E-11 
5.064876 	 0 	 2.76431303E-09 	 1.45270533E-10 
5.069912 	 0 	 3.20304426E-09 	 1.67672982E-10 
5.074481 	 0 	 2.64486521E-09 	 1.36745554E-10 
5.084189 	 0 	 2.49490542E-09 	 1.30088036E-10 
5.089986 	 0 	 2.52780373E-09 	 1.32320528E-10 
5.093717 	 0 	 3.80612458E-09 	 2.06831272E-10 
5.096760 	 0 	 5.27737129E-09 	 2.77239396E-10 
5.098893 	 0 	 5.05782759E-09 	 2.72383068E-10 
5.099991 	 0 	 5.20597091E-09 	 2.83767744E-10 
5.100431 	 0 	 5.18333032E-09 	 2.82315077E-10 
5.100713 	 0 	 5.02942891E-09 	 2.73734693E-10 
5.102879 	 0 	 1.03708635E-08 	 5.40604537E-10 
5.104856 	 0 	 1.14138385E-08 	 5.91272779E-10 
5.106897 	 0 	 1.08465296E-08 	 5.64545417E-10 
5.108781 	 0 	 1.04468703E-08 	 5.43037995E-10 
5.110037 	 0 	 1.09779329E-08 	 5.71102220E-10 
5.110750 	 0 	 1.01852628E-08 	 5.31276487E-10 
5.113839 	 0 	 9.80416006E-09 	 5.09721405E-10 
5.118804 	 0 	 8.25945904E-09 	 4.27990276E-10 
5.123773 	 0 	 6.15966580E-09 	 3.26783199E-10 
5.128523 	 0 	 3.66199412E-09 	 1.95613752E-10 
5.129939 	 0 	 4.11162417E-09 	 2.22820894E-10 
5.133811 	 0 	 1.85619615E-09 	 1.05780295E-10 
5.138881 	 0 	 1.45220345E-09 	 8.70483023E-11 
5.141653 	 0 	 1.43476295E-09 	 8.43812251E-11 
5.144741 	 0 	 1.43343324E-09 	 8.38756969E-11 
5.147988 	 0 	 1.26832432E-09 	 7.65304625E-11 
5.150006 	 0 	 1.34586271E-09 	 8.46893589E-11 
5.150983 	 0 	 1.26774257E-09 	 7.38359596E-11 
5.157040 	 0 	 1.28969457E-09 	 7.36860960E-11 
5.159375 	 0 	 1.46222372E-09 	 8.00196679E-11 
5.170048 	 0 	 1.66033781E-09 	 9.20366812E-11 
5.189844 	 0 	 1.77241289E-09 	 9.31628719E-11 
5.210028 	 0 	 2.03730901E-09 	 1.07201882E-10 
5.230028 	 0 	 2.42122555E-09 	 1.31510343E-10 
5.239501 	 0 	 2.58594268E-09 	 1.36113457E-10 
5.243064 	 0 	 3.00058489E-09 	 1.63966741E-10 
5.250129 	 0 	 3.28541470E-09 	 1.86264403E-10 
5.259940 	 0 	 4.32075581E-09 	 2.38966354E-10 
5.265040 	 0 	 4.89736076E-09 	 2.78760730E-10 
5.269983 	 0 	 5.98917869E-09 	 3.33466000E-10 
5.274960 	 0 	 8.27877538E-09 	 4.49796077E-10 
5.275024 	 0 	 8.16215317E-09 	 4.28116498E-10 
5.279812 	 0 	 1.42441025E-08 	 7.59804151E-10 
5.284953 	 0 	 1.88709990E-08 	 1.00042751E-09 
5.290161 	 0 	 2.59668717E-08 	 1.33406888E-09 
5.292942 	 0 	 2.99818667E-08 	 1.53732962E-09 
5.297674 	 0 	 3.02749953E-08 	 1.53606206E-09 
5.299721 	 0 	 2.72563288E-08 	 1.39098450E-09 
5.302376 	 0 	 3.08091328E-08 	 1.56965739E-09 
5.308233 	 0 	 2.49657942E-08 	 1.26375960E-09 
5.312876 	 0 	 1.94330366E-08 	 9.90250957E-10 
5.317521 	 0 	 1.42255816E-08 	 7.28982794E-10 
5.322809 	 0 	 1.07755091E-08 	 5.54952938E-10 
5.327683 	 0 	 8.29192995E-09 	 4.32151197E-10 
5.332880 	 0 	 6.48540776E-09 	 3.44241103E-10 
5.332912 	 0 	 7.00361258E-09 	 3.64496639E-10 
5.337469 	 0 	 6.63751645E-09 	 3.43115831E-10 
5.342735 	 0 	 5.99463998E-09 	 3.10619628E-10 
5.342928 	 0 	 6.33829734E-09 	 3.25738246E-10 
5.346943 	 0 	 5.24741733E-09 	 2.70929978E-10 
5.348261 	 0 	 5.76023209E-09 	 2.94819561E-10 
5.348582 	 0 	 5.12107166E-09 	 2.62330753E-10 
5.352053 	 0 	 5.08818522E-09 	 2.68507905E-10 
5.353596 	 0 	 5.41402217E-09 	 2.76134392E-10 
5.357905 	 0 	 5.45485122E-09 	 2.88711646E-10 
5.359835 	 0 	 5.02668639E-09 	 2.66798676E-10 
5.361894 	 0 	 5.11933830E-09 	 2.71426047E-10 
5.363857 	 0 	 5.02558226E-09 	 2.66214007E-10 
5.366045 	 0 	 4.82559234E-09 	 2.57082464E-10 
5.368041 	 0 	 4.80100468E-09 	 2.48617471E-10 
5.369651 	 0 	 4.66660956E-09 	 2.46885325E-10 
5.374804 	 0 	 4.42072109E-09 	 2.26229353E-10 
5.380088 	 0 	 3.89633078E-09 	 1.99365785E-10 
5.382924 	 0 	 3.81722524E-09 	 1.94436619E-10 
5.383343 	 0 	 4.00331262E-09 	 2.03229952E-10 
5.383859 	 0 	 3.82142805E-09 	 1.93726666E-10 
5.385955 	 0 	 3.65686526E-09 	 1.85189620E-10 
5.389858 	 0 	 3.51734127E-09 	 1.77477357E-10 
5.393084 	 0 	 3.98076701E-09 	 2.00986432E-10 
5.403415 	 0 	 3.97091295E-09 	 2.00454480E-10 
5.414078 	 0 	 4.16182051E-09 	 2.10311866E-10 
5.424364 	 0 	 4.25647885E-09 	 2.15239606E-10 
5.435405 	 0 	 4.24631611E-09 	 2.14001777E-10 
5.439261 	 0 	 4.58325371E-09 	 2.31337707E-10 
3.996021 	 15 	 4.04310880E-10 	 2.24096758E-11 
4.000967 	 15 	 3.95927175E-10 	 2.30703370E-11 
4.002940 	 15 	 3.50827501E-10 	 2.16667705E-11 
4.006972 	 15 	 3.20829677E-10 	 2.06438874E-11 
4.009086 	 15 	 3.33006307E-10 	 2.15454599E-11 
4.010032 	 15 	 3.47682341E-10 	 2.30633025E-11 
4.015070 	 15 	 3.10216214E-10 	 1.93132170E-11 
4.019108 	 15 	 2.98290951E-10 	 1.88098218E-11 
4.019916 	 15 	 2.40088994E-10 	 1.70598528E-11 
4.025044 	 15 	 1.42531217E-10 	 1.33490779E-11 
4.029979 	 15 	 1.04690878E-10 	 1.00889018E-11 
4.035141 	 15 	 6.95198006E-11 	 8.26742534E-12 
4.269958 	 15 	 2.37579208E-10 	 1.53017124E-11 
4.290051 	 15 	 4.31798878E-10 	 2.51763652E-11 
4.291116 	 15 	 6.30636204E-10 	 3.56323387E-11 
4.293189 	 15 	 5.81309264E-10 	 3.34612571E-11 
4.294196 	 15 	 5.70643413E-10 	 3.32810800E-11 
4.295147 	 15 	 5.67627335E-10 	 3.36958280E-11 
4.296155 	 15 	 5.56753548E-10 	 3.42022142E-11 
4.297220 	 15 	 6.02358623E-10 	 3.84777002E-11 
4.298084 	 15 	 6.76941029E-10 	 5.59208070E-11 
4.299093 	 15 	 7.13036914E-10 	 7.05862015E-11 
4.301052 	 15 	 7.63314042E-10 	 8.23772350E-11 
4.303098 	 15 	 8.52452205E-10 	 8.19766453E-11 
4.305231 	 15 	 7.07580846E-10 	 7.66174027E-11 
4.307250 	 15 	 7.41844761E-10 	 7.79109080E-11 
4.309297 	 15 	 6.98303595E-10 	 7.63489318E-11 
4.309961 	 15 	 7.72559369E-10 	 7.44313081E-11 
4.311172 	 15 	 7.28790810E-10 	 7.52573822E-11 
4.313106 	 15 	 5.90494206E-10 	 6.73993081E-11 
4.315126 	 15 	 6.47560143E-10 	 7.06911895E-11 
4.317204 	 15 	 4.98370355E-10 	 6.36327622E-11 
4.319168 	 15 	 4.47278687E-10 	 6.68074831E-11 
4.321160 	 15 	 5.37583001E-10 	 6.25087302E-11 
4.322980 	 15 	 3.99214346E-10 	 5.24305921E-11 
4.325205 	 15 	 4.15693206E-10 	 4.33081886E-11 
4.327112 	 15 	 3.88493747E-10 	 4.21115168E-11 
4.329078 	 15 	 3.73384792E-10 	 3.26158942E-11 
4.330119 	 15 	 3.63397849E-10 	 4.01714233E-11 
4.331189 	 15 	 3.27474187E-10 	 2.81254529E-11 
4.333242 	 15 	 3.77925071E-10 	 2.72411576E-11 
4.335151 	 15 	 3.96052707E-10 	 2.60501178E-11 
4.340042 	 15 	 3.71124421E-10 	 2.35962661E-11 
4.344877 	 15 	 3.27824845E-10 	 2.21811347E-11 
4.349976 	 15 	 3.25655778E-10 	 2.09866134E-11 
4.370053 	 15 	 2.72461635E-10 	 1.80193790E-11 
4.390148 	 15 	 2.71035794E-10 	 1.90226475E-11 
4.410025 	 15 	 2.43831261E-10 	 1.96055749E-11 
4.420244 	 15 	 3.01645979E-10 	 2.30165245E-11 
4.430182 	 15 	 3.10349503E-10 	 2.30776098E-11 
4.440043 	 15 	 2.84779861E-10 	 3.50258825E-11 
4.449945 	 15 	 2.68542407E-10 	 3.92861388E-11 
4.454988 	 15 	 1.56074514E-10 	 5.15489486E-11 
4.460121 	 15 	 1.30033229E-10 	 5.98071212E-11 
4.469957 	 15 	 1.74921652E-10 	 6.96418341E-11 
4.477981 	 15 	 2.20684679E-10 	 6.91467697E-11 
4.486129 	 15 	 3.32206041E-10 	 5.20415784E-11 
4.488189 	 15 	 3.37798450E-10 	 4.69457308E-11 
4.490073 	 15 	 3.91746958E-10 	 4.60257405E-11 
4.492223 	 15 	 4.14245093E-10 	 3.54556295E-11 
4.494992 	 15 	 4.64930910E-10 	 3.21277658E-11 
4.499972 	 15 	 4.99419849E-10 	 3.18435711E-11 
4.510205 	 15 	 5.18976039E-10 	 3.08371879E-11 
4.512183 	 15 	 5.85895851E-10 	 4.12760896E-11 
4.515076 	 15 	 5.67082813E-10 	 5.75566196E-11 
4.520067 	 15 	 4.16493052E-10 	 6.18931312E-11 
4.525238 	 15 	 3.89950703E-10 	 9.02696715E-11 
4.529406 	 15 	 4.55462811E-10 	 7.13402114E-11 
4.535056 	 15 	 2.30136574E-10 	 1.13184720E-10 
4.540236 	 15 	 2.51123905E-10 	 1.55158234E-10 
4.549804 	 15 	 4.00790351E-10 	 7.66682153E-11 
4.560183 	 15 	 1.33430106E-10 	 1.03932818E-10 
4.570129 	 15 	 1.27691245E-10 	 8.98638745E-11 
4.580025 	 15 	 2.05975032E-10 	 9.37294127E-11 
4.590082 	 15 	 3.09305495E-10 	 6.78729291E-11 
4.600268 	 15 	 6.28061335E-10 	 8.74397539E-11 
4.609989 	 15 	 1.77416409E-09 	 1.74434133E-10 
4.620227 	 15 	 1.49409601E-09 	 1.99395714E-10 
4.629939 	 15 	 1.40927012E-09 	 1.45151043E-10 
4.635173 	 15 	 7.88524062E-10 	 9.50426914E-11 
4.639960 	 15 	 1.03118160E-09 	 9.30227393E-11 
4.649962 	 15 	 1.12600976E-09 	 8.70658692E-11 
4.670119 	 15 	 1.15541175E-09 	 7.32180580E-11 
4.680153 	 15 	 8.72411025E-10 	 5.47360043E-11 
4.689928 	 15 	 6.81347218E-10 	 4.30179869E-11 
4.710020 	 15 	 6.35701388E-10 	 3.71715874E-11 
4.730004 	 15 	 6.87807070E-10 	 4.16067776E-11 
4.749999 	 15 	 1.02219510E-09 	 5.95686761E-11 
4.755179 	 15 	 1.73478641E-09 	 1.01697666E-10 
4.758876 	 15 	 1.86731329E-09 	 1.07879329E-10 
4.770038 	 15 	 1.88417295E-09 	 1.11194056E-10 
4.775016 	 15 	 1.67972649E-09 	 1.08016250E-10 
4.780179 	 15 	 1.35846896E-09 	 1.22157742E-10 
4.790118 	 15 	 2.50541599E-09 	 1.69624518E-10 
4.799915 	 15 	 5.40050652E-09 	 3.01964223E-10 
4.810027 	 15 	 4.90776382E-09 	 2.69889036E-10 
4.812160 	 15 	 3.26457676E-09 	 1.77486346E-10 
4.815270 	 15 	 2.03455050E-09 	 1.11923402E-10 
4.820058 	 15 	 1.00489735E-09 	 5.72220480E-11 
4.829886 	 15 	 7.11340998E-10 	 3.94922408E-11 
4.850030 	 15 	 6.75763306E-10 	 3.77573719E-11 
4.866293 	 15 	 7.23693276E-10 	 4.06871982E-11 
4.889892 	 15 	 7.82169728E-10 	 4.24465798E-11 
4.899914 	 15 	 8.58851091E-10 	 5.03694540E-11 
4.910130 	 15 	 8.87089181E-10 	 5.13200016E-11 
4.919957 	 15 	 8.91595745E-10 	 5.45602654E-11 
4.926154 	 15 	 8.73345244E-10 	 4.90901835E-11 
4.930195 	 15 	 9.17983726E-10 	 5.48674899E-11 
4.936923 	 15 	 8.49426551E-10 	 4.85783918E-11 
4.946745 	 15 	 8.53457616E-10 	 4.91445755E-11 
4.950269 	 15 	 9.05239034E-10 	 5.44209179E-11 
4.956763 	 15 	 8.36328617E-10 	 4.97739253E-11 
4.961869 	 15 	 8.94141409E-10 	 5.26586040E-11 
4.964748 	 15 	 8.78707471E-10 	 5.25377208E-11 
4.967875 	 15 	 8.94575955E-10 	 5.39846233E-11 
4.970043 	 15 	 9.83485964E-10 	 5.95191914E-11 
4.972800 	 15 	 9.08592693E-10 	 5.22840965E-11 
4.974629 	 15 	 9.16115989E-10 	 5.44318367E-11 
4.984706 	 15 	 9.40394765E-10 	 5.40230400E-11 
4.990074 	 15 	 1.03067167E-09 	 6.05632891E-11 
4.994669 	 15 	 9.91319220E-10 	 5.58946431E-11 
5.004642 	 15 	 9.93294420E-10 	 5.43992560E-11 
5.009990 	 15 	 1.12460543E-09 	 6.41478549E-11 
5.014843 	 15 	 1.20617659E-09 	 6.68180806E-11 
5.017737 	 15 	 1.30247549E-09 	 7.26753339E-11 
5.017861 	 15 	 1.25075007E-09 	 6.97583900E-11 
5.019822 	 15 	 1.54166035E-09 	 8.83031013E-11 
5.024805 	 15 	 2.55638672E-09 	 1.48095731E-10 
5.027826 	 15 	 3.69611912E-09 	 2.08095911E-10 
5.030101 	 15 	 3.53635151E-09 	 2.05591407E-10 
5.032781 	 15 	 3.40560563E-09 	 1.93719792E-10 
5.035899 	 15 	 3.25847403E-09 	 1.87106715E-10 
5.038706 	 15 	 3.30160851E-09 	 1.90731992E-10 
5.041981 	 15 	 3.19496467E-09 	 1.89962987E-10 
5.044789 	 15 	 2.98328964E-09 	 1.74815370E-10 
5.049971 	 15 	 2.26044093E-09 	 1.39656755E-10 
5.054843 	 15 	 1.48237079E-09 	 9.38764331E-11 
5.064876 	 15 	 2.99491895E-09 	 1.62238463E-10 
5.069912 	 15 	 2.82085799E-09 	 1.54721158E-10 
5.074481 	 15 	 2.92061654E-09 	 1.53960347E-10 
5.084189 	 15 	 2.46429034E-09 	 1.32839756E-10 
5.089986 	 15 	 2.40912872E-09 	 1.30919570E-10 
5.093717 	 15 	 4.32879803E-09 	 2.45484056E-10 
5.096760 	 15 	 5.73575039E-09 	 3.09936056E-10 
5.098893 	 15 	 5.36619945E-09 	 3.02940509E-10 
5.099991 	 15 	 5.71759202E-09 	 3.25142313E-10 
5.100431 	 15 	 5.54862988E-09 	 3.17205381E-10 
5.100713 	 15 	 5.46130313E-09 	 3.11859798E-10 
5.102879 	 15 	 1.03822129E-08 	 5.58377158E-10 
5.104856 	 15 	 1.13262226E-08 	 6.03081725E-10 
5.106897 	 15 	 1.05253337E-08 	 5.65038350E-10 
5.108781 	 15 	 1.01784812E-08 	 5.46070247E-10 
5.110037 	 15 	 1.00677453E-08 	 5.42672469E-10 
5.110750 	 15 	 9.76497809E-09 	 5.27371602E-10 
5.113839 	 15 	 9.05018275E-09 	 4.86940600E-10 
5.118804 	 15 	 7.75791034E-09 	 4.14259888E-10 
5.123773 	 15 	 5.64584752E-09 	 3.14106964E-10 
5.128523 	 15 	 3.25495895E-09 	 1.84569523E-10 
5.129939 	 15 	 3.44801612E-09 	 2.02064423E-10 
5.133811 	 15 	 1.80469416E-09 	 1.10750787E-10 
5.138881 	 15 	 1.45512318E-09 	 9.75112602E-11 
5.141653 	 15 	 1.46551483E-09 	 9.46625440E-11 
5.144741 	 15 	 1.37213386E-09 	 9.01140271E-11 
5.147988 	 15 	 1.39953152E-09 	 9.25165879E-11 
5.150006 	 15 	 1.44419779E-09 	 9.84874168E-11 
5.150983 	 15 	 1.43853984E-09 	 8.86680074E-11 
5.157040 	 15 	 1.50403674E-09 	 9.04121814E-11 
5.159375 	 15 	 1.58413469E-09 	 9.12113218E-11 
5.170048 	 15 	 1.61628162E-09 	 9.64387782E-11 
5.189844 	 15 	 1.76989632E-09 	 9.65578150E-11 
5.210028 	 15 	 2.25171607E-09 	 1.21794525E-10 
5.230028 	 15 	 2.94171522E-09 	 1.65351201E-10 
5.239501 	 15 	 3.90236848E-09 	 2.06551361E-10 
5.243064 	 15 	 4.21208726E-09 	 2.34646516E-10 
5.250129 	 15 	 5.37587953E-09 	 3.07694116E-10 
5.259940 	 15 	 7.07480123E-09 	 3.93352170E-10 
5.265040 	 15 	 7.59633557E-09 	 4.38346629E-10 
5.269983 	 15 	 8.58616889E-09 	 4.89518099E-10 
5.274960 	 15 	 1.11078394E-08 	 6.18349721E-10 
5.275024 	 15 	 1.12501005E-08 	 5.97320402E-10 
5.279812 	 15 	 1.64978548E-08 	 9.08756190E-10 
5.284953 	 15 	 2.01576018E-08 	 1.11124735E-09 
5.290161 	 15 	 2.62384647E-08 	 1.37427973E-09 
5.292942 	 15 	 3.26972499E-08 	 1.70287959E-09 
5.297674 	 15 	 3.01620884E-08 	 1.54862011E-09 
5.299721 	 15 	 3.07145642E-08 	 1.58594507E-09 
5.302376 	 15 	 2.94246624E-08 	 1.52409473E-09 
5.308233 	 15 	 2.39154117E-08 	 1.22360005E-09 
5.312876 	 15 	 1.81765198E-08 	 9.42427715E-10 
5.317521 	 15 	 1.32938941E-08 	 6.96311605E-10 
5.322809 	 15 	 9.62774099E-09 	 5.09788278E-10 
5.327683 	 15 	 7.06566012E-09 	 3.83871485E-10 
5.332880 	 15 	 5.94120383E-09 	 3.31644415E-10 
5.332912 	 15 	 5.71068654E-09 	 3.11282312E-10 
5.337469 	 15 	 5.29139877E-09 	 2.84895035E-10 
5.342735 	 15 	 5.23834294E-09 	 2.81873471E-10 
5.342928 	 15 	 5.00008475E-09 	 2.65821305E-10 
5.346943 	 15 	 4.68260349E-09 	 2.49001922E-10 
5.348261 	 15 	 4.49668553E-09 	 2.36554856E-10 
5.348582 	 15 	 4.56180790E-09 	 2.39002337E-10 
5.352053 	 15 	 4.51809567E-09 	 2.50247437E-10 
5.353596 	 15 	 4.27443310E-09 	 2.23416495E-10 
5.357905 	 15 	 4.86942845E-09 	 2.72132154E-10 
5.359835 	 15 	 4.73182861E-09 	 2.63972318E-10 
5.361894 	 15 	 4.71137784E-09 	 2.62092632E-10 
5.363857 	 15 	 4.64305579E-09 	 2.58096906E-10 
5.366045 	 15 	 4.54067844E-09 	 2.55543682E-10 
5.368041 	 15 	 4.47738950E-09 	 2.38936293E-10 
5.369651 	 15 	 4.47431700E-09 	 2.47011478E-10 
5.374804 	 15 	 4.07470494E-09 	 2.12649910E-10 
5.380088 	 15 	 3.51046975E-09 	 1.83420743E-10 
5.382924 	 15 	 3.35259242E-09 	 1.73870353E-10 
5.383343 	 15 	 3.42247135E-09 	 1.76456541E-10 
5.383859 	 15 	 3.35096506E-09 	 1.72259388E-10 
5.385955 	 15 	 3.25484531E-09 	 1.66818868E-10 
5.389858 	 15 	 3.24380157E-09 	 1.65013706E-10 
5.393084 	 15 	 3.31342178E-09 	 1.69116732E-10 
5.403415 	 15 	 3.39919712E-09 	 1.73379743E-10 
5.414078 	 15 	 3.47663264E-09 	 1.77813847E-10 
5.424364 	 15 	 3.42580442E-09 	 1.75536914E-10 
5.435405 	 15 	 3.69077474E-09 	 1.87531920E-10 
5.439261 	 15 	 3.81242001E-09 	 1.94426305E-10 
3.996021 	 30 	 4.27913384E-10 	 2.34837967E-11 
4.000967 	 30 	 3.95980992E-10 	 2.31663808E-11 
4.002940 	 30 	 3.72347648E-10 	 2.21920763E-11 
4.006972 	 30 	 3.48353162E-10 	 2.16939974E-11 
4.009086 	 30 	 3.35205095E-10 	 2.22204904E-11 
4.010032 	 30 	 3.28760419E-10 	 2.20173703E-11 
4.015070 	 30 	 3.20981773E-10 	 1.99625580E-11 
4.019108 	 30 	 2.71920594E-10 	 1.74466064E-11 
4.019916 	 30 	 2.30955310E-10 	 1.68012506E-11 
4.025044 	 30 	 1.56948898E-10 	 1.34650153E-11 
4.029979 	 30 	 9.53176776E-11 	 9.14358570E-12 
4.035141 	 30 	 6.72043094E-11 	 7.53028143E-12 
4.269958 	 30 	 3.01654356E-10 	 1.85973337E-11 
4.290051 	 30 	 5.27460853E-10 	 2.94236202E-11 
4.291116 	 30 	 7.07788327E-10 	 3.94696830E-11 
4.293189 	 30 	 6.49047293E-10 	 3.69740934E-11 
4.294196 	 30 	 7.06060364E-10 	 3.99981684E-11 
4.295147 	 30 	 6.90943256E-10 	 4.02426451E-11 
4.296155 	 30 	 6.96446994E-10 	 4.16006030E-11 
4.297220 	 30 	 7.40113350E-10 	 4.51087729E-11 
4.298084 	 30 	 1.09507848E-09 	 7.62526224E-11 
4.299093 	 30 	 1.38524774E-09 	 1.00805936E-10 
4.301052 	 30 	 1.75320798E-09 	 1.30768227E-10 
4.303098 	 30 	 1.77252442E-09 	 1.25684318E-10 
4.305231 	 30 	 1.58267874E-09 	 1.18755460E-10 
4.307250 	 30 	 1.46331442E-09 	 1.15777167E-10 
4.309297 	 30 	 1.58976478E-09 	 1.21544640E-10 
4.309961 	 30 	 1.54473238E-09 	 1.14349257E-10 
4.311172 	 30 	 1.56403108E-09 	 1.15908304E-10 
4.313106 	 30 	 1.49045230E-09 	 1.12077245E-10 
4.315126 	 30 	 1.32878475E-09 	 1.07831760E-10 
4.317204 	 30 	 1.32408334E-09 	 1.01798428E-10 
4.319168 	 30 	 1.20786601E-09 	 1.01233022E-10 
4.321160 	 30 	 1.13837255E-09 	 9.14065932E-11 
4.322980 	 30 	 1.03909961E-09 	 8.42937337E-11 
4.325205 	 30 	 8.46118474E-10 	 6.68084638E-11 
4.327112 	 30 	 7.56125881E-10 	 5.69802493E-11 
4.329078 	 30 	 6.32378733E-10 	 4.49728557E-11 
4.330119 	 30 	 7.30169099E-10 	 5.67307719E-11 
4.331189 	 30 	 5.10596440E-10 	 3.80444642E-11 
4.333242 	 30 	 4.91893674E-10 	 3.27573913E-11 
4.335151 	 30 	 4.69852841E-10 	 2.98781816E-11 
4.340042 	 30 	 4.13587934E-10 	 2.63966699E-11 
4.344877 	 30 	 3.88706047E-10 	 2.48257765E-11 
4.349976 	 30 	 3.67397682E-10 	 2.33001495E-11 
4.370053 	 30 	 2.76409607E-10 	 1.87209845E-11 
4.390148 	 30 	 3.02384422E-10 	 2.03766155E-11 
4.410025 	 30 	 3.42716913E-10 	 2.28264532E-11 
4.420244 	 30 	 3.46302887E-10 	 2.54592236E-11 
4.430182 	 30 	 3.43529431E-10 	 2.45713055E-11 
4.440043 	 30 	 2.82367685E-10 	 3.32240574E-11 
4.449945 	 30 	 2.80201690E-10 	 3.69791604E-11 
4.454988 	 30 	 2.04009834E-10 	 6.34015375E-11 
4.460121 	 30 	 2.18082303E-10 	 7.25422540E-11 
4.469957 	 30 	 1.94794602E-10 	 6.47748031E-11 
4.477981 	 30 	 3.64153842E-10 	 7.26779053E-11 
4.486129 	 30 	 4.07237161E-10 	 5.34163916E-11 
4.488189 	 30 	 4.45551452E-10 	 4.70791596E-11 
4.490073 	 30 	 4.54943668E-10 	 4.92100585E-11 
4.492223 	 30 	 4.99384708E-10 	 3.90990502E-11 
4.494992 	 30 	 5.38520248E-10 	 3.55943987E-11 
4.499972 	 30 	 5.80375810E-10 	 3.57530366E-11 
4.510205 	 30 	 6.31765061E-10 	 3.65644869E-11 
4.512183 	 30 	 7.50094105E-10 	 4.85321089E-11 
4.515076 	 30 	 7.95530719E-10 	 6.79197189E-11 
4.520067 	 30 	 7.26922890E-10 	 7.30308455E-11 
4.525238 	 30 	 5.46405639E-10 	 8.33942814E-11 
4.529406 	 30 	 7.58502968E-10 	 8.64049781E-11 
4.535056 	 30 	 5.72573644E-10 	 1.19671663E-10 
4.540236 	 30 	 4.33800515E-10 	 1.32765237E-10 
4.549804 	 30 	 5.12086459E-10 	 7.21833925E-11 
4.560183 	 30 	 1.45983090E-10 	 9.59602237E-11 
4.570129 	 30 	 1.71376795E-10 	 1.54476955E-10 
4.580025 	 30 	 2.39587588E-10 	 1.03561413E-10 
4.590082 	 30 	 5.35538607E-10 	 7.89039326E-11 
4.600268 	 30 	 1.64369370E-09 	 1.33591057E-10 
4.609989 	 30 	 4.71624911E-09 	 3.17139459E-10 
4.620227 	 30 	 5.11398053E-09 	 3.73643908E-10 
4.629939 	 30 	 4.03469643E-09 	 2.76101274E-10 
4.635173 	 30 	 2.07596281E-09 	 1.54957168E-10 
4.639960 	 30 	 1.72547752E-09 	 1.21175176E-10 
4.649962 	 30 	 2.11135276E-09 	 1.35162697E-10 
4.670119 	 30 	 2.06568929E-09 	 1.18732817E-10 
4.680153 	 30 	 1.41061867E-09 	 8.10508012E-11 
4.689928 	 30 	 1.02409584E-09 	 5.95202149E-11 
4.710020 	 30 	 8.74099819E-10 	 4.85872372E-11 
4.730004 	 30 	 9.66059321E-10 	 5.49664254E-11 
4.749999 	 30 	 1.55662915E-09 	 8.60620425E-11 
4.755179 	 30 	 3.26409132E-09 	 1.77441007E-10 
4.758876 	 30 	 3.28274875E-09 	 1.78777380E-10 
4.770038 	 30 	 3.14257195E-09 	 1.74148346E-10 
4.775016 	 30 	 2.48744577E-09 	 1.48148141E-10 
4.780179 	 30 	 1.77834868E-09 	 1.39717547E-10 
4.790118 	 30 	 2.75300209E-09 	 1.83447177E-10 
4.799915 	 30 	 5.93403674E-09 	 3.28857723E-10 
4.810027 	 30 	 5.13639890E-09 	 2.81481793E-10 
4.812160 	 30 	 3.40588222E-09 	 1.84478570E-10 
4.815270 	 30 	 2.09992078E-09 	 1.14677935E-10 
4.820058 	 30 	 1.00148184E-09 	 5.69539847E-11 
4.829886 	 30 	 7.05736670E-10 	 3.93696108E-11 
4.850030 	 30 	 7.36413874E-10 	 4.04422819E-11 
4.866293 	 30 	 7.92946935E-10 	 4.36587246E-11 
4.889892 	 30 	 8.65481021E-10 	 4.63911292E-11 
4.899914 	 30 	 9.13738305E-10 	 5.35601613E-11 
4.910130 	 30 	 9.63722309E-10 	 5.48462411E-11 
4.919957 	 30 	 9.17135777E-10 	 5.60849594E-11 
4.926154 	 30 	 9.55677656E-10 	 5.37314136E-11 
4.930195 	 30 	 1.01791470E-09 	 5.92581956E-11 
4.936923 	 30 	 9.98936705E-10 	 5.60848453E-11 
4.946745 	 30 	 1.01664474E-09 	 5.73743825E-11 
4.950269 	 30 	 1.09328123E-09 	 6.36938291E-11 
4.956763 	 30 	 1.01409249E-09 	 5.80348725E-11 
4.961869 	 30 	 1.10736878E-09 	 6.25457233E-11 
4.964748 	 30 	 1.05148071E-09 	 6.07122080E-11 
4.967875 	 30 	 1.13509946E-09 	 6.47227602E-11 
4.970043 	 30 	 1.17698152E-09 	 6.97009598E-11 
4.972800 	 30 	 1.10266556E-09 	 6.14831415E-11 
4.974629 	 30 	 1.15986612E-09 	 6.58776312E-11 
4.984706 	 30 	 1.13171877E-09 	 6.34656960E-11 
4.990074 	 30 	 1.25908782E-09 	 7.18085418E-11 
4.994669 	 30 	 1.20625831E-09 	 6.60100525E-11 
5.004642 	 30 	 1.25572831E-09 	 6.69307474E-11 
5.009990 	 30 	 1.34553017E-09 	 7.50348059E-11 
5.014843 	 30 	 1.43036405E-09 	 7.73167869E-11 
5.017737 	 30 	 1.61902084E-09 	 8.79020605E-11 
5.017861 	 30 	 1.59581374E-09 	 8.66657195E-11 
5.019822 	 30 	 1.96705157E-09 	 1.08694978E-10 
5.024805 	 30 	 3.00198471E-09 	 1.70792683E-10 
5.027826 	 30 	 4.18612972E-09 	 2.32049226E-10 
5.030101 	 30 	 4.13071339E-09 	 2.34479070E-10 
5.032781 	 30 	 3.91334382E-09 	 2.19717895E-10 
5.035899 	 30 	 3.74052076E-09 	 2.11104642E-10 
5.038706 	 30 	 3.73355150E-09 	 2.11991509E-10 
5.041981 	 30 	 3.53843640E-09 	 2.07563082E-10 
5.044789 	 30 	 3.22660609E-09 	 1.87961444E-10 
5.049971 	 30 	 2.47004941E-09 	 1.51774423E-10 
5.054843 	 30 	 1.74584477E-09 	 1.06642913E-10 
5.064876 	 30 	 3.46221033E-09 	 1.85683291E-10 
5.069912 	 30 	 3.45037076E-09 	 1.86269477E-10 
5.074481 	 30 	 3.52383698E-09 	 1.83801678E-10 
5.084189 	 30 	 3.20943990E-09 	 1.69887214E-10 
5.089986 	 30 	 3.29880198E-09 	 1.75086780E-10 
5.093717 	 30 	 6.17185093E-09 	 3.36478304E-10 
5.096760 	 30 	 7.80741093E-09 	 4.13524648E-10 
5.098893 	 30 	 7.57423479E-09 	 4.12062349E-10 
5.099991 	 30 	 7.77669108E-09 	 4.29029276E-10 
5.100431 	 30 	 7.62411903E-09 	 4.19808814E-10 
5.100713 	 30 	 7.61941400E-09 	 4.18860796E-10 
5.102879 	 30 	 1.24683365E-08 	 6.61417754E-10 
5.104856 	 30 	 1.30480673E-08 	 6.88462247E-10 
5.106897 	 30 	 1.23775567E-08 	 6.57996217E-10 
5.108781 	 30 	 1.19953564E-08 	 6.36205023E-10 
5.110037 	 30 	 1.20065570E-08 	 6.39585172E-10 
5.110750 	 30 	 1.13976946E-08 	 6.08709994E-10 
5.113839 	 30 	 1.04825878E-08 	 5.58767740E-10 
5.118804 	 30 	 8.54873613E-09 	 4.53488178E-10 
5.123773 	 30 	 5.95733753E-09 	 3.29109666E-10 
5.128523 	 30 	 3.37592953E-09 	 1.91007148E-10 
5.129939 	 30 	 3.57944447E-09 	 2.08552686E-10 
5.133811 	 30 	 1.88375490E-09 	 1.15934950E-10 
5.138881 	 30 	 1.63886779E-09 	 1.04976682E-10 
5.141653 	 30 	 1.77204223E-09 	 1.08974653E-10 
5.144741 	 30 	 1.71662309E-09 	 1.06879536E-10 
5.147988 	 30 	 1.83707700E-09 	 1.13353575E-10 
5.150006 	 30 	 1.94351861E-09 	 1.23457933E-10 
5.150983 	 30 	 1.88375205E-09 	 1.11880348E-10 
5.157040 	 30 	 2.01889279E-09 	 1.16841364E-10 
5.159375 	 30 	 2.12585500E-09 	 1.18077275E-10 
5.170048 	 30 	 2.20640398E-09 	 1.24989415E-10 
5.189844 	 30 	 2.59241436E-09 	 1.37087335E-10 
5.210028 	 30 	 3.40965800E-09 	 1.79691090E-10 
5.230028 	 30 	 4.98541048E-09 	 2.66655359E-10 
5.239501 	 30 	 7.16453704E-09 	 3.69434196E-10 
5.243064 	 30 	 7.70251817E-09 	 4.08557935E-10 
5.250129 	 30 	 1.08296259E-08 	 5.78798989E-10 
5.259940 	 30 	 1.43013696E-08 	 7.54109998E-10 
5.265040 	 30 	 1.46316469E-08 	 7.88279139E-10 
5.269983 	 30 	 1.59302181E-08 	 8.55158681E-10 
5.274960 	 30 	 1.84202720E-08 	 9.84186099E-10 
5.275024 	 30 	 1.87176306E-08 	 9.70440432E-10 
5.279812 	 30 	 2.46150062E-08 	 1.31321545E-09 
5.284953 	 30 	 2.95013263E-08 	 1.57713598E-09 
5.290161 	 30 	 3.76623865E-08 	 1.94659484E-09 
5.292942 	 30 	 4.37356288E-08 	 2.25470316E-09 
5.297674 	 30 	 4.22283862E-08 	 2.15141139E-09 
5.299721 	 30 	 4.17917139E-08 	 2.13977273E-09 
5.302376 	 30 	 4.03708213E-08 	 2.07043215E-09 
5.308233 	 30 	 3.20114666E-08 	 1.62818422E-09 
5.312876 	 30 	 2.39198763E-08 	 1.22926028E-09 
5.317521 	 30 	 1.67710577E-08 	 8.70379142E-10 
5.322809 	 30 	 1.12608886E-08 	 5.91650202E-10 
5.327683 	 30 	 7.78697646E-09 	 4.21195368E-10 
5.332880 	 30 	 5.90197869E-09 	 3.30752457E-10 
5.332912 	 30 	 5.82569725E-09 	 3.17200854E-10 
5.337469 	 30 	 5.12294582E-09 	 2.76227630E-10 
5.342735 	 30 	 4.71569730E-09 	 2.55663432E-10 
5.342928 	 30 	 4.66414285E-09 	 2.48910467E-10 
5.346943 	 30 	 4.23088591E-09 	 2.26718767E-10 
5.348261 	 30 	 4.04547355E-09 	 2.14114262E-10 
5.348582 	 30 	 4.04079441E-09 	 2.13286899E-10 
5.352053 	 30 	 4.29704628E-09 	 2.38933289E-10 
5.353596 	 30 	 3.97283834E-09 	 2.07992559E-10 
5.357905 	 30 	 5.23229064E-09 	 2.89606521E-10 
5.359835 	 30 	 5.06999781E-09 	 2.79656797E-10 
5.361894 	 30 	 4.96929858E-09 	 2.75117041E-10 
5.363857 	 30 	 5.04586005E-09 	 2.78667739E-10 
5.366045 	 30 	 4.97107257E-09 	 2.76614757E-10 
5.368041 	 30 	 4.90983338E-09 	 2.60388417E-10 
5.369651 	 30 	 4.87276412E-09 	 2.67585825E-10 
5.374804 	 30 	 4.29516276E-09 	 2.23971308E-10 
5.380088 	 30 	 3.58514372E-09 	 1.87604078E-10 
5.382924 	 30 	 3.42420884E-09 	 1.77410823E-10 
5.383343 	 30 	 3.59721776E-09 	 1.85231553E-10 
5.383859 	 30 	 3.39995021E-09 	 1.74755559E-10 
5.385955 	 30 	 3.32150667E-09 	 1.70234903E-10 
5.389858 	 30 	 3.32408623E-09 	 1.69046617E-10 
5.393084 	 30 	 3.25724796E-09 	 1.66313283E-10 
5.403415 	 30 	 3.38364621E-09 	 1.72477355E-10 
5.414078 	 30 	 3.39054355E-09 	 1.73419229E-10 
5.424364 	 30 	 3.39865202E-09 	 1.74459689E-10 
5.435405 	 30 	 3.63948733E-09 	 1.84972550E-10 
5.439261 	 30 	 3.84829079E-09 	 1.96290064E-10 
3.996021 	 45 	 4.37382506E-10 	 2.40261714E-11 
4.000967 	 45 	 4.06967359E-10 	 2.36851461E-11 
4.002940 	 45 	 3.86273076E-10 	 2.29427688E-11 
4.006972 	 45 	 3.36131246E-10 	 2.11055261E-11 
4.009086 	 45 	 3.48172391E-10 	 2.27074450E-11 
4.010032 	 45 	 3.44662539E-10 	 2.27721898E-11 
4.015070 	 45 	 3.32212108E-10 	 2.05991319E-11 
4.019108 	 45 	 2.86149771E-10 	 1.79662178E-11 
4.019916 	 45 	 2.09500426E-10 	 1.56785858E-11 
4.025044 	 45 	 1.61215964E-10 	 1.36356914E-11 
4.029979 	 45 	 8.39254032E-11 	 8.57151734E-12 
4.035141 	 45 	 6.59164070E-11 	 8.02635438E-12 
4.269958 	 45 	 3.88058813E-10 	 2.24384689E-11 
4.290051 	 45 	 5.44782071E-10 	 3.07775866E-11 
4.291116 	 45 	 7.41124019E-10 	 4.17697198E-11 
4.293189 	 45 	 7.07015404E-10 	 3.97095551E-11 
4.294196 	 45 	 7.30215856E-10 	 4.16422682E-11 
4.295147 	 45 	 7.35092517E-10 	 4.26846460E-11 
4.296155 	 45 	 7.44980821E-10 	 4.42514256E-11 
4.297220 	 45 	 8.24079356E-10 	 4.99689104E-11 
4.298084 	 45 	 1.36107422E-09 	 9.11405298E-11 
4.299093 	 45 	 1.68021417E-09 	 1.15434448E-10 
4.301052 	 45 	 2.14663391E-09 	 1.50306260E-10 
4.303098 	 45 	 2.27321251E-09 	 1.50648528E-10 
4.305231 	 45 	 2.06583183E-09 	 1.44100675E-10 
4.307250 	 45 	 2.09262780E-09 	 1.46908454E-10 
4.309297 	 45 	 2.02643274E-09 	 1.44749428E-10 
4.309961 	 45 	 2.02284883E-09 	 1.40485288E-10 
4.311172 	 45 	 1.93791552E-09 	 1.35345911E-10 
4.313106 	 45 	 1.81516270E-09 	 1.30826380E-10 
4.315126 	 45 	 1.86791676E-09 	 1.36165069E-10 
4.317204 	 45 	 1.76159355E-09 	 1.26215926E-10 
4.319168 	 45 	 1.57499948E-09 	 1.20174459E-10 
4.321160 	 45 	 1.56812363E-09 	 1.15446423E-10 
4.322980 	 45 	 1.29037988E-09 	 9.68762626E-11 
4.325205 	 45 	 1.20504860E-09 	 8.55579914E-11 
4.327112 	 45 	 9.32448664E-10 	 6.58929339E-11 
4.329078 	 45 	 7.65132290E-10 	 5.26391213E-11 
4.330119 	 45 	 9.09388197E-10 	 6.73132445E-11 
4.331189 	 45 	 5.65768849E-10 	 4.15687336E-11 
4.333242 	 45 	 5.58562421E-10 	 3.69090715E-11 
4.335151 	 45 	 5.29001873E-10 	 3.36093814E-11 
4.340042 	 45 	 4.45028337E-10 	 2.81192774E-11 
4.344877 	 45 	 4.02837176E-10 	 2.65929768E-11 
4.349976 	 45 	 4.14041620E-10 	 2.52892632E-11 
4.370053 	 45 	 3.04188977E-10 	 2.07993321E-11 
4.390148 	 45 	 3.18365478E-10 	 2.14125308E-11 
4.410025 	 45 	 3.51304690E-10 	 2.34686126E-11 
4.420244 	 45 	 3.46589632E-10 	 2.58307372E-11 
4.430182 	 45 	 3.69548998E-10 	 2.70005398E-11 
4.440043 	 45 	 3.23089268E-10 	 3.66984266E-11 
4.449945 	 45 	 3.72332654E-10 	 4.27809552E-11 
4.454988 	 45 	 2.19806382E-10 	 6.57127092E-11 
4.460121 	 45 	 2.15023290E-10 	 9.52649396E-11 
4.469957 	 45 	 2.00572477E-10 	 7.48426289E-11 
4.477981 	 45 	 3.99847374E-10 	 7.60717864E-11 
4.486129 	 45 	 4.55024252E-10 	 5.36458951E-11 
4.488189 	 45 	 5.03924490E-10 	 5.21144018E-11 
4.490073 	 45 	 4.84240770E-10 	 5.41252398E-11 
4.492223 	 45 	 5.22132121E-10 	 4.21958901E-11 
4.494992 	 45 	 5.88442385E-10 	 3.85978667E-11 
4.499972 	 45 	 6.08338089E-10 	 3.74491256E-11 
4.510205 	 45 	 6.96651899E-10 	 3.97888937E-11 
4.512183 	 45 	 8.41103930E-10 	 5.36070762E-11 
4.515076 	 45 	 9.15732685E-10 	 7.54676013E-11 
4.520067 	 45 	 7.92595406E-10 	 7.97193371E-11 
4.525238 	 45 	 8.06498617E-10 	 1.10675453E-10 
4.529406 	 45 	 8.40530077E-10 	 9.31321046E-11 
4.535056 	 45 	 7.53528011E-10 	 1.20429379E-10 
4.540236 	 45 	 5.63208231E-10 	 1.64625965E-10 
4.549804 	 45 	 6.39013854E-10 	 8.17568284E-11 
4.560183 	 45 	 2.07564766E-10 	 9.86289228E-11 
4.570129 	 45 	 1.73198870E-10 	 9.02100182E-11 
4.580025 	 45 	 2.33479953E-10 	 9.45162027E-11 
4.590082 	 45 	 6.68527382E-10 	 8.66960130E-11 
4.600268 	 45 	 2.09649635E-09 	 1.61387681E-10 
4.609989 	 45 	 6.17775444E-09 	 3.95941607E-10 
4.620227 	 45 	 7.20143431E-09 	 4.86800990E-10 
4.629939 	 45 	 5.53237973E-09 	 3.52634451E-10 
4.635173 	 45 	 2.64190698E-09 	 1.88483652E-10 
4.639960 	 45 	 2.24525515E-09 	 1.47767781E-10 
4.649962 	 45 	 2.60329361E-09 	 1.59800823E-10 
4.670119 	 45 	 2.73192324E-09 	 1.52154072E-10 
4.680153 	 45 	 1.73646512E-09 	 9.78456244E-11 
4.689928 	 45 	 1.23251506E-09 	 7.04408831E-11 
4.710020 	 45 	 9.79070186E-10 	 5.41066270E-11 
4.730004 	 45 	 1.10204019E-09 	 6.21622690E-11 
4.749999 	 45 	 1.84064121E-09 	 1.00707648E-10 
4.755179 	 45 	 4.11096890E-09 	 2.20287060E-10 
4.758876 	 45 	 4.18139572E-09 	 2.24089136E-10 
4.770038 	 45 	 3.81760766E-09 	 2.08167363E-10 
4.775016 	 45 	 2.92746956E-09 	 1.70640532E-10 
4.780179 	 45 	 1.97471457E-09 	 1.51172837E-10 
4.790118 	 45 	 2.77847053E-09 	 1.85485080E-10 
4.799915 	 45 	 5.78732938E-09 	 3.22442996E-10 
4.810027 	 45 	 5.04621441E-09 	 2.78351376E-10 
4.812160 	 45 	 3.42872782E-09 	 1.86499452E-10 
4.815270 	 45 	 2.04553966E-09 	 1.12795430E-10 
4.820058 	 45 	 9.77581410E-10 	 5.59095951E-11 
4.829886 	 45 	 6.96247084E-10 	 3.92913299E-11 
4.850030 	 45 	 7.12420276E-10 	 3.95564247E-11 
4.866293 	 45 	 7.99155906E-10 	 4.45885939E-11 
4.889892 	 45 	 9.01921297E-10 	 4.84841694E-11 
4.899914 	 45 	 9.44081918E-10 	 5.52166855E-11 
4.910130 	 45 	 9.85013888E-10 	 5.62903917E-11 
4.919957 	 45 	 9.63383135E-10 	 5.89770892E-11 
4.926154 	 45 	 1.03384349E-09 	 5.71298392E-11 
4.930195 	 45 	 1.11678060E-09 	 6.45000978E-11 
4.936923 	 45 	 1.05175901E-09 	 5.88468507E-11 
4.946745 	 45 	 1.11769270E-09 	 6.23318376E-11 
4.950269 	 45 	 1.19414782E-09 	 6.87775370E-11 
4.956763 	 45 	 1.08791428E-09 	 6.19311430E-11 
4.961869 	 45 	 1.12886634E-09 	 6.38096339E-11 
4.964748 	 45 	 1.17576676E-09 	 6.68992994E-11 
4.967875 	 45 	 1.19171157E-09 	 6.83122607E-11 
4.970043 	 45 	 1.28030204E-09 	 7.44568147E-11 
4.972800 	 45 	 1.20781937E-09 	 6.67973809E-11 
4.974629 	 45 	 1.23532627E-09 	 7.05393461E-11 
4.984706 	 45 	 1.22900989E-09 	 6.85665769E-11 
4.990074 	 45 	 1.31523459E-09 	 7.52525502E-11 
4.994669 	 45 	 1.27804868E-09 	 6.98615190E-11 
5.004642 	 45 	 1.29602042E-09 	 6.90417368E-11 
5.009990 	 45 	 1.40210620E-09 	 7.83134221E-11 
5.014843 	 45 	 1.53215554E-09 	 8.24718220E-11 
5.017737 	 45 	 1.69209432E-09 	 9.21536204E-11 
5.017861 	 45 	 1.69142396E-09 	 9.17013392E-11 
5.019822 	 45 	 2.13357134E-09 	 1.18019149E-10 
5.024805 	 45 	 3.22085145E-09 	 1.82030266E-10 
5.027826 	 45 	 4.33742038E-09 	 2.40813814E-10 
5.030101 	 45 	 4.33439825E-09 	 2.46536458E-10 
5.032781 	 45 	 4.24313747E-09 	 2.37032624E-10 
5.035899 	 45 	 4.05075729E-09 	 2.27524027E-10 
5.038706 	 45 	 3.96850216E-09 	 2.24400367E-10 
5.041981 	 45 	 3.76335288E-09 	 2.20531088E-10 
5.044789 	 45 	 3.29592428E-09 	 1.92949004E-10 
5.049971 	 45 	 2.46014266E-09 	 1.51311405E-10 
5.054843 	 45 	 1.86703288E-09 	 1.13518133E-10 
5.064876 	 45 	 3.76219977E-09 	 2.00791977E-10 
5.069912 	 45 	 3.54340791E-09 	 1.91388476E-10 
5.074481 	 45 	 3.76499518E-09 	 1.96344514E-10 
5.084189 	 45 	 3.58667646E-09 	 1.88754717E-10 
5.089986 	 45 	 3.68204416E-09 	 1.94710727E-10 
5.093717 	 45 	 6.88371095E-09 	 3.74145194E-10 
5.096760 	 45 	 8.90692427E-09 	 4.69813672E-10 
5.098893 	 45 	 8.62737748E-09 	 4.66678707E-10 
5.099991 	 45 	 8.90982601E-09 	 4.87227510E-10 
5.100431 	 45 	 8.40952857E-09 	 4.61797091E-10 
5.100713 	 45 	 8.58277235E-09 	 4.68210752E-10 
5.102879 	 45 	 1.34471569E-08 	 7.12780935E-10 
5.104856 	 45 	 1.38355609E-08 	 7.29755956E-10 
5.106897 	 45 	 1.29759564E-08 	 6.89748517E-10 
5.108781 	 45 	 1.25019911E-08 	 6.63861391E-10 
5.110037 	 45 	 1.27323808E-08 	 6.77722621E-10 
5.110750 	 45 	 1.15327747E-08 	 6.18473986E-10 
5.113839 	 45 	 1.09708452E-08 	 5.84764856E-10 
5.118804 	 45 	 8.69546077E-09 	 4.62635319E-10 
5.123773 	 45 	 5.91399766E-09 	 3.29424335E-10 
5.128523 	 45 	 3.23083498E-09 	 1.84698964E-10 
5.129939 	 45 	 3.50295391E-09 	 2.06406040E-10 
5.133811 	 45 	 1.88461854E-09 	 1.16964818E-10 
5.138881 	 45 	 1.68983670E-09 	 1.09566091E-10 
5.141653 	 45 	 1.88703194E-09 	 1.16600221E-10 
5.144741 	 45 	 1.92957731E-09 	 1.17700919E-10 
5.147988 	 45 	 2.01997098E-09 	 1.24720609E-10 
5.150006 	 45 	 2.17260938E-09 	 1.37486283E-10 
5.150983 	 45 	 2.25224264E-09 	 1.30789151E-10 
5.157040 	 45 	 2.28507086E-09 	 1.30355933E-10 
5.159375 	 45 	 2.49258354E-09 	 1.36882285E-10 
5.170048 	 45 	 2.47351857E-09 	 1.39625332E-10 
5.189844 	 45 	 2.84243871E-09 	 1.50133650E-10 
5.210028 	 45 	 3.87698274E-09 	 2.03503876E-10 
5.230028 	 45 	 5.95719510E-09 	 3.16063280E-10 
5.239501 	 45 	 8.82453536E-09 	 4.53007553E-10 
5.243064 	 45 	 9.66726732E-09 	 5.07892761E-10 
5.250129 	 45 	 1.39272781E-08 	 7.34888376E-10 
5.259940 	 45 	 1.78617308E-08 	 9.34825563E-10 
5.265040 	 45 	 1.89876263E-08 	 1.00845117E-09 
5.269983 	 45 	 1.99978128E-08 	 1.06031392E-09 
5.274960 	 45 	 2.19760768E-08 	 1.16493674E-09 
5.275024 	 45 	 2.26163256E-08 	 1.16755037E-09 
5.279812 	 45 	 2.89470125E-08 	 1.53396406E-09 
5.284953 	 45 	 3.36191880E-08 	 1.78618703E-09 
5.290161 	 45 	 4.24916865E-08 	 2.19089692E-09 
5.292942 	 45 	 4.99015660E-08 	 2.56627012E-09 
5.297674 	 45 	 4.72305149E-08 	 2.40344293E-09 
5.299721 	 45 	 4.68391919E-08 	 2.39446291E-09 
5.302376 	 45 	 4.45499831E-08 	 2.28219936E-09 
5.308233 	 45 	 3.51451771E-08 	 1.78617255E-09 
5.312876 	 45 	 2.57514332E-08 	 1.32251822E-09 
5.317521 	 45 	 1.77654950E-08 	 9.21106486E-10 
5.322809 	 45 	 1.15528359E-08 	 6.07960950E-10 
5.327683 	 45 	 7.74627946E-09 	 4.19255276E-10 
5.332880 	 45 	 5.68912212E-09 	 3.21002789E-10 
5.332912 	 45 	 5.55017784E-09 	 3.04421618E-10 
5.337469 	 45 	 4.75049396E-09 	 2.58625208E-10 
5.342735 	 45 	 4.29817223E-09 	 2.36093447E-10 
5.342928 	 45 	 4.17447681E-09 	 2.25701240E-10 
5.346943 	 45 	 3.66907115E-09 	 1.99920856E-10 
5.348261 	 45 	 3.53797568E-09 	 1.89483119E-10 
5.348582 	 45 	 3.54557354E-09 	 1.89087802E-10 
5.352053 	 45 	 3.84905997E-09 	 2.18561964E-10 
5.353596 	 45 	 3.58847195E-09 	 1.89121287E-10 
5.357905 	 45 	 5.18803396E-09 	 2.88524956E-10 
5.359835 	 45 	 5.08164616E-09 	 2.81919246E-10 
5.361894 	 45 	 5.04556861E-09 	 2.80144354E-10 
5.363857 	 45 	 5.03294656E-09 	 2.79253984E-10 
5.366045 	 45 	 5.07397773E-09 	 2.82619813E-10 
5.368041 	 45 	 5.04693871E-09 	 2.67962255E-10 
5.369651 	 45 	 5.04735253E-09 	 2.75968066E-10 
5.374804 	 45 	 4.38242919E-09 	 2.28992717E-10 
5.380088 	 45 	 3.52883076E-09 	 1.85197679E-10 
5.382924 	 45 	 3.35475747E-09 	 1.74525717E-10 
5.383343 	 45 	 3.51576735E-09 	 1.81543288E-10 
5.383859 	 45 	 3.34487074E-09 	 1.72332358E-10 
5.385955 	 45 	 3.29677166E-09 	 1.69272914E-10 
5.389858 	 45 	 3.22031815E-09 	 1.64106523E-10 
5.393084 	 45 	 3.16337288E-09 	 1.61947459E-10 
5.403415 	 45 	 3.35970463E-09 	 1.71588759E-10 
5.414078 	 45 	 3.37216654E-09 	 1.72790486E-10 
5.424364 	 45 	 3.24033130E-09 	 1.66711657E-10 
5.435405 	 45 	 3.52736156E-09 	 1.79605538E-10 
5.439261 	 45 	 3.74043680E-09 	 1.91183333E-10 
3.996021 	 90 	 1.81450528E-10 	 1.23790561E-11 
4.000967 	 90 	 1.50333088E-10 	 1.37326903E-11 
4.002940 	 90 	 1.48676812E-10 	 1.41696851E-11 
4.006972 	 90 	 1.31626349E-10 	 1.38177192E-11 
4.009086 	 90 	 1.34528952E-10 	 1.61977043E-11 
4.010032 	 90 	 1.17762965E-10 	 1.42963075E-11 
4.015070 	 90 	 1.38915526E-10 	 1.39473029E-11 
4.019108 	 90 	 1.13143863E-10 	 1.19216179E-11 
4.019916 	 90 	 9.14401412E-11 	 1.40527754E-11 
4.025044 	 90 	 7.20364222E-11 	 1.17808364E-11 
4.029979 	 90 	 4.06736452E-11 	 8.26123152E-12 
4.035141 	 90 	 3.53935303E-11 	 7.75543423E-12 
4.269958 	 90 	 1.49185446E-10 	 1.19839791E-11 
4.290051 	 90 	 2.41508501E-10 	 1.69399052E-11 
4.291116 	 90 	 3.21860757E-10 	 2.28898447E-11 
4.293189 	 90 	 3.06483118E-10 	 2.29937822E-11 
4.294196 	 90 	 2.66696604E-10 	 2.40391084E-11 
4.295147 	 90 	 2.66002971E-10 	 2.35729149E-11 
4.296155 	 90 	 2.69795126E-10 	 2.56937284E-11 
4.297220 	 90 	 2.59615505E-10 	 3.03681216E-11 
4.298084 	 90 	 1.58159920E-10 	 3.63616356E-11 
4.299093 	 90 	 1.54636151E-10 	 5.82655560E-11 
4.301052 	 90 	 1.18491005E-10 	 5.55857392E-11 
4.303098 	 90 	 1.74796824E-10 	 5.50784038E-11 
4.305231 	 90 	 1.35472001E-10 	 7.33991348E-11 
4.307250 	 90 	 7.89700991E-11 	 4.91207799E-11 
4.309297 	 90 	 1.16407766E-10 	 6.38966840E-11 
4.309961 	 90 	 1.13530518E-10 	 5.92115157E-11 
4.311172 	 90 	 1.00027150E-10 	 4.87955135E-11 
4.313106 	 90 	 9.01737169E-11 	 5.03320860E-11 
4.315126 	 90 	 5.86576268E-11 	 5.28732703E-11 
4.317204 	 90 	 8.12908525E-11 	 3.95122314E-11 
4.319168 	 90 	 6.31975634E-11 	 4.51914743E-11 
4.321160 	 90 	 4.84340376E-11 	 4.48311234E-11 
4.322980 	 90 	 8.30830399E-11 	 5.30963708E-11 
4.325205 	 90 	 4.08199719E-11 	 3.16508706E-11 
4.327112 	 90 	 5.44400228E-11 	 2.10421067E-11 
4.329078 	 90 	 8.37592794E-11 	 2.21318676E-11 
4.330119 	 90 	 3.60950850E-11 	 2.05989367E-11 
4.331189 	 90 	 1.49678792E-10 	 2.78312522E-11 
4.333242 	 90 	 1.96019252E-10 	 2.56948592E-11 
4.335151 	 90 	 1.96244458E-10 	 1.98896682E-11 
4.340042 	 90 	 1.83641835E-10 	 1.82259682E-11 
4.344877 	 90 	 2.08317115E-10 	 1.86049242E-11 
4.349976 	 90 	 2.19693785E-10 	 1.77526781E-11 
4.370053 	 90 	 1.75593702E-10 	 1.62466546E-11 
4.390148 	 90 	 1.85047437E-10 	 1.65397659E-11 
4.410025 	 90 	 2.07195922E-10 	 1.92015571E-11 
4.420244 	 90 	 1.97083433E-10 	 2.54952270E-11 
4.430182 	 90 	 1.95264470E-10 	 2.13229347E-11 
4.440043 	 90 	 1.15343585E-10 	 3.12751803E-11 
4.449945 	 90 	 6.52240565E-11 	 3.12422010E-11 
4.454988 	 90 	 6.89744281E-11 	 6.21727093E-11 
4.460121 	 90 	 9.21598424E-11 	 8.30717593E-11 
4.469957 	 90 	 5.83702657E-11 	 5.26142465E-11 
4.477981 	 90 	 4.48151895E-11 	 4.03958659E-11 
4.486129 	 90 	 1.06802295E-10 	 5.48967033E-11 
4.488189 	 90 	 1.29138981E-10 	 4.44213539E-11 
4.490073 	 90 	 1.25978819E-10 	 4.22981540E-11 
4.492223 	 90 	 1.39638614E-10 	 2.63709750E-11 
4.494992 	 90 	 1.77239299E-10 	 2.39425651E-11 
4.499972 	 90 	 2.19681861E-10 	 2.40011792E-11 
4.510205 	 90 	 2.57773088E-10 	 2.07315208E-11 
4.512183 	 90 	 2.01646344E-10 	 2.58498128E-11 
4.515076 	 90 	 1.46935595E-10 	 4.85429706E-11 
4.520067 	 90 	 1.54936814E-10 	 5.55894333E-11 
4.525238 	 90 	 7.76347901E-11 	 6.13056890E-11 
4.529406 	 90 	 5.71674004E-11 	 4.81168468E-11 
4.535056 	 90 	 7.40010378E-11 	 6.67036341E-11 
4.540236 	 90 	 1.80954806E-10 	 1.63110458E-10 
4.549804 	 90 	 1.49319207E-10 	 6.60439833E-11 
4.560183 	 90 	 1.03968643E-10 	 9.37160685E-11 
4.570129 	 90 	 3.03312409E-11 	 2.73402111E-11 
4.580025 	 90 	 2.82197531E-11 	 2.54369417E-11 
4.590082 	 90 	 4.33460739E-11 	 3.90716230E-11 
4.600268 	 90 	 8.31221959E-11 	 6.49058227E-11 
4.609989 	 90 	 5.64421223E-11 	 5.08762415E-11 
4.620227 	 90 	 1.95474140E-11 	 1.76198009E-11 
4.629939 	 90 	 9.86984321E-11 	 8.89655645E-11 
4.635173 	 90 	 1.08697835E-10 	 6.77015602E-11 
4.639960 	 90 	 3.29895282E-10 	 7.62809103E-11 
4.649962 	 90 	 3.24482562E-10 	 5.70703259E-11 
4.670119 	 90 	 5.59188398E-10 	 5.19925747E-11 
4.680153 	 90 	 5.01745465E-10 	 4.36665456E-11 
4.689928 	 90 	 3.20751025E-10 	 3.01462055E-11 
4.710020 	 90 	 3.44221754E-10 	 2.52561578E-11 
4.730004 	 90 	 3.56095424E-10 	 2.97720214E-11 
4.749999 	 90 	 4.77029377E-10 	 3.75520162E-11 
4.755179 	 90 	 8.39007932E-10 	 6.56851847E-11 
4.758876 	 90 	 8.89972344E-10 	 6.93937693E-11 
4.770038 	 90 	 8.56307382E-10 	 6.92861620E-11 
4.775016 	 90 	 7.96230946E-10 	 7.78603350E-11 
4.780179 	 90 	 5.10402435E-10 	 1.00005127E-10 
4.790118 	 90 	 1.16033963E-09 	 1.35490441E-10 
4.799915 	 90 	 2.82146742E-09 	 1.90700826E-10 
4.810027 	 90 	 2.42941367E-09 	 1.61782603E-10 
4.812160 	 90 	 1.59577319E-09 	 1.05034376E-10 
4.815270 	 90 	 1.09754322E-09 	 7.11171310E-11 
4.820058 	 90 	 5.68762600E-10 	 4.01522591E-11 
4.829886 	 90 	 4.65684952E-10 	 2.93073845E-11 
4.850030 	 90 	 4.46316309E-10 	 2.79701742E-11 
4.866293 	 90 	 4.60515334E-10 	 2.98773322E-11 
4.889892 	 90 	 4.93114825E-10 	 2.94702521E-11 
4.899914 	 90 	 5.06295738E-10 	 3.73227245E-11 
4.910130 	 90 	 4.48310788E-10 	 3.54214351E-11 
4.919957 	 90 	 4.81317785E-10 	 4.17925337E-11 
4.926154 	 90 	 5.24736687E-10 	 3.53057160E-11 
4.930195 	 90 	 4.79680230E-10 	 3.82883285E-11 
4.936923 	 90 	 5.11477200E-10 	 3.57571323E-11 
4.946745 	 90 	 4.71626770E-10 	 3.61001077E-11 
4.950269 	 90 	 4.50530274E-10 	 3.74874796E-11 
4.956763 	 90 	 4.49302224E-10 	 3.49980396E-11 
4.961869 	 90 	 4.87835884E-10 	 3.61288397E-11 
4.964748 	 90 	 4.65928800E-10 	 3.76974297E-11 
4.967875 	 90 	 4.46412594E-10 	 3.60108349E-11 
4.970043 	 90 	 5.23270839E-10 	 4.24901497E-11 
4.972800 	 90 	 4.86440293E-10 	 3.54940130E-11 
4.974629 	 90 	 4.81162603E-10 	 3.92678957E-11 
4.984706 	 90 	 4.79238808E-10 	 3.65045370E-11 
4.990074 	 90 	 5.35581434E-10 	 4.13478006E-11 
4.994669 	 90 	 5.06936234E-10 	 3.60962869E-11 
5.004642 	 90 	 4.92310936E-10 	 3.26440173E-11 
5.009990 	 90 	 6.19815201E-10 	 4.37529542E-11 
5.014843 	 90 	 5.74331748E-10 	 4.00306972E-11 
5.017737 	 90 	 6.83359095E-10 	 4.77295856E-11 
5.017861 	 90 	 7.01678031E-10 	 4.75435982E-11 
5.019822 	 90 	 8.73879153E-10 	 6.27759181E-11 
5.024805 	 90 	 1.47723292E-09 	 1.07378887E-10 
5.027826 	 90 	 2.17690980E-09 	 1.47836262E-10 
5.030101 	 90 	 2.13392428E-09 	 1.52041852E-10 
5.032781 	 90 	 1.92568875E-09 	 1.35225929E-10 
5.035899 	 90 	 2.05172605E-09 	 1.40706057E-10 
5.038706 	 90 	 1.96529605E-09 	 1.39412818E-10 
5.041981 	 90 	 1.92321322E-09 	 1.45961177E-10 
5.044789 	 90 	 1.72530937E-09 	 1.27607593E-10 
5.049971 	 90 	 1.18023863E-09 	 1.00636218E-10 
5.054843 	 90 	 7.57660158E-10 	 6.91427187E-11 
5.064876 	 90 	 1.55515620E-09 	 9.80111851E-11 
5.069912 	 90 	 1.51778472E-09 	 9.85708794E-11 
5.074481 	 90 	 1.51017700E-09 	 8.89966856E-11 
5.084189 	 90 	 1.17466045E-09 	 7.34618299E-11 
5.089986 	 90 	 1.15731588E-09 	 7.57652488E-11 
5.093717 	 90 	 1.68113048E-09 	 1.31438367E-10 
5.096760 	 90 	 2.30274081E-09 	 1.52733838E-10 
5.098893 	 90 	 2.08775381E-09 	 1.60867719E-10 
5.099991 	 90 	 2.16599638E-09 	 1.72544298E-10 
5.100431 	 90 	 2.04006901E-09 	 1.68209990E-10 
5.100713 	 90 	 2.16554824E-09 	 1.69293376E-10 
5.102879 	 90 	 4.65259823E-09 	 2.94450400E-10 
5.104856 	 90 	 5.37457459E-09 	 3.27511895E-10 
5.106897 	 90 	 4.94605940E-09 	 3.12412273E-10 
5.108781 	 90 	 4.67881013E-09 	 2.92602617E-10 
5.110037 	 90 	 4.71430330E-09 	 3.00773263E-10 
5.110750 	 90 	 4.47659917E-09 	 2.87119703E-10 
5.113839 	 90 	 4.34801787E-09 	 2.72743496E-10 
5.118804 	 90 	 3.97810733E-09 	 2.42198831E-10 
5.123773 	 90 	 2.99707967E-09 	 2.01144985E-10 
5.128523 	 90 	 1.78454038E-09 	 1.24286645E-10 
5.129939 	 90 	 1.76332987E-09 	 1.36146172E-10 
5.133811 	 90 	 1.01847633E-09 	 8.61153132E-11 
5.138881 	 90 	 8.31058417E-10 	 7.86048941E-11 
5.141653 	 90 	 8.49992034E-10 	 7.79464202E-11 
5.144741 	 90 	 7.86319570E-10 	 7.27555820E-11 
5.147988 	 90 	 7.31597976E-10 	 7.55128831E-11 
5.150006 	 90 	 8.34410297E-10 	 8.63370075E-11 
5.150983 	 90 	 8.22499259E-10 	 7.21479692E-11 
5.157040 	 90 	 8.31944479E-10 	 6.49082668E-11 
5.159375 	 90 	 8.51155709E-10 	 6.33800197E-11 
5.170048 	 90 	 7.76946108E-10 	 6.37799633E-11 
5.189844 	 90 	 8.97853127E-10 	 5.82964545E-11 
5.210028 	 90 	 1.04083564E-09 	 6.81634706E-11 
5.230028 	 90 	 1.15598450E-09 	 8.65880795E-11 
5.239501 	 90 	 1.58661195E-09 	 9.90073452E-11 
5.243064 	 90 	 1.52137046E-09 	 1.15741424E-10 
5.250129 	 90 	 1.88927371E-09 	 1.54980470E-10 
5.259940 	 90 	 2.40390934E-09 	 1.86475717E-10 
5.265040 	 90 	 2.45680550E-09 	 2.12817331E-10 
5.269983 	 90 	 2.71741037E-09 	 2.31500988E-10 
5.274960 	 90 	 3.32951757E-09 	 2.69863447E-10 
5.275024 	 90 	 3.78013574E-09 	 2.46552239E-10 
5.279812 	 90 	 5.88922689E-09 	 4.27466153E-10 
5.284953 	 90 	 7.73506935E-09 	 5.44328875E-10 
5.290161 	 90 	 1.06154467E-08 	 6.32006955E-10 
5.292942 	 90 	 1.17506220E-08 	 6.97618685E-10 
5.297674 	 90 	 1.22538260E-08 	 6.76652008E-10 
5.299721 	 90 	 1.21623856E-08 	 6.92224837E-10 
5.302376 	 90 	 1.26856876E-08 	 7.18824545E-10 
5.308233 	 90 	 1.01982892E-08 	 5.55368495E-10 
5.312876 	 90 	 7.94905748E-09 	 4.51250268E-10 
5.317521 	 90 	 6.16387059E-09 	 3.59476166E-10 
5.322809 	 90 	 4.60083928E-09 	 2.76624289E-10 
5.327683 	 90 	 3.34288138E-09 	 2.17627470E-10 
5.332880 	 90 	 2.74933770E-09 	 1.96261105E-10 
5.332912 	 90 	 3.01907859E-09 	 1.91396532E-10 
5.337469 	 90 	 2.90556857E-09 	 1.77785229E-10 
5.342735 	 90 	 2.66124552E-09 	 1.65126800E-10 
5.342928 	 90 	 2.74537769E-09 	 1.63117767E-10 
5.346943 	 90 	 2.57454936E-09 	 1.53876773E-10 
5.348261 	 90 	 2.56473062E-09 	 1.47674586E-10 
5.348582 	 90 	 2.50726656E-09 	 1.44042041E-10 
5.352053 	 90 	 2.33189304E-09 	 1.57220781E-10 
5.353596 	 90 	 2.36570140E-09 	 1.33838172E-10 
5.357905 	 90 	 2.51649951E-09 	 1.71138810E-10 
5.359835 	 90 	 2.36112114E-09 	 1.61168425E-10 
5.361894 	 90 	 2.43538963E-09 	 1.67176062E-10 
5.363857 	 90 	 2.21538520E-09 	 1.54492649E-10 
5.366045 	 90 	 2.26450881E-09 	 1.60249642E-10 
5.368041 	 90 	 2.42647367E-09 	 1.45362578E-10 
5.369651 	 90 	 2.30122414E-09 	 1.54232287E-10 
5.374804 	 90 	 2.14909983E-09 	 1.22880984E-10 
5.380088 	 90 	 1.93113659E-09 	 1.10785146E-10 
5.382924 	 90 	 1.90354814E-09 	 1.05314318E-10 
5.383343 	 90 	 1.92080114E-09 	 1.05239130E-10 
5.383859 	 90 	 1.92773241E-09 	 1.04146948E-10 
5.385955 	 90 	 1.90646226E-09 	 1.02188147E-10 
5.389858 	 90 	 1.89598932E-09 	 9.95797838E-11 
5.393084 	 90 	 1.88891324E-09 	 1.00591790E-10 
5.403415 	 90 	 2.05836676E-09 	 1.08365946E-10 
5.414078 	 90 	 2.07706705E-09 	 1.10334572E-10 
5.424364 	 90 	 1.95072580E-09 	 1.04494565E-10 
5.435405 	 90 	 1.92855651E-09 	 1.01685135E-10 
5.439261 	 90 	 1.96819892E-09 	 1.04804146E-10 
3.996021 	 75 	 2.43809032E-10 	 1.39273081E-11 
4.000967 	 75 	 2.19259003E-10 	 1.41976273E-11 
4.002940 	 75 	 2.11827614E-10 	 1.39869475E-11 
4.006972 	 75 	 2.12535567E-10 	 1.39976888E-11 
4.009086 	 75 	 1.92217099E-10 	 1.47681477E-11 
4.010032 	 75 	 1.95646048E-10 	 1.55450727E-11 
4.015070 	 75 	 1.85899967E-10 	 1.31983116E-11 
4.019108 	 75 	 1.51070451E-10 	 1.12618568E-11 
4.019916 	 75 	 1.48508289E-10 	 1.30968090E-11 
4.025044 	 75 	 9.28649330E-11 	 9.57847037E-12 
4.029979 	 75 	 6.90793286E-11 	 7.45988730E-12 
4.035141 	 75 	 4.56978556E-11 	 5.98249303E-12 
4.269958 	 75 	 2.00702139E-10 	 1.28523958E-11 
4.290051 	 75 	 3.33917315E-10 	 1.93891246E-11 
4.291116 	 75 	 4.50418501E-10 	 2.60461774E-11 
4.293189 	 75 	 4.41290887E-10 	 2.57039598E-11 
4.294196 	 75 	 4.35520047E-10 	 2.61168796E-11 
4.295147 	 75 	 4.27025252E-10 	 2.60838446E-11 
4.296155 	 75 	 4.30671099E-10 	 2.70229231E-11 
4.297220 	 75 	 4.56102019E-10 	 3.00627111E-11 
4.298084 	 75 	 5.02971982E-10 	 4.37037143E-11 
4.299093 	 75 	 5.65955201E-10 	 5.49924094E-11 
4.301052 	 75 	 6.40967186E-10 	 7.15335540E-11 
4.303098 	 75 	 7.12546739E-10 	 6.74925175E-11 
4.305231 	 75 	 6.95385118E-10 	 7.13376929E-11 
4.307250 	 75 	 6.27400086E-10 	 6.92106975E-11 
4.309297 	 75 	 5.88947224E-10 	 6.81021718E-11 
4.309961 	 75 	 6.48165629E-10 	 6.42973097E-11 
4.311172 	 75 	 6.47264610E-10 	 6.43309118E-11 
4.313106 	 75 	 5.93428771E-10 	 6.72624604E-11 
4.315126 	 75 	 4.83878873E-10 	 6.13888457E-11 
4.317204 	 75 	 4.74358719E-10 	 5.84759869E-11 
4.319168 	 75 	 4.42732598E-10 	 6.56736595E-11 
4.321160 	 75 	 4.56698066E-10 	 5.19090168E-11 
4.322980 	 75 	 4.38122732E-10 	 4.96831365E-11 
4.325205 	 75 	 3.74923316E-10 	 4.30363357E-11 
4.327112 	 75 	 3.65526212E-10 	 3.88231429E-11 
4.329078 	 75 	 2.83083576E-10 	 2.61488052E-11 
4.330119 	 75 	 2.96614983E-10 	 3.27871933E-11 
4.331189 	 75 	 2.66408209E-10 	 2.39616648E-11 
4.333242 	 75 	 3.18791419E-10 	 2.24097188E-11 
4.335151 	 75 	 2.98209940E-10 	 2.02079148E-11 
4.340042 	 75 	 2.88846086E-10 	 1.89149179E-11 
4.344877 	 75 	 2.72905890E-10 	 1.78338581E-11 
4.349976 	 75 	 2.53104410E-10 	 1.64189779E-11 
4.370053 	 75 	 2.40010037E-10 	 1.57466583E-11 
4.390148 	 75 	 2.38420281E-10 	 1.62909487E-11 
4.410025 	 75 	 2.70539147E-10 	 1.83879168E-11 
4.420244 	 75 	 2.55699651E-10 	 1.98540706E-11 
4.430182 	 75 	 2.59339512E-10 	 1.92649565E-11 
4.440043 	 75 	 2.14545053E-10 	 2.80571426E-11 
4.449945 	 75 	 2.23533360E-10 	 2.95960703E-11 
4.454988 	 75 	 1.40791223E-10 	 6.05262749E-11 
4.460121 	 75 	 1.17855639E-10 	 8.98158790E-11 
4.469957 	 75 	 1.16460686E-10 	 4.39289365E-11 
4.477981 	 75 	 1.48181916E-10 	 5.84045618E-11 
4.486129 	 75 	 2.16024849E-10 	 3.52315312E-11 
4.488189 	 75 	 2.62637829E-10 	 3.54208629E-11 
4.490073 	 75 	 2.54026712E-10 	 3.55812574E-11 
4.492223 	 75 	 2.87688167E-10 	 2.99955170E-11 
4.494992 	 75 	 3.28275414E-10 	 2.41235756E-11 
4.499972 	 75 	 3.55479149E-10 	 2.34599899E-11 
4.510205 	 75 	 3.69254771E-10 	 2.26360639E-11 
4.512183 	 75 	 4.48050425E-10 	 3.20065137E-11 
4.515076 	 75 	 4.02007142E-10 	 4.57392813E-11 
4.520067 	 75 	 3.69207226E-10 	 5.56744324E-11 
4.525238 	 75 	 3.37192487E-10 	 7.50797786E-11 
4.529406 	 75 	 3.44270110E-10 	 5.63482400E-11 
4.535056 	 75 	 3.43147433E-10 	 1.14191943E-10 
4.540236 	 75 	 1.51288419E-10 	 8.85304043E-11 
4.549804 	 75 	 3.50124462E-10 	 5.81614991E-11 
4.560183 	 75 	 1.12359750E-10 	 8.31778200E-11 
4.570129 	 75 	 1.12679710E-10 	 7.59775499E-11 
4.580025 	 75 	 1.48578850E-10 	 8.64907652E-11 
4.590082 	 75 	 2.10247252E-10 	 5.09816096E-11 
4.600268 	 75 	 6.25693245E-10 	 7.39312094E-11 
4.609989 	 75 	 1.59896463E-09 	 1.49311359E-10 
4.620227 	 75 	 1.70099429E-09 	 1.92465330E-10 
4.629939 	 75 	 1.40903129E-09 	 1.37868982E-10 
4.635173 	 75 	 8.07937701E-10 	 8.86165268E-11 
4.639960 	 75 	 8.59094537E-10 	 7.34734345E-11 
4.649962 	 75 	 1.00567638E-09 	 7.46705557E-11 
4.670119 	 75 	 1.12030343E-09 	 6.95084746E-11 
4.680153 	 75 	 8.70978254E-10 	 5.23707976E-11 
4.689928 	 75 	 5.66343296E-10 	 3.56045018E-11 
4.710020 	 75 	 4.95758180E-10 	 2.93077817E-11 
4.730004 	 75 	 5.38618269E-10 	 3.29333429E-11 
4.749999 	 75 	 8.73082244E-10 	 5.08485054E-11 
4.755179 	 75 	 1.64704443E-09 	 9.46803327E-11 
4.758876 	 75 	 1.72456882E-09 	 9.87397385E-11 
4.770038 	 75 	 1.63156621E-09 	 9.63777876E-11 
4.775016 	 75 	 1.40994980E-09 	 9.15719528E-11 
4.780179 	 75 	 1.02321244E-09 	 1.00162534E-10 
4.790118 	 75 	 1.71181068E-09 	 1.23990549E-10 
4.799915 	 75 	 3.45223668E-09 	 2.00532727E-10 
4.810027 	 75 	 3.05531063E-09 	 1.73888346E-10 
4.812160 	 75 	 2.00206762E-09 	 1.12806354E-10 
4.815270 	 75 	 1.35611982E-09 	 7.64147845E-11 
4.820058 	 75 	 6.97109025E-10 	 4.07563788E-11 
4.829886 	 75 	 4.88102383E-10 	 2.81717540E-11 
4.850030 	 75 	 5.45250748E-10 	 3.03128038E-11 
4.866293 	 75 	 5.79638583E-10 	 3.26011524E-11 
4.889892 	 75 	 5.70770974E-10 	 3.13543918E-11 
4.899914 	 75 	 6.10431519E-10 	 3.71261685E-11 
4.910130 	 75 	 6.12870644E-10 	 3.64595666E-11 
4.919957 	 75 	 6.36607991E-10 	 4.08153059E-11 
4.926154 	 75 	 6.61389117E-10 	 3.74430425E-11 
4.930195 	 75 	 6.41553561E-10 	 3.97590007E-11 
4.936923 	 75 	 6.97334349E-10 	 3.97392219E-11 
4.946745 	 75 	 6.95708246E-10 	 4.00997041E-11 
4.950269 	 75 	 6.94480356E-10 	 4.26295956E-11 
4.956763 	 75 	 6.92864020E-10 	 4.07094969E-11 
4.961869 	 75 	 6.97016341E-10 	 4.08765658E-11 
4.964748 	 75 	 6.98792137E-10 	 4.16614038E-11 
4.967875 	 75 	 7.11308562E-10 	 4.27001257E-11 
4.970043 	 75 	 7.47390751E-10 	 4.64682588E-11 
4.972800 	 75 	 7.21891146E-10 	 4.13356251E-11 
4.974629 	 75 	 6.92497031E-10 	 4.19155514E-11 
4.984706 	 75 	 7.45567777E-10 	 4.27644772E-11 
4.990074 	 75 	 7.69404635E-10 	 4.60561631E-11 
4.994669 	 75 	 7.33720655E-10 	 4.15157169E-11 
5.004642 	 75 	 7.83569307E-10 	 4.26628447E-11 
5.009990 	 75 	 8.38038554E-10 	 4.87770948E-11 
5.014843 	 75 	 8.80730929E-10 	 4.90372745E-11 
5.017737 	 75 	 1.04339726E-09 	 5.81895004E-11 
5.017861 	 75 	 1.01788158E-09 	 5.65580638E-11 
5.019822 	 75 	 1.21697859E-09 	 7.00667607E-11 
5.024805 	 75 	 2.06566110E-09 	 1.20116089E-10 
5.027826 	 75 	 2.72552296E-09 	 1.55702842E-10 
5.030101 	 75 	 2.81378192E-09 	 1.65528810E-10 
5.032781 	 75 	 2.64512304E-09 	 1.52750313E-10 
5.035899 	 75 	 2.54051191E-09 	 1.47571194E-10 
5.038706 	 75 	 2.50887124E-09 	 1.46941743E-10 
5.041981 	 75 	 2.37647576E-09 	 1.44156199E-10 
5.044789 	 75 	 2.13051446E-09 	 1.28862167E-10 
5.049971 	 75 	 1.54080982E-09 	 1.00562204E-10 
5.054843 	 75 	 1.10397044E-09 	 7.12890031E-11 
5.064876 	 75 	 2.14914278E-09 	 1.17759494E-10 
5.069912 	 75 	 2.11303991E-09 	 1.17290874E-10 
5.074481 	 75 	 2.14446913E-09 	 1.13781082E-10 
5.084189 	 75 	 1.83106855E-09 	 9.89490347E-11 
5.089986 	 75 	 1.79224323E-09 	 9.88581052E-11 
5.093717 	 75 	 2.88962344E-09 	 1.69625351E-10 
5.096760 	 75 	 3.95974966E-09 	 2.17951088E-10 
5.098893 	 75 	 3.84978047E-09 	 2.21268979E-10 
5.099991 	 75 	 3.69653724E-09 	 2.19518454E-10 
5.100431 	 75 	 3.76725317E-09 	 2.21349152E-10 
5.100713 	 75 	 3.84736647E-09 	 2.25245191E-10 
5.102879 	 75 	 6.70625300E-09 	 3.69169013E-10 
5.104856 	 75 	 7.32641698E-09 	 3.97858958E-10 
5.106897 	 75 	 6.84663371E-09 	 3.76592855E-10 
5.108781 	 75 	 6.72174819E-09 	 3.67777539E-10 
5.110037 	 75 	 6.71916256E-09 	 3.70720048E-10 
5.110750 	 75 	 6.40335692E-09 	 3.53873446E-10 
5.113839 	 75 	 6.10713799E-09 	 3.35277246E-10 
5.118804 	 75 	 5.04903464E-09 	 2.75331565E-10 
5.123773 	 75 	 3.68937951E-09 	 2.11745388E-10 
5.128523 	 75 	 2.16863464E-09 	 1.27159933E-10 
5.129939 	 75 	 2.26249660E-09 	 1.39680962E-10 
5.133811 	 75 	 1.23296637E-09 	 7.99606408E-11 
5.138881 	 75 	 1.18395665E-09 	 7.87497865E-11 
5.141653 	 75 	 1.10355184E-09 	 7.33751823E-11 
5.144741 	 75 	 1.14770174E-09 	 7.43840212E-11 
5.147988 	 75 	 1.16421374E-09 	 7.75912311E-11 
5.150006 	 75 	 1.10955240E-09 	 7.93147398E-11 
5.150983 	 75 	 1.13773604E-09 	 7.21157659E-11 
5.157040 	 75 	 1.23530986E-09 	 7.51401267E-11 
5.159375 	 75 	 1.30621340E-09 	 7.53284342E-11 
5.170048 	 75 	 1.25768945E-09 	 7.64624365E-11 
5.189844 	 75 	 1.44511587E-09 	 7.89101595E-11 
5.210028 	 75 	 1.77403020E-09 	 9.69693347E-11 
5.230028 	 75 	 2.42227874E-09 	 1.36782713E-10 
5.239501 	 75 	 3.30522804E-09 	 1.75174376E-10 
5.243064 	 75 	 3.58861491E-09 	 2.00376301E-10 
5.250129 	 75 	 4.90625821E-09 	 2.77760033E-10 
5.259940 	 75 	 6.34088794E-09 	 3.51553325E-10 
5.265040 	 75 	 6.70721695E-09 	 3.85246400E-10 
5.269983 	 75 	 7.11613083E-09 	 4.06709816E-10 
5.274960 	 75 	 8.22300713E-09 	 4.66319898E-10 
5.275024 	 75 	 8.24255806E-09 	 4.42184405E-10 
5.279812 	 75 	 1.20774705E-08 	 6.76808695E-10 
5.284953 	 75 	 1.43225988E-08 	 8.04079503E-10 
5.290161 	 75 	 1.85315687E-08 	 9.81310707E-10 
5.292942 	 75 	 2.07272042E-08 	 1.09579315E-09 
5.297674 	 75 	 2.06692627E-08 	 1.06846248E-09 
5.299721 	 75 	 2.00043451E-08 	 1.04447838E-09 
5.302376 	 75 	 2.03567300E-08 	 1.06301616E-09 
5.308233 	 75 	 1.63566239E-08 	 8.42221947E-10 
5.312876 	 75 	 1.22187244E-08 	 6.39872465E-10 
5.317521 	 75 	 8.89758724E-09 	 4.72589136E-10 
5.322809 	 75 	 6.27172235E-09 	 3.38829671E-10 
5.327683 	 75 	 4.65274888E-09 	 2.59091691E-10 
5.332880 	 75 	 3.34780972E-09 	 1.97753824E-10 
5.332912 	 75 	 3.59562131E-09 	 2.02102052E-10 
5.337469 	 75 	 3.34938875E-09 	 1.84929197E-10 
5.342735 	 75 	 2.97579154E-09 	 1.66632040E-10 
5.342928 	 75 	 3.13483436E-09 	 1.70443498E-10 
5.346943 	 75 	 2.69007378E-09 	 1.47737418E-10 
5.348261 	 75 	 2.71683951E-09 	 1.46150838E-10 
5.348582 	 75 	 2.69816377E-09 	 1.44789980E-10 
5.352053 	 75 	 2.83188500E-09 	 1.63092063E-10 
5.353596 	 75 	 2.59372097E-09 	 1.37935288E-10 
5.357905 	 75 	 3.26291979E-09 	 1.87000571E-10 
5.359835 	 75 	 3.09761460E-09 	 1.78071782E-10 
5.361894 	 75 	 2.97565052E-09 	 1.72077812E-10 
5.363857 	 75 	 3.02666772E-09 	 1.74067930E-10 
5.366045 	 75 	 2.94442153E-09 	 1.71520779E-10 
5.368041 	 75 	 2.97767196E-09 	 1.61679557E-10 
5.369651 	 75 	 2.97990734E-09 	 1.69896507E-10 
5.374804 	 75 	 2.64027234E-09 	 1.40042031E-10 
5.380088 	 75 	 2.31738205E-09 	 1.22881645E-10 
5.382924 	 75 	 2.25206158E-09 	 1.18128870E-10 
5.383343 	 75 	 2.32165091E-09 	 1.20696431E-10 
5.383859 	 75 	 2.22622299E-09 	 1.15415528E-10 
5.385955 	 75 	 2.19543993E-09 	 1.13418965E-10 
5.389858 	 75 	 2.17729448E-09 	 1.11387644E-10 
5.393084 	 75 	 2.28276554E-09 	 1.17128548E-10 
5.403415 	 75 	 2.38343759E-09 	 1.22100704E-10 
5.414078 	 75 	 2.38319772E-09 	 1.22611015E-10 
5.424364 	 75 	 2.22443289E-09 	 1.15141583E-10 
5.435405 	 75 	 2.26495657E-09 	 1.15959769E-10 
5.439261 	 75 	 2.37425149E-09 	 1.22172258E-10 
3.996021 	 60 	 3.43747938E-10 	 1.87562329E-11 
4.000967 	 60 	 3.19659749E-10 	 1.84334068E-11 
4.002940 	 60 	 2.85081942E-10 	 1.70656765E-11 
4.006972 	 60 	 2.85244898E-10 	 1.74195349E-11 
4.009086 	 60 	 2.70283515E-10 	 1.77460869E-11 
4.010032 	 60 	 2.58116820E-10 	 1.72508574E-11 
4.015070 	 60 	 2.49972405E-10 	 1.56604488E-11 
4.019108 	 60 	 2.18334855E-10 	 1.37822376E-11 
4.019916 	 60 	 2.03378438E-10 	 1.42188599E-11 
4.025044 	 60 	 1.36283074E-10 	 1.09564957E-11 
4.029979 	 60 	 7.71662614E-11 	 7.20820321E-12 
4.035141 	 60 	 6.78130487E-11 	 6.81954524E-12 
4.269958 	 60 	 3.33035489E-10 	 1.87769248E-11 
4.290051 	 60 	 4.85560977E-10 	 2.65135892E-11 
4.291116 	 60 	 6.53821255E-10 	 3.58961772E-11 
4.293189 	 60 	 6.09155000E-10 	 3.36860579E-11 
4.294196 	 60 	 6.22008513E-10 	 3.51348581E-11 
4.295147 	 60 	 6.17368553E-10 	 3.54009814E-11 
4.296155 	 60 	 6.18473931E-10 	 3.67238820E-11 
4.297220 	 60 	 7.00333425E-10 	 4.17978323E-11 
4.298084 	 60 	 1.01130022E-09 	 6.75054486E-11 
4.299093 	 60 	 1.30036756E-09 	 9.01187444E-11 
4.301052 	 60 	 1.68405487E-09 	 1.17728143E-10 
4.303098 	 60 	 1.73289647E-09 	 1.15175935E-10 
4.305231 	 60 	 1.63211983E-09 	 1.12393734E-10 
4.307250 	 60 	 1.49789076E-09 	 1.09320496E-10 
4.309297 	 60 	 1.55652828E-09 	 1.11520546E-10 
4.309961 	 60 	 1.57246578E-09 	 1.08927205E-10 
4.311172 	 60 	 1.43017601E-09 	 1.01548858E-10 
4.313106 	 60 	 1.43986163E-09 	 1.02437479E-10 
4.315126 	 60 	 1.30857711E-09 	 9.74244539E-11 
4.317204 	 60 	 1.25402210E-09 	 9.14626425E-11 
4.319168 	 60 	 1.25333435E-09 	 9.50671272E-11 
4.321160 	 60 	 1.16882019E-09 	 8.66496542E-11 
4.322980 	 60 	 1.10603161E-09 	 7.95825671E-11 
4.325205 	 60 	 9.32833200E-10 	 6.65044815E-11 
4.327112 	 60 	 7.64365840E-10 	 5.32694132E-11 
4.329078 	 60 	 6.11188805E-10 	 4.18757666E-11 
4.330119 	 60 	 7.42230995E-10 	 5.32695940E-11 
4.331189 	 60 	 5.18789598E-10 	 3.64434620E-11 
4.333242 	 60 	 4.89439824E-10 	 3.06867602E-11 
4.335151 	 60 	 4.67854110E-10 	 2.83761746E-11 
4.340042 	 60 	 4.00484304E-10 	 2.38615145E-11 
4.344877 	 60 	 3.73923656E-10 	 2.26062928E-11 
4.349976 	 60 	 3.77730625E-10 	 2.20300399E-11 
4.370053 	 60 	 3.35413925E-10 	 1.99803403E-11 
4.390148 	 60 	 3.43833558E-10 	 2.07259487E-11 
4.410025 	 60 	 3.53678815E-10 	 2.19095754E-11 
4.420244 	 60 	 3.61722681E-10 	 2.41833770E-11 
4.430182 	 60 	 3.58477651E-10 	 2.40684244E-11 
4.440043 	 60 	 3.36260874E-10 	 3.25353825E-11 
4.449945 	 60 	 3.57930108E-10 	 3.81017132E-11 
4.454988 	 60 	 1.91776094E-10 	 4.64994242E-11 
4.460121 	 60 	 1.77882289E-10 	 6.30969874E-11 
4.469957 	 60 	 2.35078490E-10 	 6.27937069E-11 
4.477981 	 60 	 2.28198635E-10 	 5.41452165E-11 
4.486129 	 60 	 3.61776192E-10 	 4.33381872E-11 
4.488189 	 60 	 4.36725399E-10 	 4.28860898E-11 
4.490073 	 60 	 4.02222700E-10 	 4.24974923E-11 
4.492223 	 60 	 4.43717448E-10 	 3.43285286E-11 
4.494992 	 60 	 4.88891202E-10 	 3.14079828E-11 
4.499972 	 60 	 5.26685944E-10 	 3.15446745E-11 
4.510205 	 60 	 5.53797706E-10 	 3.14559627E-11 
4.512183 	 60 	 6.97519282E-10 	 4.35105347E-11 
4.515076 	 60 	 7.01095924E-10 	 5.76694901E-11 
4.520067 	 60 	 6.91940744E-10 	 6.55752521E-11 
4.525238 	 60 	 6.70221705E-10 	 8.42149284E-11 
4.529406 	 60 	 7.19216124E-10 	 7.71040413E-11 
4.535056 	 60 	 5.87918263E-10 	 1.03695520E-10 
4.540236 	 60 	 5.23511632E-10 	 1.30206439E-10 
4.549804 	 60 	 5.98591794E-10 	 6.93132680E-11 
4.560183 	 60 	 2.07810034E-10 	 1.02516878E-10 
4.570129 	 60 	 1.39407715E-10 	 1.16809186E-10 
4.580025 	 60 	 1.81168463E-10 	 7.02952420E-11 
4.590082 	 60 	 5.63327342E-10 	 6.99399244E-11 
4.600268 	 60 	 1.56326651E-09 	 1.20915646E-10 
4.609989 	 60 	 4.81644725E-09 	 3.05554749E-10 
4.620227 	 60 	 5.33087192E-09 	 3.62540792E-10 
4.629939 	 60 	 3.80488989E-09 	 2.46794925E-10 
4.635173 	 60 	 2.09054337E-09 	 1.45384198E-10 
4.639960 	 60 	 1.66715360E-09 	 1.11039240E-10 
4.649962 	 60 	 2.04424039E-09 	 1.24878393E-10 
4.670119 	 60 	 2.14522442E-09 	 1.18792040E-10 
4.680153 	 60 	 1.41070594E-09 	 7.85481673E-11 
4.689928 	 60 	 1.01524920E-09 	 5.71673065E-11 
4.710020 	 60 	 8.19605016E-10 	 4.48007357E-11 
4.730004 	 60 	 8.96737908E-10 	 4.99957254E-11 
4.749999 	 60 	 1.50245331E-09 	 8.14618015E-11 
4.755179 	 60 	 3.21183548E-09 	 1.71190330E-10 
4.758876 	 60 	 3.20303291E-09 	 1.71464145E-10 
4.770038 	 60 	 3.03680801E-09 	 1.64959727E-10 
4.775016 	 60 	 2.34053488E-09 	 1.35738953E-10 
4.780179 	 60 	 1.61278318E-09 	 1.20087705E-10 
4.790118 	 60 	 2.40253789E-09 	 1.55479166E-10 
4.799915 	 60 	 4.71423662E-09 	 2.60301859E-10 
4.810027 	 60 	 4.12340237E-09 	 2.25316643E-10 
4.812160 	 60 	 2.65389631E-09 	 1.44040199E-10 
4.815270 	 60 	 1.71488428E-09 	 9.34225161E-11 
4.820058 	 60 	 8.34783769E-10 	 4.70284117E-11 
4.829886 	 60 	 6.12021832E-10 	 3.36555433E-11 
4.850030 	 60 	 7.02930312E-10 	 3.77186703E-11 
4.866293 	 60 	 7.70300254E-10 	 4.15768502E-11 
4.889892 	 60 	 7.96680437E-10 	 4.21360935E-11 
4.899914 	 60 	 8.34030763E-10 	 4.73706076E-11 
4.910130 	 60 	 8.18151961E-10 	 4.61713157E-11 
4.919957 	 60 	 8.46588015E-10 	 5.02277482E-11 
4.926154 	 60 	 8.88488649E-10 	 4.85533628E-11 
4.930195 	 60 	 8.85211028E-10 	 5.11951421E-11 
4.936923 	 60 	 9.27104227E-10 	 5.07172902E-11 
4.946745 	 60 	 9.26678238E-10 	 5.11222044E-11 
4.950269 	 60 	 9.66173145E-10 	 5.53565843E-11 
4.956763 	 60 	 9.82243949E-10 	 5.45145875E-11 
4.961869 	 60 	 9.88633822E-10 	 5.46913172E-11 
4.964748 	 60 	 1.00918919E-09 	 5.62822717E-11 
4.967875 	 60 	 1.03890779E-09 	 5.81885457E-11 
4.970043 	 60 	 1.06605500E-09 	 6.14335471E-11 
4.972800 	 60 	 1.01152209E-09 	 5.50525779E-11 
4.974629 	 60 	 1.05013568E-09 	 5.87691805E-11 
4.984706 	 60 	 1.06849789E-09 	 5.83489700E-11 
4.990074 	 60 	 1.09883607E-09 	 6.20082462E-11 
4.994669 	 60 	 1.07264161E-09 	 5.78681950E-11 
5.004642 	 60 	 1.11816118E-09 	 5.89351344E-11 
5.009990 	 60 	 1.15476819E-09 	 6.39923893E-11 
5.014843 	 60 	 1.28358086E-09 	 6.83786202E-11 
5.017737 	 60 	 1.44219804E-09 	 7.75437315E-11 
5.017861 	 60 	 1.43833212E-09 	 7.69156845E-11 
5.019822 	 60 	 1.76673731E-09 	 9.65410897E-11 
5.024805 	 60 	 2.79834429E-09 	 1.55302761E-10 
5.027826 	 60 	 3.71517805E-09 	 2.03270899E-10 
5.030101 	 60 	 3.66166951E-09 	 2.05899726E-10 
5.032781 	 60 	 3.40640708E-09 	 1.88753036E-10 
5.035899 	 60 	 3.37244524E-09 	 1.87146736E-10 
5.038706 	 60 	 3.38675164E-09 	 1.88566112E-10 
5.041981 	 60 	 3.06512582E-09 	 1.76494653E-10 
5.044789 	 60 	 2.79325731E-09 	 1.59826997E-10 
5.049971 	 60 	 2.15246701E-09 	 1.28912866E-10 
5.054843 	 60 	 1.61531480E-09 	 9.54299856E-11 
5.064876 	 60 	 3.04178676E-09 	 1.61410406E-10 
5.069912 	 60 	 3.00840144E-09 	 1.60890023E-10 
5.074481 	 60 	 3.06740723E-09 	 1.59227840E-10 
5.084189 	 60 	 2.88402272E-09 	 1.51109428E-10 
5.089986 	 60 	 2.90653024E-09 	 1.53364890E-10 
5.093717 	 60 	 5.22221055E-09 	 2.83153783E-10 
5.096760 	 60 	 6.81704503E-09 	 3.58668186E-10 
5.098893 	 60 	 6.73325062E-09 	 3.62645217E-10 
5.099991 	 60 	 6.65635786E-09 	 3.63539861E-10 
5.100431 	 60 	 6.58601328E-09 	 3.59427399E-10 
5.100713 	 60 	 6.50380584E-09 	 3.54924365E-10 
5.102879 	 60 	 1.03663497E-08 	 5.48756809E-10 
5.104856 	 60 	 1.08914098E-08 	 5.72423029E-10 
5.106897 	 60 	 1.02678073E-08 	 5.44128349E-10 
5.108781 	 60 	 9.76269297E-09 	 5.16548547E-10 
5.110037 	 60 	 9.66252331E-09 	 5.14148890E-10 
5.110750 	 60 	 9.34072806E-09 	 4.97347170E-10 
5.113839 	 60 	 8.69205337E-09 	 4.61526790E-10 
5.118804 	 60 	 6.88358132E-09 	 3.64501534E-10 
5.123773 	 60 	 4.87030662E-09 	 2.68629537E-10 
5.128523 	 60 	 2.72244727E-09 	 1.52999897E-10 
5.129939 	 60 	 2.87771682E-09 	 1.68003084E-10 
5.133811 	 60 	 1.62581915E-09 	 9.79225168E-11 
5.138881 	 60 	 1.53795761E-09 	 9.49743317E-11 
5.141653 	 60 	 1.65827395E-09 	 9.85276177E-11 
5.144741 	 60 	 1.64525112E-09 	 9.80379751E-11 
5.147988 	 60 	 1.71235222E-09 	 1.02991356E-10 
5.150006 	 60 	 1.76275854E-09 	 1.09707835E-10 
5.150983 	 60 	 1.77961419E-09 	 1.02219578E-10 
5.157040 	 60 	 1.96267655E-09 	 1.09752648E-10 
5.159375 	 60 	 2.01915947E-09 	 1.09820409E-10 
5.170048 	 60 	 1.99810323E-09 	 1.11823908E-10 
5.189844 	 60 	 2.36672774E-09 	 1.24225109E-10 
5.210028 	 60 	 3.06836497E-09 	 1.60647124E-10 
5.230028 	 60 	 4.50873193E-09 	 2.39167062E-10 
5.239501 	 60 	 6.71311425E-09 	 3.44389321E-10 
5.243064 	 60 	 7.39711816E-09 	 3.88246981E-10 
5.250129 	 60 	 1.02575034E-08 	 5.42053834E-10 
5.259940 	 60 	 1.37177727E-08 	 7.16474380E-10 
5.265040 	 60 	 1.43396388E-08 	 7.61830859E-10 
5.269983 	 60 	 1.50638221E-08 	 7.98578977E-10 
5.274960 	 60 	 1.66306854E-08 	 8.81499368E-10 
5.275024 	 60 	 1.66706320E-08 	 8.60673774E-10 
5.279812 	 60 	 2.16964456E-08 	 1.14895793E-09 
5.284953 	 60 	 2.56071464E-08 	 1.35933866E-09 
5.290161 	 60 	 3.28041808E-08 	 1.68929180E-09 
5.292942 	 60 	 3.67400077E-08 	 1.89039751E-09 
5.297674 	 60 	 3.63492771E-08 	 1.84871478E-09 
5.299721 	 60 	 3.51167554E-08 	 1.79521677E-09 
5.302376 	 60 	 3.49247196E-08 	 1.78729296E-09 
5.308233 	 60 	 2.71659478E-08 	 1.37992558E-09 
5.312876 	 60 	 2.01699216E-08 	 1.03431795E-09 
5.317521 	 60 	 1.37598086E-08 	 7.12622209E-10 
5.322809 	 60 	 9.08500510E-09 	 4.76671179E-10 
5.327683 	 60 	 6.13357143E-09 	 3.30686461E-10 
5.332880 	 60 	 4.35535098E-09 	 2.45591584E-10 
5.332912 	 60 	 4.58073125E-09 	 2.48748823E-10 
5.337469 	 60 	 3.90326007E-09 	 2.10781904E-10 
5.342735 	 60 	 3.53789594E-09 	 1.92563471E-10 
5.342928 	 60 	 3.44738243E-09 	 1.84963551E-10 
5.346943 	 60 	 3.06073524E-09 	 1.65212440E-10 
5.348261 	 60 	 2.99481235E-09 	 1.59140110E-10 
5.348582 	 60 	 2.92581010E-09 	 1.55249922E-10 
5.352053 	 60 	 3.29135299E-09 	 1.83715788E-10 
5.353596 	 60 	 2.96685517E-09 	 1.55807050E-10 
5.357905 	 60 	 4.15406201E-09 	 2.29686927E-10 
5.359835 	 60 	 4.09490354E-09 	 2.25706716E-10 
5.361894 	 60 	 4.08274535E-09 	 2.24833490E-10 
5.363857 	 60 	 4.09511111E-09 	 2.24946077E-10 
5.366045 	 60 	 3.99607173E-09 	 2.21916981E-10 
5.368041 	 60 	 4.04329417E-09 	 2.13623695E-10 
5.369651 	 60 	 4.08140994E-09 	 2.22485986E-10 
5.374804 	 60 	 3.56065252E-09 	 1.85102604E-10 
5.380088 	 60 	 2.98133399E-09 	 1.55324258E-10 
5.382924 	 60 	 2.74666948E-09 	 1.42340244E-10 
5.383343 	 60 	 2.89165967E-09 	 1.48762208E-10 
5.383859 	 60 	 2.75158041E-09 	 1.41291363E-10 
5.385955 	 60 	 2.72305635E-09 	 1.39335494E-10 
5.389858 	 60 	 2.70393776E-09 	 1.37447720E-10 
5.393084 	 60 	 2.79096222E-09 	 1.42232105E-10 
5.403415 	 60 	 2.99894269E-09 	 1.52441779E-10 
5.414078 	 60 	 2.88549114E-09 	 1.47305006E-10 
5.424364 	 60 	 2.72142111E-09 	 1.39464323E-10 
5.435405 	 60 	 2.83579772E-09 	 1.44180115E-10 
5.439261 	 60 	 3.03563403E-09 	 1.54773250E-10 
