3.424536 	 0 	 0.00001262 	 0.00000060 
3.428778 	 0 	 0.00003519 	 0.00000143 
3.430467 	 0 	 0.00005307 	 0.00000196 
3.433920 	 0 	 0.00005584 	 0.00000208 
3.435737 	 0 	 0.00005822 	 0.00000232 
3.436543 	 0 	 0.00006166 	 0.00000247 
3.440862 	 0 	 0.00005640 	 0.00000212 
3.444324 	 0 	 0.00006243 	 0.00000210 
3.445018 	 0 	 0.00004645 	 0.00000196 
3.449406 	 0 	 0.00005905 	 0.00000231 
3.453640 	 0 	 0.00004635 	 0.00000190 
3.458062 	 0 	 0.00004177 	 0.00000165 
3.659299 	 0 	 0.00008355 	 0.00000249 
3.676516 	 0 	 0.00006663 	 0.00000217 
3.677433 	 0 	 0.00006824 	 0.00000246 
3.679207 	 0 	 0.00005935 	 0.00000219 
3.680073 	 0 	 0.00006089 	 0.00000236 
3.680887 	 0 	 0.00007844 	 0.00000292 
3.681744 	 0 	 0.00006454 	 0.00000265 
3.682661 	 0 	 0.00007521 	 0.00000320 
3.683398 	 0 	 0.00014319 	 0.00000719 
3.684263 	 0 	 0.00016058 	 0.00000923 
3.685943 	 0 	 0.00021368 	 0.00001197 
3.687700 	 0 	 0.00023453 	 0.00001203 
3.689525 	 0 	 0.00020635 	 0.00001139 
3.691256 	 0 	 0.00025173 	 0.00001321 
3.693013 	 0 	 0.00023037 	 0.00001249 
3.693579 	 0 	 0.00024009 	 0.00001241 
3.694616 	 0 	 0.00023589 	 0.00001214 
3.696278 	 0 	 0.00023592 	 0.00001248 
3.698009 	 0 	 0.00022368 	 0.00001211 
3.699783 	 0 	 0.00020763 	 0.00001089 
3.701472 	 0 	 0.00024825 	 0.00001296 
3.703177 	 0 	 0.00021776 	 0.00001099 
3.704737 	 0 	 0.00021152 	 0.00001044 
3.706648 	 0 	 0.00013805 	 0.00000745 
3.708276 	 0 	 0.00014120 	 0.00000672 
3.709964 	 0 	 0.00011651 	 0.00000513 
3.710856 	 0 	 0.00014257 	 0.00000686 
3.711773 	 0 	 0.00021492 	 0.00000735 
3.713529 	 0 	 0.00021999 	 0.00000665 
3.715166 	 0 	 0.00020561 	 0.00000596 
3.719357 	 0 	 0.00018584 	 0.00000528 
3.723505 	 0 	 0.00019625 	 0.00000549 
3.727875 	 0 	 0.00019053 	 0.00000517 
3.745075 	 0 	 0.00012812 	 0.00000378 
3.762301 	 0 	 0.00017048 	 0.00000484 
3.779337 	 0 	 0.00025691 	 0.00000701 
3.788087 	 0 	 0.00037243 	 0.00000994 
3.796606 	 0 	 0.00051219 	 0.00001303 
3.805056 	 0 	 0.00108051 	 0.00002816 
3.813540 	 0 	 0.00183235 	 0.00004586 
3.817868 	 0 	 0.00503183 	 0.00012562 
3.822264 	 0 	 0.00814793 	 0.00019735 
3.830697 	 0 	 0.00898192 	 0.00021276 
3.837570 	 0 	 0.00724591 	 0.00017309 
3.844554 	 0 	 0.00376068 	 0.00009002 
3.846320 	 0 	 0.00288059 	 0.00006909 
3.847931 	 0 	 0.00365191 	 0.00008637 
3.849773 	 0 	 0.00161329 	 0.00003871 
3.852147 	 0 	 0.00116737 	 0.00002748 
3.856415 	 0 	 0.00067542 	 0.00001640 
3.865190 	 0 	 0.00035486 	 0.00000890 
3.866879 	 0 	 0.00027234 	 0.00000860 
3.869364 	 0 	 0.00027504 	 0.00001181 
3.873640 	 0 	 0.00032924 	 0.00001506 
3.878071 	 0 	 0.00042023 	 0.00002198 
3.881645 	 0 	 0.00040643 	 0.00001903 
3.886487 	 0 	 0.00086849 	 0.00003970 
3.890926 	 0 	 0.00132343 	 0.00005745 
3.899118 	 0 	 0.00321625 	 0.00008396 
3.908014 	 0 	 0.00813156 	 0.00020751 
3.916541 	 0 	 0.00802726 	 0.00020552 
3.925025 	 0 	 0.00437734 	 0.00012436 
3.933638 	 0 	 0.00228946 	 0.00006440 
3.942371 	 0 	 0.00115137 	 0.00003846 
3.950701 	 0 	 0.00119235 	 0.00004544 
3.959476 	 0 	 0.00083994 	 0.00004179 
3.967797 	 0 	 0.00074690 	 0.00003196 
3.972279 	 0 	 0.00048037 	 0.00002139 
3.976384 	 0 	 0.00054637 	 0.00002013 
3.984954 	 0 	 0.00117288 	 0.00003325 
4.002231 	 0 	 0.00079238 	 0.00002132 
4.010827 	 0 	 0.00035463 	 0.00001036 
4.019208 	 0 	 0.00030627 	 0.00000881 
4.036425 	 0 	 0.00028055 	 0.00000732 
4.053548 	 0 	 0.00035995 	 0.00000954 
4.070687 	 0 	 0.00065083 	 0.00001641 
4.075126 	 0 	 0.00150890 	 0.00003653 
4.078297 	 0 	 0.00169649 	 0.00004085 
4.087861 	 0 	 0.00198120 	 0.00004750 
4.092129 	 0 	 0.00205507 	 0.00005112 
4.096551 	 0 	 0.00183293 	 0.00005356 
4.105070 	 0 	 0.00160760 	 0.00004694 
4.113468 	 0 	 0.00120908 	 0.00003483 
4.122132 	 0 	 0.00110481 	 0.00003070 
4.123958 	 0 	 0.00103929 	 0.00002651 
4.126623 	 0 	 0.00104892 	 0.00002547 
4.130728 	 0 	 0.00101989 	 0.00002370 
4.139152 	 0 	 0.00102874 	 0.00002315 
4.156412 	 0 	 0.00120292 	 0.00002660 
4.170346 	 0 	 0.00161252 	 0.00003539 
4.190571 	 0 	 0.00264424 	 0.00005703 
4.199158 	 0 	 0.00404698 	 0.00008837 
4.207917 	 0 	 0.00534575 	 0.00011553 
4.216341 	 0 	 0.00712067 	 0.00015451 
4.221645 	 0 	 0.00886937 	 0.00018985 
4.225108 	 0 	 0.00959121 	 0.00020616 
4.230875 	 0 	 0.01192948 	 0.00025457 
4.239299 	 0 	 0.01466052 	 0.00031321 
4.242316 	 0 	 0.01482034 	 0.00031752 
4.247878 	 0 	 0.01663457 	 0.00035599 
4.252257 	 0 	 0.01700291 	 0.00036348 
4.254725 	 0 	 0.01688458 	 0.00036127 
4.257399 	 0 	 0.01660335 	 0.00035503 
4.259259 	 0 	 0.01664421 	 0.00035702 
4.261624 	 0 	 0.01580627 	 0.00033776 
4.263192 	 0 	 0.01539735 	 0.00032968 
4.271831 	 0 	 0.01267117 	 0.00027163 
4.276424 	 0 	 0.01175552 	 0.00025248 
4.280366 	 0 	 0.00988566 	 0.00021142 
4.288910 	 0 	 0.00769133 	 0.00016468 
4.293495 	 0 	 0.00702885 	 0.00015201 
4.297652 	 0 	 0.00604386 	 0.00012980 
4.300137 	 0 	 0.00575604 	 0.00012455 
4.300240 	 0 	 0.00577060 	 0.00012467 
4.301919 	 0 	 0.00571156 	 0.00012474 
4.306187 	 0 	 0.00554668 	 0.00012460 
4.308784 	 0 	 0.00558799 	 0.00012638 
4.310729 	 0 	 0.00565128 	 0.00012988 
4.313026 	 0 	 0.00631684 	 0.00014212 
4.315700 	 0 	 0.00688829 	 0.00015465 
4.318108 	 0 	 0.00724458 	 0.00016252 
4.320910 	 0 	 0.00730791 	 0.00016525 
4.323318 	 0 	 0.00716791 	 0.00016124 
4.327758 	 0 	 0.00681283 	 0.00015378 
4.331931 	 0 	 0.00584702 	 0.00013051 
4.340535 	 0 	 0.00366249 	 0.00008190 
4.344846 	 0 	 0.00309005 	 0.00007030 
4.348762 	 0 	 0.00246962 	 0.00005488 
4.357084 	 0 	 0.00190867 	 0.00004319 
4.362054 	 0 	 0.00179603 	 0.00004158 
4.365251 	 0 	 0.00176729 	 0.00004641 
4.367856 	 0 	 0.00180426 	 0.00004544 
4.369681 	 0 	 0.00171767 	 0.00004650 
4.370624 	 0 	 0.00170832 	 0.00004784 
4.371001 	 0 	 0.00171672 	 0.00004780 
4.371241 	 0 	 0.00171056 	 0.00004744 
4.373101 	 0 	 0.00168530 	 0.00004733 
4.374798 	 0 	 0.00165493 	 0.00004610 
4.376546 	 0 	 0.00165738 	 0.00004698 
4.378157 	 0 	 0.00148767 	 0.00004209 
4.379237 	 0 	 0.00151343 	 0.00004383 
4.379845 	 0 	 0.00152267 	 0.00004385 
4.382493 	 0 	 0.00151826 	 0.00004270 
4.386744 	 0 	 0.00134045 	 0.00003628 
4.391003 	 0 	 0.00116508 	 0.00003382 
4.395074 	 0 	 0.00110796 	 0.00002990 
4.396291 	 0 	 0.00108067 	 0.00003147 
4.399607 	 0 	 0.00133954 	 0.00003465 
4.403952 	 0 	 0.00232421 	 0.00005662 
4.406326 	 0 	 0.00285725 	 0.00006724 
4.408974 	 0 	 0.00303918 	 0.00007095 
4.411759 	 0 	 0.00310749 	 0.00007310 
4.413491 	 0 	 0.00316583 	 0.00007588 
4.414322 	 0 	 0.00318832 	 0.00007315 
4.419515 	 0 	 0.00308450 	 0.00007038 
4.421512 	 0 	 0.00283078 	 0.00006389 
4.430665 	 0 	 0.00177900 	 0.00004259 
4.447624 	 0 	 0.00116031 	 0.00002707 
4.464927 	 0 	 0.00105805 	 0.00002541 
4.482067 	 0 	 0.00122460 	 0.00003141 
4.490182 	 0 	 0.00172067 	 0.00004028 
4.493233 	 0 	 0.00192228 	 0.00004860 
4.499292 	 0 	 0.00292221 	 0.00007425 
4.507699 	 0 	 0.00389519 	 0.00009519 
4.512070 	 0 	 0.00405898 	 0.00010447 
4.516303 	 0 	 0.00390947 	 0.00010172 
4.520571 	 0 	 0.00353285 	 0.00009480 
4.520622 	 0 	 0.00349857 	 0.00008543 
4.524727 	 0 	 0.00313666 	 0.00009094 
4.529132 	 0 	 0.00267336 	 0.00008512 
4.533597 	 0 	 0.00244990 	 0.00007061 
4.535980 	 0 	 0.00241075 	 0.00007082 
4.540033 	 0 	 0.00239025 	 0.00006329 
4.541790 	 0 	 0.00236624 	 0.00006546 
4.544070 	 0 	 0.00222154 	 0.00006310 
4.549083 	 0 	 0.00249915 	 0.00006232 
4.553068 	 0 	 0.00288637 	 0.00007201 
4.557044 	 0 	 0.00327976 	 0.00008041 
4.561578 	 0 	 0.00372243 	 0.00008887 
4.565751 	 0 	 0.00432187 	 0.00010186 
4.570208 	 0 	 0.00488907 	 0.00011514 
4.570233 	 0 	 0.00466198 	 0.00010721 
4.574141 	 0 	 0.00471133 	 0.00010706 
4.578658 	 0 	 0.00424096 	 0.00009660 
4.578820 	 0 	 0.00416646 	 0.00009376 
4.582257 	 0 	 0.00370167 	 0.00008357 
4.583388 	 0 	 0.00355065 	 0.00007927 
4.583662 	 0 	 0.00346051 	 0.00007718 
4.586636 	 0 	 0.00441329 	 0.00010183 
4.587964 	 0 	 0.00386044 	 0.00008515 
4.591650 	 0 	 0.00409240 	 0.00009637 
4.593304 	 0 	 0.00371352 	 0.00008753 
4.595069 	 0 	 0.00348669 	 0.00008273 
4.596757 	 0 	 0.00331322 	 0.00007894 
4.598634 	 0 	 0.00311897 	 0.00007535 
4.600339 	 0 	 0.00288573 	 0.00006628 
4.601719 	 0 	 0.00292524 	 0.00006966 
4.606133 	 0 	 0.00150686 	 0.00003502 
4.610666 	 0 	 0.00062453 	 0.00001573 
4.613091 	 0 	 0.00038747 	 0.00001006 
4.613451 	 0 	 0.00054691 	 0.00001322 
4.613897 	 0 	 0.00034018 	 0.00000861 
4.615697 	 0 	 0.00027673 	 0.00000708 
4.619039 	 0 	 0.00023708 	 0.00000589 
4.621798 	 0 	 0.00024495 	 0.00000626 
4.630651 	 0 	 0.00034399 	 0.00000823 
4.639795 	 0 	 0.00064525 	 0.00001487 
4.648605 	 0 	 0.00072249 	 0.00001664 
4.658075 	 0 	 0.00063505 	 0.00001441 
4.661374 	 0 	 0.00056706 	 0.00001321 
