3.996000 	 0 	 1.36416659E-10 	 1.21450339E-11 
4.001000 	 0 	 1.10143264E-10 	 1.63889507E-11 
4.002900 	 0 	 1.05455335E-10 	 1.67798158E-11 
4.007000 	 0 	 1.21867926E-10 	 1.95831557E-11 
4.009100 	 0 	 1.46928388E-10 	 2.31821389E-11 
4.010000 	 0 	 1.20871384E-10 	 2.29327281E-11 
4.015100 	 0 	 1.28141581E-10 	 2.07012657E-11 
4.019100 	 0 	 1.32505854E-10 	 1.52924443E-11 
4.019900 	 0 	 1.65171221E-10 	 2.45359845E-11 
4.025000 	 0 	 1.63684694E-10 	 2.42032913E-11 
4.030000 	 0 	 1.82126425E-10 	 2.04027027E-11 
4.035100 	 0 	 1.74641993E-10 	 1.89618562E-11 
4.270000 	 0 	 4.80717043E-11 	 1.27536794E-11 
4.290100 	 0 	 5.19593655E-11 	 1.38423804E-11 
4.291100 	 0 	 4.58698211E-11 	 1.40576962E-11 
4.293200 	 0 	 4.92788448E-11 	 1.63658915E-11 
4.294200 	 0 	 5.21800609E-11 	 1.79014599E-11 
4.295100 	 0 	 3.30412758E-11 	 1.31273965E-11 
4.296200 	 0 	 3.30698699E-11 	 1.35324800E-11 
4.297200 	 0 	 7.82856982E-11 	 3.06344081E-11 
4.298100 	 0 	 4.11431326E-11 	 1.83418699E-11 
4.301100 	 0 	 2.39990328E-11 	 1.41961498E-11 
4.303100 	 0 	 4.04236654E-11 	 2.73761176E-11 
4.305200 	 0 	 4.29448874E-11 	 2.40715695E-11 
4.307200 	 0 	 1.10230448E-10 	 4.94042796E-11 
4.309300 	 0 	 1.57059972E-10 	 9.14339378E-11 
4.310000 	 0 	 9.75154185E-11 	 4.03329575E-11 
4.311200 	 0 	 1.95360629E-11 	 1.13302734E-11 
4.313100 	 0 	 8.15589776E-11 	 5.44658357E-11 
4.315100 	 0 	 3.12095458E-11 	 2.25463001E-11 
4.319200 	 0 	 9.93127746E-12 	 6.49563036E-12 
4.321200 	 0 	 7.22830402E-11 	 3.37517098E-11 
4.323000 	 0 	 7.40060447E-11 	 2.99030797E-11 
4.325200 	 0 	 1.82846883E-11 	 9.31581531E-12 
4.327100 	 0 	 2.87721663E-11 	 1.29951967E-11 
4.329100 	 0 	 6.21240948E-11 	 2.97500970E-11 
4.330100 	 0 	 4.97377800E-11 	 2.44965295E-11 
4.331200 	 0 	 3.04582110E-11 	 1.22043684E-11 
4.333200 	 0 	 3.12401836E-11 	 1.25737158E-11 
4.335200 	 0 	 5.19042376E-11 	 1.91815114E-11 
4.340000 	 0 	 5.82543255E-11 	 1.89743166E-11 
4.344900 	 0 	 5.38709095E-11 	 1.57132777E-11 
4.350000 	 0 	 5.25339217E-11 	 1.35900784E-11 
4.370100 	 0 	 4.91723924E-11 	 1.43891480E-11 
4.390100 	 0 	 4.65860140E-11 	 1.43715607E-11 
4.410000 	 0 	 1.61344633E-11 	 9.00224408E-12 
4.420200 	 0 	 2.67330335E-11 	 1.14235593E-11 
4.430200 	 0 	 4.16941526E-11 	 1.53400692E-11 
4.440000 	 0 	 3.03729721E-11 	 1.38742825E-11 
4.449900 	 0 	 2.17320696E-11 	 1.13224181E-11 
4.455000 	 0 	 7.59966597E-11 	 3.93389234E-11 
4.460100 	 0 	 3.22139656E-11 	 1.93136035E-11 
4.470000 	 0 	 1.01961944E-10 	 7.11292763E-11 
4.478000 	 0 	 2.55352273E-11 	 1.50898276E-11 
4.486100 	 0 	 5.61832474E-11 	 2.65491562E-11 
4.488200 	 0 	 2.51999462E-11 	 1.03822979E-11 
4.490100 	 0 	 4.29749453E-11 	 2.12313419E-11 
4.492200 	 0 	 2.74617617E-11 	 1.11231584E-11 
4.495000 	 0 	 3.64731634E-11 	 1.66744999E-11 
4.500000 	 0 	 2.01892384E-11 	 8.44524968E-12 
4.510200 	 0 	 2.96984053E-11 	 1.33055725E-11 
4.512200 	 0 	 4.51930778E-11 	 1.84227963E-11 
4.515100 	 0 	 4.12590518E-11 	 1.97722095E-11 
4.520100 	 0 	 5.54745565E-11 	 2.28501542E-11 
4.525200 	 0 	 4.66276947E-10 	 2.36097279E-10 
4.535100 	 0 	 1.91025147E-10 	 1.45064026E-10 
4.549800 	 0 	 5.37372466E-11 	 2.58429192E-11 
4.560200 	 0 	 1.45174395E-10 	 7.14524290E-11 
4.570100 	 0 	 4.12908489E-10 	 2.15604977E-10 
4.580000 	 0 	 2.74716633E-10 	 1.48461263E-10 
4.590100 	 0 	 6.62088425E-11 	 3.18960039E-11 
4.600300 	 0 	 5.39800207E-11 	 2.40850486E-11 
4.610000 	 0 	 2.65499946E-10 	 1.50230089E-10 
4.620200 	 0 	 2.40645041E-10 	 1.33348669E-10 
4.629900 	 0 	 6.30788103E-11 	 3.16889164E-11 
4.635200 	 0 	 1.05168586E-10 	 4.96229919E-11 
4.640000 	 0 	 3.70805991E-11 	 1.56645660E-11 
4.650000 	 0 	 4.17493356E-11 	 2.18418699E-11 
4.670100 	 0 	 4.78486838E-11 	 2.12591660E-11 
4.680200 	 0 	 3.94194001E-11 	 1.64457894E-11 
4.689900 	 0 	 4.59076425E-11 	 1.80625662E-11 
4.710000 	 0 	 9.60370524E-11 	 1.91172277E-11 
4.730000 	 0 	 1.44139219E-10 	 2.86186928E-11 
4.750000 	 0 	 6.72309542E-11 	 2.07864542E-11 
4.755200 	 0 	 3.91961279E-11 	 1.68149038E-11 
4.758900 	 0 	 3.79875751E-11 	 2.76664440E-11 
4.770000 	 0 	 5.14606822E-11 	 2.48960424E-11 
4.775000 	 0 	 7.12487343E-11 	 2.93344754E-11 
4.780200 	 0 	 1.44362274E-10 	 7.71446837E-11 
4.790100 	 0 	 2.64602108E-11 	 1.42616664E-11 
4.799900 	 0 	 4.73083837E-11 	 2.83029561E-11 
4.810000 	 0 	 6.67282998E-11 	 3.08516557E-11 
4.812200 	 0 	 4.18738363E-11 	 1.68462015E-11 
4.815300 	 0 	 5.18306031E-11 	 2.08087440E-11 
4.820100 	 0 	 5.31880764E-11 	 2.03710487E-11 
4.829900 	 0 	 7.15184589E-11 	 1.85287692E-11 
4.850000 	 0 	 7.31266090E-11 	 1.55945410E-11 
4.866300 	 0 	 1.62452300E-10 	 2.24195364E-11 
4.889900 	 0 	 1.37284707E-10 	 1.71234327E-11 
4.899900 	 0 	 8.25587043E-11 	 2.76102175E-11 
4.910100 	 0 	 8.36668419E-11 	 2.51152730E-11 
4.920000 	 0 	 4.48259389E-11 	 2.24621267E-11 
4.926200 	 0 	 3.96640326E-11 	 1.44119865E-11 
4.930200 	 0 	 5.96750169E-11 	 2.12862215E-11 
4.936900 	 0 	 5.99865798E-11 	 1.78752983E-11 
4.946700 	 0 	 8.67600564E-11 	 2.09279456E-11 
4.950300 	 0 	 9.27986986E-11 	 2.66884468E-11 
4.956800 	 0 	 6.41800778E-11 	 2.35425752E-11 
4.961900 	 0 	 1.37892441E-10 	 2.70082392E-11 
4.964700 	 0 	 1.38018717E-10 	 3.15598498E-11 
4.967900 	 0 	 1.53300900E-10 	 2.93804061E-11 
4.970000 	 0 	 1.27649420E-10 	 3.74513103E-11 
4.972800 	 0 	 1.85210204E-10 	 2.98077688E-11 
4.974600 	 0 	 1.94013696E-10 	 3.47387346E-11 
4.984700 	 0 	 2.42534803E-10 	 3.13882567E-11 
4.990100 	 0 	 2.08143048E-10 	 3.82018311E-11 
4.994700 	 0 	 2.50850489E-10 	 3.16138545E-11 
5.004600 	 0 	 2.50736158E-10 	 2.44168954E-11 
5.010000 	 0 	 2.44385481E-10 	 3.52893186E-11 
5.014800 	 0 	 1.88138231E-10 	 2.75145591E-11 
5.017700 	 0 	 1.56198351E-10 	 3.86895924E-11 
5.017900 	 0 	 1.60443360E-10 	 2.74362048E-11 
5.019800 	 0 	 1.38148079E-10 	 3.66338255E-11 
5.024800 	 0 	 5.62401443E-11 	 2.13574132E-11 
5.027800 	 0 	 6.95110453E-11 	 3.61107811E-11 
5.030100 	 0 	 7.93671476E-11 	 3.66481691E-11 
5.032800 	 0 	 9.37245688E-11 	 4.22534233E-11 
5.035900 	 0 	 6.73517988E-11 	 2.70323385E-11 
5.038700 	 0 	 3.73883763E-11 	 1.77769565E-11 
5.042000 	 0 	 9.34433459E-11 	 4.48854463E-11 
5.044800 	 0 	 9.47186263E-11 	 4.25543547E-11 
5.050000 	 0 	 5.94652573E-11 	 2.86905847E-11 
5.054800 	 0 	 4.76862098E-11 	 2.08710337E-11 
5.064900 	 0 	 8.72590573E-11 	 3.13870432E-11 
5.069900 	 0 	 8.18242505E-11 	 3.73088511E-11 
5.074500 	 0 	 1.58240999E-10 	 3.19752714E-11 
5.084200 	 0 	 9.43704722E-11 	 2.81559221E-11 
5.090000 	 0 	 7.25802428E-11 	 2.54363543E-11 
5.093700 	 0 	 5.49732350E-11 	 2.46382534E-11 
5.096800 	 0 	 4.43901962E-11 	 1.76735493E-11 
5.098900 	 0 	 7.79207819E-11 	 3.78852830E-11 
5.100000 	 0 	 8.09659400E-11 	 3.48300023E-11 
5.100400 	 0 	 8.12371170E-11 	 3.66467847E-11 
5.100700 	 0 	 1.20966324E-10 	 5.62559430E-11 
5.102900 	 0 	 5.25391828E-11 	 2.67281970E-11 
5.104900 	 0 	 1.22417210E-10 	 5.72094868E-11 
5.106900 	 0 	 1.09238780E-10 	 5.66728266E-11 
5.108800 	 0 	 5.23215988E-11 	 2.38938791E-11 
5.110000 	 0 	 7.13302950E-11 	 3.69337285E-11 
5.110800 	 0 	 5.44556590E-11 	 2.30737031E-11 
5.113800 	 0 	 6.93843148E-11 	 3.41172457E-11 
5.118800 	 0 	 8.48232437E-11 	 4.78346334E-11 
5.123800 	 0 	 1.49885488E-10 	 5.90033663E-11 
5.128500 	 0 	 7.11364965E-11 	 2.92839562E-11 
5.129900 	 0 	 8.28627670E-11 	 3.71119474E-11 
5.133800 	 0 	 9.41979881E-11 	 3.71539259E-11 
5.138900 	 0 	 1.00632121E-10 	 3.79409084E-11 
5.141700 	 0 	 1.08921747E-10 	 4.20885562E-11 
5.144700 	 0 	 1.37536785E-10 	 5.65683001E-11 
5.148000 	 0 	 1.65175768E-10 	 6.13718902E-11 
5.150000 	 0 	 1.72195959E-10 	 7.34728124E-11 
5.151000 	 0 	 8.78048334E-11 	 3.46079663E-11 
5.157000 	 0 	 1.60449002E-10 	 4.82196891E-11 
5.159400 	 0 	 1.95517709E-10 	 4.20617455E-11 
5.170000 	 0 	 1.98978695E-10 	 5.61736974E-11 
5.189800 	 0 	 2.15783761E-10 	 3.93071589E-11 
5.210000 	 0 	 2.09871663E-10 	 4.78570029E-11 
5.230000 	 0 	 1.27918626E-10 	 4.84706588E-11 
5.239500 	 0 	 1.32035830E-10 	 3.75250465E-11 
5.243100 	 0 	 1.19077172E-10 	 5.04220890E-11 
5.250100 	 0 	 1.08850379E-10 	 4.81755031E-11 
5.259900 	 0 	 7.80712197E-11 	 3.03093170E-11 
5.265000 	 0 	 2.05602768E-10 	 9.03850912E-11 
5.270000 	 0 	 1.87695049E-10 	 7.83870050E-11 
5.275000 	 0 	 1.03374133E-10 	 3.04046198E-11 
5.279800 	 0 	 1.52761715E-10 	 6.49934719E-11 
5.285000 	 0 	 3.60534095E-11 	 1.84761037E-11 
5.290200 	 0 	 5.33704797E-11 	 2.90345703E-11 
5.292900 	 0 	 5.11712733E-11 	 2.26770952E-11 
5.297700 	 0 	 6.19305645E-11 	 3.03120636E-11 
5.299700 	 0 	 1.60850625E-10 	 7.86626842E-11 
5.302400 	 0 	 1.03539505E-10 	 5.40537812E-11 
5.308200 	 0 	 1.29692145E-10 	 5.21901466E-11 
5.312900 	 0 	 1.17645977E-10 	 4.63325541E-11 
5.317500 	 0 	 1.20936050E-10 	 5.06998828E-11 
5.322800 	 0 	 1.77794314E-10 	 6.91136761E-11 
5.327700 	 0 	 1.83647315E-10 	 7.25847357E-11 
5.332900 	 0 	 1.21903450E-10 	 3.93219510E-11 
5.337500 	 0 	 9.52170114E-11 	 4.45989838E-11 
5.342700 	 0 	 1.72201301E-10 	 7.09777152E-11 
5.342900 	 0 	 1.29824249E-10 	 4.82541144E-11 
5.346900 	 0 	 1.66620037E-10 	 5.24988783E-11 
5.348300 	 0 	 1.90700969E-10 	 6.27225365E-11 
5.348600 	 0 	 2.17209063E-10 	 5.10224496E-11 
5.352100 	 0 	 1.19891735E-10 	 4.96400628E-11 
5.353600 	 0 	 2.12307845E-10 	 4.94882748E-11 
5.357900 	 0 	 1.40487580E-10 	 5.66332021E-11 
5.359800 	 0 	 7.87359950E-11 	 3.61385077E-11 
5.361900 	 0 	 6.83586919E-11 	 3.55521585E-11 
5.363900 	 0 	 1.32404542E-10 	 5.64988595E-11 
5.366000 	 0 	 6.51916731E-11 	 2.98515069E-11 
5.368000 	 0 	 1.17222575E-10 	 4.27877661E-11 
5.369700 	 0 	 1.85337206E-10 	 7.61255097E-11 
5.374800 	 0 	 2.52792158E-10 	 5.06075603E-11 
5.380100 	 0 	 3.03428415E-10 	 4.42045810E-11 
5.382900 	 0 	 3.38712944E-10 	 4.33070980E-11 
5.383300 	 0 	 3.16680162E-10 	 3.36598706E-11 
5.383900 	 0 	 3.65042026E-10 	 3.60378747E-11 
5.386000 	 0 	 3.54185794E-10 	 3.70024456E-11 
5.389900 	 0 	 3.40261131E-10 	 2.93439733E-11 
5.393100 	 0 	 3.22084237E-10 	 3.05889569E-11 
5.403400 	 0 	 2.05962319E-10 	 2.60501552E-11 
5.414100 	 0 	 2.11071763E-10 	 2.82026230E-11 
5.424400 	 0 	 1.44511193E-10 	 2.42018456E-11 
5.435400 	 0 	 1.62680512E-10 	 2.47529586E-11 
5.439300 	 0 	 2.29129528E-10 	 3.09528265E-11 
