3.996000 	 0 	 2.07362656E-11 	 2.38731544E-12 
4.001000 	 0 	 2.15689930E-11 	 3.75550309E-12 
4.002900 	 0 	 1.06385971E-11 	 2.93764034E-12 
4.007000 	 0 	 1.60437150E-11 	 2.83692312E-12 
4.009100 	 0 	 2.04614205E-11 	 3.69505136E-12 
4.010000 	 0 	 1.49824446E-11 	 4.52554970E-12 
4.015100 	 0 	 1.72364124E-11 	 2.47321108E-12 
4.019100 	 0 	 2.39915483E-11 	 3.40537668E-12 
4.019900 	 0 	 1.69910107E-11 	 4.02623054E-12 
4.025000 	 0 	 1.90106180E-11 	 2.92029819E-12 
4.030000 	 0 	 3.01439245E-11 	 3.47200666E-12 
4.035100 	 0 	 2.16708579E-11 	 3.96059686E-12 
4.270000 	 0 	 2.05153210E-13 	 1.84922604E-13 
4.290100 	 0 	 1.90738977E-12 	 1.71929790E-12 
4.291100 	 0 	 2.67407122E-12 	 1.75702764E-12 
4.293200 	 0 	 4.83145729E-12 	 2.30189222E-12 
4.294200 	 0 	 9.68481908E-12 	 3.70743134E-12 
4.295100 	 0 	 3.00992844E-12 	 2.20807500E-12 
4.296200 	 0 	 6.56059543E-12 	 3.04354264E-12 
4.297200 	 0 	 2.92821098E-12 	 2.63945371E-12 
4.298100 	 0 	 6.13837865E-12 	 5.53305975E-12 
4.299100 	 0 	 1.41475802E-11 	 1.27524565E-11 
4.301100 	 0 	 2.35407547E-20 	 2.12193496E-20 
4.303100 	 0 	 8.93266940E-19 	 8.05179939E-19 
4.305200 	 0 	 8.18845045E-12 	 7.38096949E-12 
4.307200 	 0 	 6.96955077E-12 	 6.28226817E-12 
4.309300 	 0 	 9.93920816E-18 	 8.95908117E-18 
4.310000 	 0 	 7.45685183E-17 	 6.72151540E-17 
4.311200 	 0 	 2.35211653E-12 	 2.12016919E-12 
4.313100 	 0 	 1.30802550E-19 	 1.17903825E-19 
4.315100 	 0 	 3.22928218E-12 	 2.91083562E-12 
4.317200 	 0 	 0.00000000E+00 	 0.00000000E+00 
4.319200 	 0 	 1.58900866E-12 	 1.43231305E-12 
4.321200 	 0 	 2.72609590E-21 	 2.45726964E-21 
4.323000 	 0 	 5.90585847E-12 	 5.32346888E-12 
4.325200 	 0 	 8.06248470E-12 	 7.26742550E-12 
4.327100 	 0 	 5.41643226E-12 	 4.88230606E-12 
4.329100 	 0 	 1.39163066E-11 	 8.89242806E-12 
4.330100 	 0 	 7.60640796E-20 	 6.85632348E-20 
4.331200 	 0 	 7.12253802E-21 	 6.42016901E-21 
4.333200 	 0 	 4.37891851E-12 	 3.94710380E-12 
4.335200 	 0 	 3.05000953E-13 	 2.74924144E-13 
4.340000 	 0 	 7.29341691E-12 	 2.41569053E-12 
4.344900 	 0 	 5.98463158E-12 	 3.81460234E-12 
4.350000 	 0 	 3.68278262E-12 	 2.33431622E-12 
4.370100 	 0 	 7.54131180E-12 	 2.74052494E-12 
4.390100 	 0 	 3.72006184E-12 	 3.35321842E-12 
4.410000 	 0 	 5.04653698E-12 	 2.45574776E-12 
4.420200 	 0 	 4.53574052E-12 	 3.93086151E-12 
4.430200 	 0 	 7.08112722E-12 	 4.57273783E-12 
4.440000 	 0 	 9.71471369E-12 	 8.75672458E-12 
4.449900 	 0 	 4.77880337E-12 	 4.30755514E-12 
4.455000 	 0 	 1.36260274E-17 	 1.22823351E-17 
4.460100 	 0 	 1.66672514E-14 	 1.50236574E-14 
4.470000 	 0 	 2.16607664E-11 	 1.95247510E-11 
4.478000 	 0 	 3.52472588E-12 	 3.17714497E-12 
4.486100 	 0 	 3.02512506E-12 	 2.17575711E-12 
4.488200 	 0 	 4.34022648E-12 	 3.91222728E-12 
4.490100 	 0 	 4.59656263E-18 	 4.14328556E-18 
4.492200 	 0 	 6.30342822E-12 	 5.68183341E-12 
4.495000 	 0 	 5.39648669E-12 	 3.47785327E-12 
4.500000 	 0 	 5.81245860E-12 	 4.34701978E-12 
4.510200 	 0 	 1.43156928E-12 	 1.29039911E-12 
4.512200 	 0 	 7.00343449E-12 	 5.64364446E-12 
4.515100 	 0 	 1.66959825E-11 	 1.65088613E-11 
4.520100 	 0 	 3.52398979E-11 	 2.47841736E-11 
4.525200 	 0 	 5.18361526E-17 	 4.67244765E-17 
4.529400 	 0 	 9.46389819E-12 	 4.94502070E-12 
4.535100 	 0 	 1.67111791E-20 	 1.50632533E-20 
4.540200 	 0 	 1.11795137E-11 	 1.00770775E-11 
4.549800 	 0 	 5.15589330E-18 	 4.64745941E-18 
4.560200 	 0 	 1.24131470E-13 	 1.11890595E-13 
4.570100 	 0 	 5.85771604E-18 	 5.28007389E-18 
4.580000 	 0 	 1.07638149E-13 	 9.70237160E-14 
4.590100 	 0 	 2.41685652E-16 	 2.17852503E-16 
4.600300 	 0 	 1.56443287E-11 	 1.41016074E-11 
4.610000 	 0 	 1.49456403E-11 	 1.34718181E-11 
4.620200 	 0 	 1.46291232E-12 	 1.31865134E-12 
4.629900 	 0 	 2.98676546E-11 	 2.69223400E-11 
4.635200 	 0 	 6.60211307E-18 	 5.95106430E-18 
4.640000 	 0 	 1.13065242E-11 	 1.01915632E-11 
4.650000 	 0 	 2.94917757E-17 	 2.65835273E-17 
4.670100 	 0 	 1.04257019E-11 	 9.99773241E-12 
4.680200 	 0 	 4.38663554E-12 	 3.95405984E-12 
4.689900 	 0 	 8.29089706E-12 	 6.22195390E-12 
4.710000 	 0 	 7.29961428E-12 	 2.43871909E-12 
4.730000 	 0 	 1.57838290E-11 	 4.60905588E-12 
4.750000 	 0 	 5.49545469E-12 	 4.95353592E-12 
4.755200 	 0 	 8.23331611E-12 	 7.42141085E-12 
4.758900 	 0 	 5.57295746E-12 	 5.02339597E-12 
4.770000 	 0 	 7.09852023E-12 	 6.39851967E-12 
4.775000 	 0 	 3.63035428E-12 	 3.27235712E-12 
4.780200 	 0 	 9.58447389E-12 	 8.63932801E-12 
4.790100 	 0 	 1.37375089E-16 	 1.23828231E-16 
4.799900 	 0 	 2.90974946E-12 	 2.62281272E-12 
4.810000 	 0 	 5.64255324E-12 	 5.08612876E-12 
4.812200 	 0 	 6.56868050E-12 	 5.92092859E-12 
4.815300 	 0 	 3.99611797E-12 	 3.93588298E-12 
4.820100 	 0 	 5.46985788E-13 	 4.93046327E-13 
4.829900 	 0 	 6.30763103E-12 	 3.07158622E-12 
4.850000 	 0 	 6.05635251E-12 	 2.47185210E-12 
4.866300 	 0 	 2.29296843E-11 	 4.63221744E-12 
4.889900 	 0 	 1.05666031E-11 	 2.87431066E-12 
4.899900 	 0 	 1.46888411E-12 	 1.32403425E-12 
4.910100 	 0 	 2.13638386E-19 	 1.92571039E-19 
4.920000 	 0 	 4.32850846E-12 	 4.08261432E-12 
4.926200 	 0 	 5.94183172E-12 	 3.07348443E-12 
4.930200 	 0 	 9.26641334E-12 	 4.02821828E-12 
4.936900 	 0 	 2.00189376E-11 	 5.43108483E-12 
4.946700 	 0 	 1.20002263E-11 	 2.99299513E-12 
4.950300 	 0 	 2.18124952E-11 	 6.00513241E-12 
4.956800 	 0 	 1.31639551E-11 	 9.34908013E-12 
4.961900 	 0 	 5.16326603E-12 	 4.25988044E-12 
4.964700 	 0 	 5.39841001E-12 	 3.37811121E-12 
4.967900 	 0 	 2.14556120E-11 	 4.87816111E-12 
4.970000 	 0 	 2.02896274E-11 	 1.30942060E-11 
4.972800 	 0 	 2.36385830E-11 	 4.70962394E-12 
4.974600 	 0 	 2.13575463E-11 	 5.66430814E-12 
4.984700 	 0 	 3.73320454E-11 	 5.40710330E-12 
4.990100 	 0 	 4.56028069E-11 	 7.65884577E-12 
4.994700 	 0 	 2.80415668E-11 	 4.42685732E-12 
5.004600 	 0 	 3.94003294E-11 	 5.13925142E-12 
5.010000 	 0 	 3.31392024E-11 	 7.17653788E-12 
5.014800 	 0 	 1.95636325E-11 	 3.28798737E-12 
5.017700 	 0 	 1.97182107E-11 	 5.14205731E-12 
5.017900 	 0 	 3.25933112E-11 	 5.41317833E-12 
5.019800 	 0 	 1.31428223E-11 	 4.74100902E-12 
5.024800 	 0 	 1.07302042E-11 	 9.67207537E-12 
5.027800 	 0 	 1.17766341E-11 	 9.18986711E-12 
5.030100 	 0 	 2.40867646E-19 	 2.17115162E-19 
5.032800 	 0 	 3.53243104E-21 	 3.18409031E-21 
5.035900 	 0 	 5.53000326E-12 	 4.98467758E-12 
5.038700 	 0 	 7.43087510E-12 	 6.69810030E-12 
5.042000 	 0 	 6.49324352E-22 	 5.85293062E-22 
5.044800 	 0 	 5.81987883E-12 	 5.24596788E-12 
5.050000 	 0 	 7.38858575E-12 	 6.65998120E-12 
5.054800 	 0 	 3.44154812E-17 	 3.10216955E-17 
5.064900 	 0 	 4.99673243E-12 	 4.50399374E-12 
5.069900 	 0 	 1.15000200E-11 	 7.66760449E-12 
5.074500 	 0 	 1.97265213E-11 	 5.94461198E-12 
5.084200 	 0 	 1.49091922E-11 	 6.68738738E-12 
5.090000 	 0 	 1.49582250E-11 	 5.03918722E-12 
5.093700 	 0 	 5.49106192E-12 	 4.94957633E-12 
5.096800 	 0 	 1.60682908E-11 	 1.39071211E-11 
5.098900 	 0 	 1.84345710E-11 	 1.63026095E-11 
5.100000 	 0 	 2.45094207E-11 	 2.20924932E-11 
5.100400 	 0 	 2.62818454E-11 	 2.50800267E-11 
5.100700 	 0 	 1.46865854E-11 	 1.32383092E-11 
5.102900 	 0 	 1.30410762E-11 	 1.17550672E-11 
5.104900 	 0 	 4.85188962E-12 	 4.37343420E-12 
5.106900 	 0 	 2.84977029E-20 	 2.56874822E-20 
5.108800 	 0 	 1.67837192E-11 	 1.51286401E-11 
5.110000 	 0 	 1.78618483E-11 	 1.59455101E-11 
5.110800 	 0 	 8.55835760E-12 	 7.71439929E-12 
5.113800 	 0 	 1.32704502E-11 	 1.19618221E-11 
5.118800 	 0 	 3.45030992E-18 	 3.11006734E-18 
5.123800 	 0 	 1.19872854E-11 	 1.08051930E-11 
5.128500 	 0 	 2.09604158E-11 	 1.35818721E-11 
5.129900 	 0 	 1.56368492E-11 	 1.22713910E-11 
5.133800 	 0 	 1.16886599E-11 	 1.13720212E-11 
5.138900 	 0 	 1.56660552E-11 	 1.04525643E-11 
5.141700 	 0 	 9.15516932E-12 	 7.93865066E-12 
5.144700 	 0 	 8.43734263E-12 	 7.60531787E-12 
5.148000 	 0 	 2.40440241E-11 	 1.99136224E-11 
5.150000 	 0 	 1.85884368E-11 	 1.70694022E-11 
5.151000 	 0 	 2.97307663E-11 	 1.14041573E-11 
5.157000 	 0 	 2.56421626E-11 	 1.18818403E-11 
5.159400 	 0 	 2.31245098E-11 	 7.68441675E-12 
5.170000 	 0 	 3.18398912E-11 	 1.06698327E-11 
5.189800 	 0 	 1.68319210E-11 	 4.43038178E-12 
5.210000 	 0 	 3.49863043E-11 	 8.65702772E-12 
5.230000 	 0 	 2.34597852E-11 	 1.17159348E-11 
5.239500 	 0 	 2.71366554E-11 	 8.34288100E-12 
5.243100 	 0 	 2.45434943E-11 	 1.76000385E-11 
5.250100 	 0 	 1.22323309E-11 	 1.10260741E-11 
5.259900 	 0 	 2.04413562E-11 	 1.73163468E-11 
5.265000 	 0 	 1.35936158E-11 	 1.22531197E-11 
5.270000 	 0 	 2.03104040E-11 	 1.83075508E-11 
5.275000 	 0 	 0.00000000E+00 	 0.00000000E+00 
5.275000 	 0 	 3.45434652E-11 	 3.11370588E-11 
5.279800 	 0 	 4.65208966E-11 	 4.47456912E-11 
5.285000 	 0 	 5.65941200E-11 	 5.10132504E-11 
5.290200 	 0 	 1.34008087E-11 	 1.20793257E-11 
5.292900 	 0 	 3.28362197E-12 	 2.95981685E-12 
5.297700 	 0 	 1.12328800E-12 	 1.01251812E-12 
5.299700 	 0 	 5.10437912E-20 	 4.60102516E-20 
5.302400 	 0 	 1.82211060E-11 	 1.64242830E-11 
5.308200 	 0 	 1.37187505E-11 	 1.10941611E-11 
5.312900 	 0 	 1.73552547E-11 	 1.50991741E-11 
5.317500 	 0 	 2.11295970E-11 	 2.09202677E-11 
5.322800 	 0 	 2.06568395E-11 	 1.97600625E-11 
5.327700 	 0 	 7.52545033E-12 	 6.78334926E-12 
5.332900 	 0 	 2.83979751E-11 	 2.55975888E-11 
5.332900 	 0 	 1.39778054E-11 	 1.25994236E-11 
5.337500 	 0 	 1.06379797E-11 	 9.58894533E-12 
5.342700 	 0 	 3.25136477E-11 	 1.67895943E-11 
5.342900 	 0 	 2.92134875E-11 	 1.08931303E-11 
5.346900 	 0 	 2.89442224E-11 	 1.11494861E-11 
5.348300 	 0 	 3.41842076E-11 	 1.23220073E-11 
5.348600 	 0 	 9.39805408E-12 	 5.36829681E-12 
5.352100 	 0 	 1.76064738E-11 	 1.58702611E-11 
5.353600 	 0 	 2.65711749E-11 	 7.64078325E-12 
5.357900 	 0 	 1.49241513E-11 	 1.34524482E-11 
5.359800 	 0 	 1.17438070E-11 	 1.05857246E-11 
5.361900 	 0 	 3.59212527E-19 	 3.23789797E-19 
5.363900 	 0 	 2.58797286E-11 	 1.74504300E-11 
5.366000 	 0 	 9.51811926E-12 	 8.57951676E-12 
5.368000 	 0 	 1.36246027E-11 	 1.04005110E-11 
5.369700 	 0 	 5.06188794E-12 	 4.56272413E-12 
5.374800 	 0 	 1.23772925E-11 	 7.02850124E-12 
5.380100 	 0 	 4.29930245E-11 	 7.49160496E-12 
5.382900 	 0 	 5.29732873E-11 	 7.91693116E-12 
5.383300 	 0 	 4.94235701E-11 	 7.20977022E-12 
5.383900 	 0 	 5.56114446E-11 	 6.10986630E-12 
5.386000 	 0 	 3.21864454E-11 	 5.49864188E-12 
5.389900 	 0 	 3.88144284E-11 	 5.77728662E-12 
5.393100 	 0 	 2.87092684E-11 	 5.09340975E-12 
5.403400 	 0 	 1.58119665E-11 	 4.93087966E-12 
5.414100 	 0 	 3.14295824E-11 	 5.55135059E-12 
5.424400 	 0 	 1.53601044E-11 	 5.06929211E-12 
5.435400 	 0 	 2.61557610E-11 	 4.82425635E-12 
5.439300 	 0 	 1.84628272E-11 	 5.07880495E-12 
3.996000 	 15 	 1.19040489E-11 	 2.33186631E-12 
4.001000 	 15 	 1.02750045E-11 	 3.34017275E-12 
4.002900 	 15 	 1.34643132E-11 	 4.18440229E-12 
4.007000 	 15 	 1.04178575E-11 	 4.05595455E-12 
4.009100 	 15 	 1.04098398E-11 	 4.75793182E-12 
4.010000 	 15 	 9.81344597E-12 	 4.68052433E-12 
4.015100 	 15 	 1.04885327E-11 	 4.62467584E-12 
4.019100 	 15 	 2.06181291E-11 	 4.20116357E-12 
4.019900 	 15 	 1.47859698E-11 	 5.14430017E-12 
4.025000 	 15 	 1.50259970E-11 	 5.31140651E-12 
4.030000 	 15 	 1.52480926E-11 	 4.36695561E-12 
4.035100 	 15 	 1.39017680E-11 	 4.83151534E-12 
4.270000 	 15 	 4.77370133E-12 	 2.23721991E-12 
4.290100 	 15 	 3.32897535E-12 	 2.54637657E-12 
4.291100 	 15 	 3.62759450E-12 	 3.53819072E-12 
4.293200 	 15 	 1.61886542E-12 	 1.45922557E-12 
4.294200 	 15 	 5.99527650E-13 	 5.40406921E-13 
4.295100 	 15 	 4.32385068E-12 	 2.98347725E-12 
4.296200 	 15 	 1.74992489E-12 	 1.57736098E-12 
4.297200 	 15 	 2.72869354E-12 	 2.45961112E-12 
4.298100 	 15 	 2.14940638E-12 	 1.93744873E-12 
4.299100 	 15 	 2.52122015E-12 	 2.27259713E-12 
4.301100 	 15 	 1.83764505E-11 	 1.65643086E-11 
4.303100 	 15 	 3.35360468E-20 	 3.02289841E-20 
4.305200 	 15 	 2.99683123E-12 	 2.70130717E-12 
4.307200 	 15 	 1.67187877E-11 	 1.50701116E-11 
4.309300 	 15 	 6.60419973E-12 	 5.95294519E-12 
4.310000 	 15 	 9.01516955E-12 	 8.12616402E-12 
4.311200 	 15 	 1.57433517E-11 	 1.41908654E-11 
4.313100 	 15 	 1.38085224E-18 	 1.24468339E-18 
4.315100 	 15 	 1.26201893E-13 	 1.13756849E-13 
4.317200 	 15 	 5.19521335E-12 	 4.68290203E-12 
4.319200 	 15 	 1.71809916E-12 	 1.54867366E-12 
4.321200 	 15 	 6.95241604E-12 	 6.26682313E-12 
4.323000 	 15 	 7.25869188E-12 	 6.54289644E-12 
4.325200 	 15 	 1.91376224E-12 	 1.72504197E-12 
4.327100 	 15 	 1.57153102E-12 	 1.41655892E-12 
4.329100 	 15 	 8.09461148E-12 	 7.29638419E-12 
4.330100 	 15 	 4.20160598E-12 	 3.78727645E-12 
4.331200 	 15 	 4.48761746E-12 	 4.04508372E-12 
4.333200 	 15 	 2.55195037E-12 	 2.30029698E-12 
4.335200 	 15 	 3.94005098E-12 	 3.55151396E-12 
4.340000 	 15 	 6.48839627E-12 	 4.60832984E-12 
4.344900 	 15 	 2.82523745E-12 	 2.54663462E-12 
4.350000 	 15 	 3.45363520E-12 	 3.11306470E-12 
4.370100 	 15 	 3.27328781E-12 	 3.02702597E-12 
4.390100 	 15 	 4.96530657E-12 	 2.86093097E-12 
4.410000 	 15 	 1.82666358E-12 	 1.64653230E-12 
4.420200 	 15 	 2.60896174E-12 	 2.35168633E-12 
4.430200 	 15 	 3.70897416E-12 	 3.70565455E-12 
4.440000 	 15 	 1.92601070E-12 	 1.73608258E-12 
4.449900 	 15 	 3.08704179E-13 	 2.78262187E-13 
4.455000 	 15 	 4.88159967E-12 	 4.40021448E-12 
4.460100 	 15 	 4.40818150E-12 	 3.97348111E-12 
4.470000 	 15 	 3.89683125E-12 	 3.51255622E-12 
4.478000 	 15 	 4.35433776E-12 	 3.92494701E-12 
4.486100 	 15 	 4.65857538E-12 	 4.19918310E-12 
4.488200 	 15 	 2.37866632E-12 	 2.14410084E-12 
4.490100 	 15 	 3.03196936E-12 	 2.73298025E-12 
4.492200 	 15 	 2.12481499E-12 	 1.91528235E-12 
4.495000 	 15 	 4.32371411E-13 	 3.89734323E-13 
4.500000 	 15 	 3.60313167E-12 	 3.24781900E-12 
4.510200 	 15 	 3.69106061E-12 	 3.32707707E-12 
4.512200 	 15 	 2.48153359E-12 	 2.23682415E-12 
4.515100 	 15 	 1.58039984E-12 	 1.42455316E-12 
4.520100 	 15 	 6.43401493E-12 	 5.79954269E-12 
4.525200 	 15 	 1.21299302E-11 	 1.09337713E-11 
4.529400 	 15 	 3.88149796E-12 	 3.49873498E-12 
4.535100 	 15 	 3.47558692E-11 	 3.13285171E-11 
4.540200 	 15 	 1.32056393E-13 	 1.19034024E-13 
4.549800 	 15 	 7.67327429E-12 	 6.91659597E-12 
4.560200 	 15 	 1.71361804E-11 	 1.54463442E-11 
4.570100 	 15 	 3.75441321E-17 	 3.38418233E-17 
4.580000 	 15 	 2.45724231E-11 	 2.21492828E-11 
4.590100 	 15 	 3.66153445E-13 	 3.30046255E-13 
4.600300 	 15 	 7.09700413E-12 	 6.39715307E-12 
4.610000 	 15 	 1.22386071E-13 	 1.10317313E-13 
4.620200 	 15 	 4.87250000E-12 	 4.39201214E-12 
4.629900 	 15 	 6.09783101E-12 	 5.49651059E-12 
4.635200 	 15 	 6.69289167E-12 	 6.03289103E-12 
4.640000 	 15 	 7.07845956E-12 	 6.38043722E-12 
4.650000 	 15 	 4.88366195E-12 	 4.40207339E-12 
4.670100 	 15 	 4.68988117E-12 	 4.22740176E-12 
4.680200 	 15 	 1.80184466E-12 	 1.62416083E-12 
4.689900 	 15 	 2.20496899E-19 	 1.98753219E-19 
4.710000 	 15 	 7.66628582E-12 	 4.00402252E-12 
4.730000 	 15 	 1.88250225E-11 	 7.18953916E-12 
4.750000 	 15 	 1.50101738E-11 	 6.50970381E-12 
4.755200 	 15 	 3.64364271E-12 	 3.28433516E-12 
4.758900 	 15 	 3.07070527E-20 	 2.76789633E-20 
4.770000 	 15 	 6.93742334E-12 	 6.25330889E-12 
4.775000 	 15 	 1.38790653E-11 	 1.25104204E-11 
4.780200 	 15 	 6.19296904E-12 	 5.58226686E-12 
4.790100 	 15 	 5.75774035E-12 	 5.18995702E-12 
4.799900 	 15 	 1.11201353E-12 	 1.00235545E-12 
4.810000 	 15 	 3.84226186E-12 	 3.46336804E-12 
4.812200 	 15 	 3.44393075E-12 	 3.10431723E-12 
4.815300 	 15 	 4.02582297E-12 	 3.62882779E-12 
4.820100 	 15 	 6.03229445E-12 	 5.91225168E-12 
4.829900 	 15 	 4.28684414E-12 	 3.17743647E-12 
4.850000 	 15 	 9.72494268E-12 	 3.59042579E-12 
4.866300 	 15 	 1.13266647E-11 	 3.97388728E-12 
4.889900 	 15 	 8.81948196E-12 	 2.94306040E-12 
4.899900 	 15 	 9.98408583E-12 	 6.15910308E-12 
4.910100 	 15 	 6.44702012E-12 	 4.82284707E-12 
4.920000 	 15 	 1.19836107E-11 	 1.08018807E-11 
4.926200 	 15 	 3.86313600E-12 	 3.17355581E-12 
4.930200 	 15 	 5.01892180E-12 	 4.52399498E-12 
4.936900 	 15 	 3.10722514E-12 	 2.80081489E-12 
4.946700 	 15 	 5.88030945E-12 	 4.96644900E-12 
4.950300 	 15 	 1.21386141E-11 	 7.77517042E-12 
4.956800 	 15 	 1.18319809E-11 	 5.78025381E-12 
4.961900 	 15 	 1.17813958E-11 	 5.30790286E-12 
4.964700 	 15 	 1.46629115E-11 	 5.76112243E-12 
4.967900 	 15 	 1.80561205E-11 	 6.89360576E-12 
4.970000 	 15 	 1.13203399E-11 	 8.83962361E-12 
4.972800 	 15 	 2.07074895E-11 	 5.30728334E-12 
4.974600 	 15 	 1.46050637E-11 	 7.12254514E-12 
4.984700 	 15 	 1.25394069E-11 	 5.88243976E-12 
4.990100 	 15 	 1.83594151E-11 	 8.63549874E-12 
4.994700 	 15 	 2.15683310E-11 	 6.13446217E-12 
5.004600 	 15 	 2.75126061E-11 	 4.84533188E-12 
5.010000 	 15 	 1.96832652E-11 	 7.27883796E-12 
5.014800 	 15 	 1.78746035E-11 	 5.05161970E-12 
5.017700 	 15 	 1.58468496E-11 	 5.92681280E-12 
5.017900 	 15 	 1.32343422E-11 	 7.18622309E-12 
5.019800 	 15 	 1.60553877E-11 	 9.65833572E-12 
5.024800 	 15 	 1.33569625E-11 	 1.20398033E-11 
5.027800 	 15 	 3.00277259E-12 	 2.70666263E-12 
5.030100 	 15 	 2.68522776E-12 	 2.42043159E-12 
5.032800 	 15 	 1.62129348E-11 	 1.46141419E-11 
5.035900 	 15 	 9.38511573E-12 	 8.45962900E-12 
5.038700 	 15 	 6.88106058E-12 	 6.20250419E-12 
5.042000 	 15 	 3.65647121E-12 	 3.29589861E-12 
5.044800 	 15 	 9.60687392E-12 	 8.65951913E-12 
5.050000 	 15 	 8.35105813E-12 	 7.52754207E-12 
5.054800 	 15 	 2.69040141E-12 	 2.42509506E-12 
5.064900 	 15 	 1.23507312E-11 	 9.51051401E-12 
5.069900 	 15 	 9.06699608E-12 	 8.17287982E-12 
5.074500 	 15 	 1.55805758E-11 	 6.42035746E-12 
5.084200 	 15 	 6.91277096E-12 	 6.59589066E-12 
5.090000 	 15 	 8.07854771E-12 	 7.28190450E-12 
5.093700 	 15 	 8.13185833E-12 	 7.32995804E-12 
5.096800 	 15 	 3.03949407E-12 	 2.73976293E-12 
5.098900 	 15 	 6.26546056E-12 	 5.64760983E-12 
5.100000 	 15 	 3.39566053E-12 	 3.06080704E-12 
5.100400 	 15 	 3.25638497E-16 	 2.93526575E-16 
5.100700 	 15 	 8.38679349E-12 	 7.55975350E-12 
5.102900 	 15 	 3.86429878E-12 	 3.48323185E-12 
5.104900 	 15 	 5.14313144E-12 	 4.63595603E-12 
5.106900 	 15 	 7.22356925E-12 	 6.51123733E-12 
5.108800 	 15 	 2.73849479E-11 	 2.46844585E-11 
5.110000 	 15 	 2.62324519E-11 	 2.36456126E-11 
5.110800 	 15 	 5.14469576E-12 	 4.63736609E-12 
5.113800 	 15 	 1.03142281E-12 	 9.29711957E-13 
5.118800 	 15 	 1.36171005E-11 	 1.22742885E-11 
5.123800 	 15 	 1.09813997E-11 	 9.89849992E-12 
5.128500 	 15 	 3.52930201E-12 	 3.18126984E-12 
5.129900 	 15 	 6.90277057E-12 	 6.22207331E-12 
5.133800 	 15 	 1.46177957E-11 	 1.06683803E-11 
5.138900 	 15 	 8.94618014E-12 	 8.06397780E-12 
5.141700 	 15 	 2.11831358E-11 	 2.01916161E-11 
5.144700 	 15 	 1.11631624E-11 	 1.00623386E-11 
5.148000 	 15 	 1.43703050E-11 	 1.29532179E-11 
5.150000 	 15 	 4.50872117E-12 	 4.06410634E-12 
5.151000 	 15 	 9.60739161E-12 	 8.65998576E-12 
5.157000 	 15 	 1.73354121E-11 	 8.79372124E-12 
5.159400 	 15 	 1.98728040E-11 	 1.14081273E-11 
5.170000 	 15 	 1.71903878E-11 	 1.50231268E-11 
5.189800 	 15 	 2.16858447E-11 	 8.56985941E-12 
5.210000 	 15 	 1.47227608E-11 	 9.09865593E-12 
5.230000 	 15 	 1.61590840E-11 	 1.44414586E-11 
5.239500 	 15 	 2.00148145E-11 	 1.13165384E-11 
5.243100 	 15 	 2.54690651E-12 	 2.29575050E-12 
5.250100 	 15 	 6.10285194E-12 	 5.50103640E-12 
5.259900 	 15 	 1.16161053E-11 	 1.04706158E-11 
5.265000 	 15 	 9.73136290E-12 	 8.77173198E-12 
5.270000 	 15 	 1.81599053E-19 	 1.63691175E-19 
5.275000 	 15 	 4.56290430E-12 	 4.11294635E-12 
5.275000 	 15 	 3.38158758E-11 	 3.04812185E-11 
5.279800 	 15 	 3.67205840E-11 	 3.30994871E-11 
5.285000 	 15 	 6.12217535E-12 	 5.51845429E-12 
5.290200 	 15 	 1.08954347E-11 	 9.82101216E-12 
5.292900 	 15 	 3.34221284E-11 	 3.01262994E-11 
5.297700 	 15 	 5.89215440E-12 	 5.31111620E-12 
5.299700 	 15 	 3.44622722E-11 	 3.10638724E-11 
5.302400 	 15 	 2.02757730E-11 	 1.82763348E-11 
5.308200 	 15 	 4.46488005E-19 	 4.02458849E-19 
5.312900 	 15 	 1.77276110E-11 	 1.59794526E-11 
5.317500 	 15 	 5.88905218E-12 	 5.30831990E-12 
5.322800 	 15 	 1.79506229E-11 	 1.61804729E-11 
5.327700 	 15 	 1.46251113E-11 	 1.31828972E-11 
5.332900 	 15 	 1.80046802E-11 	 1.62291994E-11 
5.332900 	 15 	 1.73967585E-11 	 1.56812262E-11 
5.337500 	 15 	 5.88540609E-12 	 5.30503336E-12 
5.342700 	 15 	 8.77793716E-12 	 7.91232563E-12 
5.342900 	 15 	 8.87769933E-12 	 8.79034221E-12 
5.346900 	 15 	 1.29613320E-11 	 1.12988565E-11 
5.348300 	 15 	 1.29543083E-11 	 1.06215006E-11 
5.348600 	 15 	 1.65903228E-11 	 1.03626567E-11 
5.352100 	 15 	 6.41579972E-18 	 5.78312372E-18 
5.353600 	 15 	 1.29852562E-11 	 7.79145302E-12 
5.357900 	 15 	 5.52090248E-12 	 4.97647424E-12 
5.359800 	 15 	 5.28865035E-12 	 4.76712500E-12 
5.361900 	 15 	 1.01412408E-11 	 9.14119089E-12 
5.363900 	 15 	 3.08089128E-12 	 2.77707787E-12 
5.366000 	 15 	 5.10606895E-12 	 4.60254836E-12 
5.368000 	 15 	 1.25803702E-11 	 1.13397925E-11 
5.369700 	 15 	 1.26869448E-11 	 1.14358575E-11 
5.374800 	 15 	 2.74505905E-11 	 9.26293711E-12 
5.380100 	 15 	 2.77592753E-11 	 1.04381387E-11 
5.382900 	 15 	 3.34187767E-11 	 8.55825721E-12 
5.383300 	 15 	 2.56928235E-11 	 6.34136775E-12 
5.383900 	 15 	 3.04804372E-11 	 7.01876560E-12 
5.386000 	 15 	 4.23048147E-11 	 7.46731937E-12 
5.389900 	 15 	 2.54194133E-11 	 6.04537274E-12 
5.393100 	 15 	 3.74878756E-11 	 6.26900967E-12 
5.403400 	 15 	 1.95719696E-11 	 5.43102969E-12 
5.414100 	 15 	 1.63443932E-11 	 6.05534205E-12 
5.424400 	 15 	 1.27180877E-11 	 6.07982488E-12 
5.435400 	 15 	 1.88360809E-11 	 4.27648976E-12 
5.439300 	 15 	 1.47970895E-11 	 5.94280975E-12 
3.996000 	 30 	 1.18545954E-11 	 2.68825449E-12 
4.001000 	 30 	 1.46247066E-11 	 3.82483736E-12 
4.002900 	 30 	 9.35720119E-12 	 2.87791378E-12 
4.007000 	 30 	 1.35566352E-11 	 4.01315385E-12 
4.009100 	 30 	 9.92847097E-12 	 4.35004074E-12 
4.010000 	 30 	 1.15094745E-11 	 4.71382492E-12 
4.015100 	 30 	 1.20542910E-11 	 4.36943010E-12 
4.019100 	 30 	 1.67673378E-11 	 3.74804969E-12 
4.019900 	 30 	 1.61586281E-11 	 4.68096737E-12 
4.025000 	 30 	 1.50948727E-11 	 4.49796077E-12 
4.030000 	 30 	 2.13081123E-11 	 4.50260281E-12 
4.035100 	 30 	 1.49836048E-11 	 3.83645851E-12 
4.270000 	 30 	 3.34635753E-12 	 2.04302459E-12 
4.290100 	 30 	 2.99766830E-12 	 2.46140231E-12 
4.291100 	 30 	 3.48576496E-12 	 2.71034239E-12 
4.293200 	 30 	 4.66853109E-12 	 3.15306738E-12 
4.294200 	 30 	 3.29495192E-12 	 2.97002952E-12 
4.295100 	 30 	 3.36882501E-12 	 3.28843892E-12 
4.296200 	 30 	 2.68021621E-12 	 2.41591425E-12 
4.297200 	 30 	 4.41836008E-12 	 3.98265596E-12 
4.298100 	 30 	 6.13462073E-12 	 5.52967240E-12 
4.299100 	 30 	 2.65150913E-12 	 2.39003803E-12 
4.301100 	 30 	 3.59182592E-13 	 3.23762813E-13 
4.303100 	 30 	 8.92638589E-12 	 8.04613551E-12 
4.305200 	 30 	 1.17411940E-12 	 1.05833692E-12 
4.307200 	 30 	 1.39707895E-11 	 1.25930995E-11 
4.309300 	 30 	 4.56927035E-12 	 4.11868464E-12 
4.310000 	 30 	 5.28622739E-12 	 4.76494097E-12 
4.311200 	 30 	 6.57611913E-13 	 5.92763368E-13 
4.313100 	 30 	 1.44013792E-11 	 1.29812278E-11 
4.315100 	 30 	 3.70591589E-12 	 3.34046745E-12 
4.317200 	 30 	 8.01101037E-12 	 7.22102716E-12 
4.319200 	 30 	 6.68884227E-12 	 6.02924095E-12 
4.321200 	 30 	 2.30513710E-12 	 2.07782251E-12 
4.323000 	 30 	 9.41502358E-12 	 8.48658757E-12 
4.325200 	 30 	 5.27938421E-12 	 4.75877262E-12 
4.327100 	 30 	 9.31884890E-12 	 8.39989688E-12 
4.329100 	 30 	 4.67203282E-12 	 4.21131347E-12 
4.330100 	 30 	 3.76204146E-19 	 3.39105834E-19 
4.331200 	 30 	 4.93118205E-12 	 4.44490743E-12 
4.333200 	 30 	 5.75603582E-12 	 5.18842057E-12 
4.335200 	 30 	 3.21090055E-12 	 2.89426664E-12 
4.340000 	 30 	 4.87756306E-12 	 4.23249086E-12 
4.344900 	 30 	 6.97081149E-12 	 4.25429816E-12 
4.350000 	 30 	 4.95889527E-12 	 3.11592034E-12 
4.370100 	 30 	 5.24489486E-12 	 2.73745079E-12 
4.390100 	 30 	 3.50317727E-12 	 2.68317366E-12 
4.410000 	 30 	 9.94858907E-13 	 8.96753701E-13 
4.420200 	 30 	 2.48333514E-12 	 2.23844805E-12 
4.430200 	 30 	 5.07103742E-12 	 3.84913883E-12 
4.440000 	 30 	 2.67693806E-12 	 2.41295936E-12 
4.449900 	 30 	 5.64331828E-12 	 5.08681836E-12 
4.455000 	 30 	 3.23433919E-12 	 2.91539395E-12 
4.460100 	 30 	 1.03921789E-11 	 9.36738350E-12 
4.470000 	 30 	 5.45402372E-12 	 4.91619055E-12 
4.478000 	 30 	 1.87583628E-11 	 1.69085598E-11 
4.486100 	 30 	 5.85773856E-12 	 5.28009418E-12 
4.488200 	 30 	 5.34495137E-12 	 4.81787406E-12 
4.490100 	 30 	 8.65034174E-12 	 7.79731267E-12 
4.492200 	 30 	 2.76926829E-12 	 2.49618470E-12 
4.495000 	 30 	 4.29846596E-12 	 3.87458485E-12 
4.500000 	 30 	 2.11971075E-12 	 1.91068145E-12 
4.510200 	 30 	 4.84921791E-12 	 3.99087112E-12 
4.512200 	 30 	 3.96056363E-12 	 3.57000381E-12 
4.515100 	 30 	 8.94610137E-12 	 8.06390680E-12 
4.520100 	 30 	 6.11242184E-12 	 5.50966259E-12 
4.525200 	 30 	 1.58172606E-12 	 1.42574860E-12 
4.529400 	 30 	 5.85142661E-13 	 5.27440467E-13 
4.535100 	 30 	 2.50640325E-17 	 2.25924136E-17 
4.540200 	 30 	 3.47945056E-12 	 3.13633435E-12 
4.549800 	 30 	 4.32402855E-17 	 3.89762666E-17 
4.560200 	 30 	 1.29443711E-17 	 1.16678985E-17 
4.570100 	 30 	 4.23687298E-11 	 3.81906570E-11 
4.580000 	 30 	 4.78525246E-14 	 4.31336827E-14 
4.590100 	 30 	 1.47301702E-17 	 1.32775959E-17 
4.600300 	 30 	 1.58648680E-11 	 1.43003988E-11 
4.610000 	 30 	 8.52372257E-12 	 7.68317970E-12 
4.620200 	 30 	 5.94891536E-12 	 5.36227984E-12 
4.629900 	 30 	 8.99284989E-12 	 8.10604535E-12 
4.635200 	 30 	 8.19666362E-12 	 7.38837274E-12 
4.640000 	 30 	 9.01787561E-12 	 8.12860323E-12 
4.650000 	 30 	 2.91380127E-12 	 2.62646497E-12 
4.670100 	 30 	 7.81955269E-12 	 7.04844954E-12 
4.680200 	 30 	 3.25849444E-12 	 2.93716720E-12 
4.689900 	 30 	 7.43639393E-12 	 6.70307490E-12 
4.710000 	 30 	 1.05524968E-11 	 4.56697334E-12 
4.730000 	 30 	 1.04201476E-11 	 6.01590619E-12 
4.750000 	 30 	 7.47031886E-12 	 6.13278796E-12 
4.755200 	 30 	 8.14722204E-12 	 7.34380670E-12 
4.758900 	 30 	 1.02864024E-18 	 9.27203785E-19 
4.770000 	 30 	 5.08767308E-12 	 4.58596654E-12 
4.775000 	 30 	 5.22926050E-12 	 4.71359172E-12 
4.780200 	 30 	 5.20998596E-12 	 4.69621788E-12 
4.790100 	 30 	 6.27427027E-18 	 5.65555080E-18 
4.799900 	 30 	 2.26997676E-19 	 2.04612940E-19 
4.810000 	 30 	 2.61058140E-12 	 2.35314628E-12 
4.812200 	 30 	 6.45600338E-12 	 5.81936281E-12 
4.815300 	 30 	 6.78134900E-12 	 6.11262538E-12 
4.820100 	 30 	 3.73947621E-12 	 3.37071830E-12 
4.829900 	 30 	 5.35688967E-12 	 4.20470427E-12 
4.850000 	 30 	 6.00926841E-12 	 3.52459079E-12 
4.866300 	 30 	 1.45688065E-11 	 5.38771741E-12 
4.889900 	 30 	 1.33812791E-11 	 4.16923243E-12 
4.899900 	 30 	 2.08761789E-20 	 1.88175333E-20 
4.910100 	 30 	 9.05474539E-12 	 5.92420049E-12 
4.920000 	 30 	 6.56100580E-14 	 5.91401071E-14 
4.926200 	 30 	 3.56204890E-12 	 3.21078749E-12 
4.930200 	 30 	 6.76452231E-12 	 6.45983354E-12 
4.936900 	 30 	 7.40480292E-12 	 4.41488858E-12 
4.946700 	 30 	 8.08592995E-12 	 4.62005117E-12 
4.950300 	 30 	 1.02605454E-11 	 7.33763247E-12 
4.956800 	 30 	 5.34765067E-12 	 4.24938207E-12 
4.961900 	 30 	 1.72835696E-11 	 6.09896707E-12 
4.964700 	 30 	 1.25030847E-11 	 6.21956335E-12 
4.967900 	 30 	 1.54434606E-11 	 6.40212840E-12 
4.970000 	 30 	 1.27987187E-11 	 8.83214168E-12 
4.972800 	 30 	 2.01950352E-11 	 5.71357594E-12 
4.974600 	 30 	 2.69038662E-11 	 8.28408650E-12 
4.984700 	 30 	 2.13955331E-11 	 6.68916899E-12 
4.990100 	 30 	 2.00183630E-11 	 8.22967997E-12 
4.994700 	 30 	 1.86784616E-11 	 5.53769271E-12 
5.004600 	 30 	 2.14046958E-11 	 4.57570780E-12 
5.010000 	 30 	 2.12416593E-11 	 7.60890611E-12 
5.014800 	 30 	 2.02515063E-11 	 5.69705915E-12 
5.017700 	 30 	 1.42431992E-11 	 5.16786475E-12 
5.017900 	 30 	 1.04686750E-11 	 5.51426725E-12 
5.019800 	 30 	 1.82365499E-11 	 9.15702411E-12 
5.024800 	 30 	 1.48341562E-11 	 1.33713277E-11 
5.027800 	 30 	 2.32089998E-12 	 2.09203097E-12 
5.030100 	 30 	 1.34416656E-12 	 1.21161536E-12 
5.032800 	 30 	 6.34394430E-12 	 5.71835412E-12 
5.035900 	 30 	 8.12371747E-12 	 7.32261997E-12 
5.038700 	 30 	 2.71688230E-12 	 2.44896461E-12 
5.042000 	 30 	 6.80513782E-12 	 6.13406834E-12 
5.044800 	 30 	 4.31217037E-12 	 3.88693785E-12 
5.050000 	 30 	 2.48882842E-12 	 2.24339962E-12 
5.054800 	 30 	 2.38330338E-12 	 2.14828064E-12 
5.064900 	 30 	 5.50260230E-12 	 4.95997869E-12 
5.069900 	 30 	 2.99805410E-12 	 2.70240945E-12 
5.074500 	 30 	 2.34970565E-11 	 7.54040086E-12 
5.084200 	 30 	 1.06807591E-11 	 6.82663106E-12 
5.090000 	 30 	 9.74926942E-12 	 9.00114099E-12 
5.093700 	 30 	 2.03660071E-12 	 1.83576708E-12 
5.096800 	 30 	 1.01650229E-11 	 9.16262780E-12 
5.098900 	 30 	 8.39871579E-12 	 7.57050011E-12 
5.100000 	 30 	 8.32435531E-12 	 7.50347247E-12 
5.100400 	 30 	 1.37115808E-11 	 1.23594519E-11 
5.100700 	 30 	 8.42403724E-12 	 7.59332455E-12 
5.102900 	 30 	 1.62465841E-11 	 1.46444730E-11 
5.104900 	 30 	 6.83409115E-12 	 6.16016652E-12 
5.106900 	 30 	 4.88183799E-12 	 4.40042930E-12 
5.108800 	 30 	 2.76232322E-12 	 2.48992451E-12 
5.110000 	 30 	 6.07276087E-12 	 5.47391267E-12 
5.110800 	 30 	 1.31491846E-11 	 1.18525148E-11 
5.113800 	 30 	 4.67709260E-12 	 4.21587429E-12 
5.118800 	 30 	 2.61580101E-12 	 2.35785117E-12 
5.123800 	 30 	 1.41261681E-11 	 1.27331558E-11 
5.128500 	 30 	 7.40318766E-12 	 6.67314318E-12 
5.129900 	 30 	 1.12263487E-11 	 1.01192939E-11 
5.133800 	 30 	 1.30738027E-11 	 1.17845665E-11 
5.138900 	 30 	 1.09402048E-11 	 9.86136737E-12 
5.141700 	 30 	 1.83787231E-11 	 1.65663571E-11 
5.144700 	 30 	 1.49712964E-11 	 1.34949442E-11 
5.148000 	 30 	 1.22201305E-11 	 1.10150768E-11 
5.150000 	 30 	 1.65269105E-11 	 1.48971558E-11 
5.151000 	 30 	 9.27383405E-12 	 8.35932105E-12 
5.157000 	 30 	 1.15158546E-11 	 1.03802511E-11 
5.159400 	 30 	 1.58323613E-11 	 1.02668154E-11 
5.170000 	 30 	 1.68695184E-11 	 1.06378431E-11 
5.189800 	 30 	 1.60525053E-11 	 6.77369583E-12 
5.210000 	 30 	 2.12048643E-11 	 8.79070508E-12 
5.230000 	 30 	 1.54675385E-11 	 1.31186248E-11 
5.239500 	 30 	 1.44764338E-11 	 8.63786345E-12 
5.243100 	 30 	 1.40751698E-11 	 1.26871866E-11 
5.250100 	 30 	 2.61818744E-11 	 2.36000227E-11 
5.259900 	 30 	 6.80807406E-12 	 6.13671502E-12 
5.265000 	 30 	 7.98236494E-12 	 7.19520652E-12 
5.270000 	 30 	 1.02695816E-11 	 9.25687577E-12 
5.275000 	 30 	 7.69659715E-12 	 6.93761892E-12 
5.275000 	 30 	 1.60608161E-11 	 1.44770240E-11 
5.279800 	 30 	 1.07604485E-16 	 9.69933721E-17 
5.285000 	 30 	 2.38105317E-11 	 2.14625232E-11 
5.290200 	 30 	 8.50093515E-12 	 7.66263939E-12 
5.292900 	 30 	 1.81697540E-11 	 1.63779949E-11 
5.297700 	 30 	 1.57970479E-12 	 1.42392665E-12 
5.299700 	 30 	 1.58154800E-11 	 1.42558810E-11 
5.302400 	 30 	 1.08253234E-11 	 9.75781461E-12 
5.308200 	 30 	 1.24914034E-11 	 1.12595989E-11 
5.312900 	 30 	 1.16480284E-11 	 1.04993909E-11 
5.317500 	 30 	 5.57436386E-12 	 5.02466369E-12 
5.322800 	 30 	 3.38164178E-11 	 2.69508805E-11 
5.327700 	 30 	 2.12054729E-11 	 1.91143549E-11 
5.332900 	 30 	 1.21598864E-11 	 1.09607735E-11 
5.332900 	 30 	 1.32667463E-11 	 1.19584835E-11 
5.337500 	 30 	 1.07987126E-11 	 9.73382802E-12 
5.342700 	 30 	 1.51540307E-11 	 1.14305822E-11 
5.342900 	 30 	 1.04234785E-11 	 9.39559651E-12 
5.346900 	 30 	 2.01994622E-11 	 1.17904289E-11 
5.348300 	 30 	 9.58241152E-12 	 8.12623662E-12 
5.348600 	 30 	 1.82558287E-11 	 9.83351193E-12 
5.352100 	 30 	 1.78289067E-11 	 1.54908531E-11 
5.353600 	 30 	 1.91261012E-11 	 8.29148299E-12 
5.357900 	 30 	 9.97597167E-12 	 8.99221934E-12 
5.359800 	 30 	 7.41232661E-12 	 6.68138092E-12 
5.361900 	 30 	 4.53829057E-12 	 4.09075984E-12 
5.363900 	 30 	 1.93361298E-11 	 1.74293519E-11 
5.366000 	 30 	 5.41897432E-12 	 4.88459744E-12 
5.368000 	 30 	 9.35170816E-12 	 8.42951582E-12 
5.369700 	 30 	 2.34222395E-14 	 2.11125214E-14 
5.374800 	 30 	 2.72192852E-11 	 8.80366128E-12 
5.380100 	 30 	 3.57416799E-11 	 1.03033524E-11 
5.382900 	 30 	 3.33817899E-11 	 1.11533036E-11 
5.383300 	 30 	 3.33104824E-11 	 7.55029546E-12 
5.383900 	 30 	 2.43530703E-11 	 7.35729399E-12 
5.386000 	 30 	 2.96315432E-11 	 7.02614455E-12 
5.389900 	 30 	 3.72042161E-11 	 6.55102677E-12 
5.393100 	 30 	 2.25771956E-11 	 5.26971626E-12 
5.403400 	 30 	 1.36953488E-11 	 4.54669040E-12 
5.414100 	 30 	 1.63652312E-11 	 6.15190012E-12 
5.424400 	 30 	 1.10328673E-11 	 7.24658125E-12 
5.435400 	 30 	 1.12580352E-11 	 4.30524828E-12 
5.439300 	 30 	 2.31873528E-11 	 6.42738821E-12 
3.996000 	 45 	 1.40380271E-11 	 2.70594905E-12 
4.001000 	 45 	 8.58145156E-12 	 3.50519379E-12 
4.002900 	 45 	 8.01480053E-12 	 3.01480365E-12 
4.007000 	 45 	 8.50936489E-12 	 4.27431675E-12 
4.009100 	 45 	 1.76761970E-11 	 5.33538633E-12 
4.010000 	 45 	 9.09836502E-12 	 3.48309752E-12 
4.015100 	 45 	 1.32221955E-11 	 4.81946877E-12 
4.019100 	 45 	 8.82084759E-12 	 2.37934415E-12 
4.019900 	 45 	 1.42292475E-11 	 4.81156288E-12 
4.025000 	 45 	 1.37737310E-11 	 4.40577538E-12 
4.030000 	 45 	 1.54988379E-11 	 4.41932649E-12 
4.035100 	 45 	 1.65270009E-11 	 3.96947676E-12 
4.270000 	 45 	 4.36241375E-12 	 2.05043437E-12 
4.290100 	 45 	 5.21180641E-12 	 3.03131336E-12 
4.291100 	 45 	 3.51069753E-12 	 2.71445744E-12 
4.293200 	 45 	 5.98432909E-12 	 4.17013878E-12 
4.294200 	 45 	 4.62375667E-12 	 4.28242317E-12 
4.295100 	 45 	 3.98639781E-12 	 3.11004735E-12 
4.296200 	 45 	 2.53409009E-12 	 2.28419794E-12 
4.297200 	 45 	 3.15955545E-12 	 2.84798479E-12 
4.298100 	 45 	 3.21862793E-12 	 2.90123201E-12 
4.299100 	 45 	 4.76049783E-13 	 4.29105476E-13 
4.301100 	 45 	 4.47878901E-12 	 4.03712586E-12 
4.303100 	 45 	 4.07784562E-12 	 3.67572037E-12 
4.305200 	 45 	 1.02130090E-11 	 9.20588190E-12 
4.307200 	 45 	 6.51509772E-12 	 5.87262973E-12 
4.309300 	 45 	 1.02788117E-11 	 9.26519564E-12 
4.310000 	 45 	 5.34493539E-12 	 4.81785965E-12 
4.311200 	 45 	 3.29314090E-12 	 2.96839710E-12 
4.313100 	 45 	 1.98372614E-17 	 1.78810658E-17 
4.315100 	 45 	 9.81967426E-12 	 8.85133477E-12 
4.317200 	 45 	 5.02000664E-18 	 4.52497283E-18 
4.319200 	 45 	 3.30899062E-12 	 2.98268383E-12 
4.321200 	 45 	 6.74576848E-12 	 6.08055354E-12 
4.323000 	 45 	 9.03831996E-12 	 8.14703152E-12 
4.325200 	 45 	 5.81089177E-12 	 5.23786705E-12 
4.327100 	 45 	 3.39419375E-12 	 3.05948490E-12 
4.329100 	 45 	 4.71951265E-12 	 4.25411121E-12 
4.330100 	 45 	 5.36165398E-12 	 4.83292959E-12 
4.331200 	 45 	 1.39848910E-12 	 1.26058104E-12 
4.333200 	 45 	 2.66016968E-12 	 2.39784455E-12 
4.335200 	 45 	 4.62111114E-12 	 3.74377606E-12 
4.340000 	 45 	 6.43384337E-12 	 4.61724917E-12 
4.344900 	 45 	 5.15522427E-12 	 3.85833336E-12 
4.350000 	 45 	 4.40676122E-12 	 3.10315349E-12 
4.370100 	 45 	 2.17646031E-12 	 1.96183481E-12 
4.390100 	 45 	 2.51149642E-12 	 2.26383228E-12 
4.410000 	 45 	 4.44239857E-12 	 3.95070646E-12 
4.420200 	 45 	 2.30711183E-12 	 2.07960250E-12 
4.430200 	 45 	 3.13018012E-12 	 2.82150623E-12 
4.440000 	 45 	 7.20453912E-12 	 6.49408380E-12 
4.449900 	 45 	 6.86969587E-12 	 6.19226018E-12 
4.455000 	 45 	 7.22462927E-12 	 6.51219282E-12 
4.460100 	 45 	 6.13055281E-13 	 5.52600562E-13 
4.470000 	 45 	 2.73080699E-14 	 2.46151616E-14 
4.478000 	 45 	 2.51683995E-12 	 2.26864887E-12 
4.486100 	 45 	 4.31160924E-12 	 3.88643205E-12 
4.488200 	 45 	 6.21810465E-12 	 5.60492378E-12 
4.490100 	 45 	 5.58846927E-13 	 5.03737813E-13 
4.492200 	 45 	 5.72729083E-12 	 5.16251019E-12 
4.495000 	 45 	 3.91971431E-12 	 3.53318273E-12 
4.500000 	 45 	 1.43207134E-12 	 1.29085166E-12 
4.510200 	 45 	 1.52606800E-12 	 1.37557910E-12 
4.512200 	 45 	 4.95703555E-12 	 4.46821147E-12 
4.515100 	 45 	 3.35897902E-12 	 3.02774277E-12 
4.520100 	 45 	 6.20148840E-18 	 5.58994611E-18 
4.525200 	 45 	 1.41744147E-11 	 1.27766447E-11 
4.529400 	 45 	 8.08341979E-12 	 7.28629613E-12 
4.535100 	 45 	 3.61893037E-11 	 3.26205976E-11 
4.540200 	 45 	 1.15451717E-13 	 1.04066771E-13 
4.549800 	 45 	 7.76710888E-12 	 7.00117733E-12 
4.560200 	 45 	 1.38523994E-11 	 1.24863841E-11 
4.570100 	 45 	 4.61217102E-11 	 4.15735478E-11 
4.580000 	 45 	 1.57082997E-11 	 1.41592700E-11 
4.590100 	 45 	 5.38767579E-12 	 4.85638533E-12 
4.600300 	 45 	 1.89254708E-12 	 1.70591888E-12 
4.610000 	 45 	 1.24919441E-11 	 1.12600862E-11 
4.620200 	 45 	 5.91282564E-17 	 5.32974901E-17 
4.629900 	 45 	 5.52006151E-12 	 4.97571620E-12 
4.635200 	 45 	 1.46214096E-19 	 1.31795605E-19 
4.640000 	 45 	 4.94707932E-12 	 4.45923704E-12 
4.650000 	 45 	 8.61202042E-12 	 7.76277030E-12 
4.670100 	 45 	 4.55292536E-12 	 4.10395146E-12 
4.680200 	 45 	 3.18059485E-12 	 2.86694946E-12 
4.689900 	 45 	 4.96148138E-12 	 4.88035210E-12 
4.710000 	 45 	 7.80825545E-12 	 4.16300559E-12 
4.730000 	 45 	 1.18435001E-11 	 4.68457545E-12 
4.750000 	 45 	 3.57259044E-12 	 3.22028950E-12 
4.755200 	 45 	 7.75422569E-12 	 6.98956458E-12 
4.758900 	 45 	 7.81379315E-12 	 7.04325797E-12 
4.770000 	 45 	 9.08799197E-12 	 8.19180526E-12 
4.775000 	 45 	 4.15645573E-12 	 3.74657857E-12 
4.780200 	 45 	 9.33008412E-12 	 8.41002418E-12 
4.790100 	 45 	 1.14204033E-11 	 1.02942124E-11 
4.799900 	 45 	 1.54557673E-11 	 1.39316403E-11 
4.810000 	 45 	 4.90077404E-18 	 4.41749802E-18 
4.812200 	 45 	 8.97553155E-12 	 8.09043481E-12 
4.815300 	 45 	 2.84760756E-12 	 2.56679877E-12 
4.820100 	 45 	 4.29704665E-12 	 3.87330551E-12 
4.829900 	 45 	 9.01748303E-12 	 4.09783591E-12 
4.850000 	 45 	 5.69234061E-12 	 2.36686151E-12 
4.866300 	 45 	 1.44806336E-11 	 4.46420960E-12 
4.889900 	 45 	 1.00608547E-11 	 3.08571114E-12 
4.899900 	 45 	 8.69665166E-12 	 5.94247695E-12 
4.910100 	 45 	 4.36527384E-12 	 3.93480467E-12 
4.920000 	 45 	 4.90364581E-12 	 4.42008660E-12 
4.926200 	 45 	 4.20206262E-12 	 3.26543448E-12 
4.930200 	 45 	 3.60720871E-12 	 3.25149399E-12 
4.936900 	 45 	 4.10343500E-12 	 3.34896340E-12 
4.946700 	 45 	 8.73471511E-12 	 3.76328331E-12 
4.950300 	 45 	 1.21374197E-11 	 7.47970634E-12 
4.956800 	 45 	 7.92415788E-12 	 7.14273939E-12 
4.961900 	 45 	 1.13148121E-11 	 5.93408993E-12 
4.964700 	 45 	 6.60919409E-12 	 4.48549700E-12 
4.967900 	 45 	 1.51841060E-11 	 6.77694011E-12 
4.970000 	 45 	 1.33958579E-11 	 1.10471252E-11 
4.972800 	 45 	 1.32806810E-11 	 5.78201276E-12 
4.974600 	 45 	 1.42854691E-11 	 7.64860472E-12 
4.984700 	 45 	 2.50944336E-11 	 6.42029510E-12 
4.990100 	 45 	 1.70495124E-11 	 6.08346178E-12 
4.994700 	 45 	 2.38073903E-11 	 6.98022317E-12 
5.004600 	 45 	 2.26230036E-11 	 4.91713578E-12 
5.010000 	 45 	 1.81264070E-11 	 6.56827643E-12 
5.014800 	 45 	 1.60496325E-11 	 4.80117141E-12 
5.017700 	 45 	 8.22520820E-12 	 7.41410248E-12 
5.017900 	 45 	 1.89339804E-11 	 6.23202421E-12 
5.019800 	 45 	 8.97502760E-12 	 6.03977147E-12 
5.024800 	 45 	 2.35025701E-12 	 2.11849304E-12 
5.027800 	 45 	 9.66251441E-12 	 8.70967279E-12 
5.030100 	 45 	 3.63384461E-12 	 3.27550327E-12 
5.032800 	 45 	 9.10896018E-12 	 8.21070575E-12 
5.035900 	 45 	 5.93694181E-12 	 5.35148703E-12 
5.038700 	 45 	 5.19487544E-12 	 4.68259745E-12 
5.042000 	 45 	 3.79885470E-17 	 3.42424135E-17 
5.044800 	 45 	 4.73220283E-12 	 4.26554999E-12 
5.050000 	 45 	 7.53013464E-12 	 6.78757163E-12 
5.054800 	 45 	 4.19436704E-12 	 3.78075136E-12 
5.064900 	 45 	 1.60392836E-11 	 9.24063725E-12 
5.069900 	 45 	 1.02782356E-11 	 9.67994646E-12 
5.074500 	 45 	 1.80309025E-11 	 7.09253223E-12 
5.084200 	 45 	 7.94399462E-12 	 7.16061998E-12 
5.090000 	 45 	 2.76251042E-12 	 2.49009324E-12 
5.093700 	 45 	 2.93830530E-12 	 2.64855261E-12 
5.096800 	 45 	 3.41717085E-12 	 3.08019618E-12 
5.098900 	 45 	 1.56171142E-11 	 1.40770765E-11 
5.100000 	 45 	 9.59756428E-12 	 8.65112753E-12 
5.100400 	 45 	 1.17664928E-12 	 1.06061733E-12 
5.100700 	 45 	 1.44718468E-11 	 1.30447464E-11 
5.102900 	 45 	 4.28494123E-12 	 3.86239383E-12 
5.104900 	 45 	 1.33157535E-11 	 1.20026580E-11 
5.106900 	 45 	 1.27226871E-11 	 1.14680752E-11 
5.108800 	 45 	 4.73423057E-12 	 4.26737776E-12 
5.110000 	 45 	 3.45281873E-12 	 3.11232875E-12 
5.110800 	 45 	 1.27693165E-11 	 1.15101064E-11 
5.113800 	 45 	 1.00313064E-11 	 9.04209738E-12 
5.118800 	 45 	 1.97345853E-12 	 1.77885148E-12 
5.123800 	 45 	 8.02119205E-12 	 7.23020481E-12 
5.128500 	 45 	 8.72738104E-12 	 7.86675496E-12 
5.129900 	 45 	 1.47496534E-11 	 1.32951579E-11 
5.133800 	 45 	 7.55035519E-12 	 6.80579820E-12 
5.138900 	 45 	 6.72024211E-12 	 6.05754438E-12 
5.141700 	 45 	 9.35928581E-12 	 8.43634623E-12 
5.144700 	 45 	 1.69739899E-11 	 1.68851935E-11 
5.148000 	 45 	 1.66820689E-11 	 1.49846823E-11 
5.150000 	 45 	 1.93627455E-11 	 1.74533429E-11 
5.151000 	 45 	 6.96818691E-12 	 6.28103880E-12 
5.157000 	 45 	 2.31187658E-11 	 1.35943160E-11 
5.159400 	 45 	 1.25262174E-11 	 8.92127402E-12 
5.170000 	 45 	 1.85853779E-11 	 1.28420671E-11 
5.189800 	 45 	 2.23293089E-11 	 8.37957701E-12 
5.210000 	 45 	 1.55084710E-11 	 1.03283604E-11 
5.230000 	 45 	 1.30981995E-11 	 1.18065575E-11 
5.239500 	 45 	 1.67941719E-11 	 1.01144455E-11 
5.243100 	 45 	 7.33662132E-12 	 6.61314109E-12 
5.250100 	 45 	 2.06040088E-11 	 1.85722025E-11 
5.259900 	 45 	 7.55122210E-12 	 6.80657962E-12 
5.265000 	 45 	 2.78032612E-11 	 2.50615210E-11 
5.270000 	 45 	 2.58041303E-11 	 2.32595287E-11 
5.275000 	 45 	 8.74204665E-12 	 7.87997436E-12 
5.275000 	 45 	 9.13140834E-12 	 8.23094025E-12 
5.279800 	 45 	 2.68347339E-11 	 2.41885023E-11 
5.285000 	 45 	 4.01070846E-12 	 3.61520375E-12 
5.290200 	 45 	 1.48461592E-11 	 1.33821471E-11 
5.292900 	 45 	 3.56177932E-12 	 3.21054449E-12 
5.297700 	 45 	 1.17377201E-11 	 1.05802379E-11 
5.299700 	 45 	 1.12706791E-18 	 1.01592529E-18 
5.302400 	 45 	 1.53136655E-11 	 1.38035516E-11 
5.308200 	 45 	 1.59468454E-11 	 1.43742922E-11 
5.312900 	 45 	 1.17125273E-11 	 1.05575294E-11 
5.317500 	 45 	 1.47944322E-11 	 1.33355210E-11 
5.322800 	 45 	 1.69485511E-11 	 1.52772175E-11 
5.327700 	 45 	 2.01345780E-11 	 1.81490633E-11 
5.332900 	 45 	 1.28298061E-11 	 1.15646309E-11 
5.332900 	 45 	 1.53787678E-11 	 1.38622340E-11 
5.337500 	 45 	 1.24717462E-11 	 1.12418801E-11 
5.342700 	 45 	 1.67287882E-11 	 1.50791259E-11 
5.342900 	 45 	 1.51158528E-11 	 1.36946432E-11 
5.346900 	 45 	 2.20227775E-11 	 1.21764270E-11 
5.348300 	 45 	 1.69922152E-11 	 7.98255130E-12 
5.348600 	 45 	 2.36248273E-11 	 1.33053722E-11 
5.352100 	 45 	 5.17165248E-12 	 4.66166455E-12 
5.353600 	 45 	 2.51630013E-11 	 1.30010177E-11 
5.357900 	 45 	 9.99020095E-12 	 9.00504544E-12 
5.359800 	 45 	 1.58908648E-11 	 1.43238319E-11 
5.361900 	 45 	 2.17563356E-11 	 2.03378149E-11 
5.363900 	 45 	 1.12934097E-11 	 1.01797419E-11 
5.366000 	 45 	 1.15799087E-11 	 1.04379886E-11 
5.368000 	 45 	 1.39131145E-11 	 1.08828973E-11 
5.369700 	 45 	 1.97887620E-11 	 1.60139127E-11 
5.374800 	 45 	 2.43511313E-11 	 1.08209462E-11 
5.380100 	 45 	 2.55282457E-11 	 8.49182176E-12 
5.382900 	 45 	 2.67996463E-11 	 8.28295260E-12 
5.383300 	 45 	 2.90088976E-11 	 6.64687076E-12 
5.383900 	 45 	 3.16613899E-11 	 6.91165973E-12 
5.386000 	 45 	 3.97061006E-11 	 8.13821899E-12 
5.389900 	 45 	 3.05712892E-11 	 5.98803610E-12 
5.393100 	 45 	 3.48388847E-11 	 6.26614182E-12 
5.403400 	 45 	 1.68473152E-11 	 4.83111356E-12 
5.414100 	 45 	 2.06552725E-11 	 5.41986979E-12 
5.424400 	 45 	 9.28993209E-12 	 4.41851878E-12 
5.435400 	 45 	 2.01816059E-11 	 6.73221141E-12 
5.439300 	 45 	 2.08296407E-11 	 5.66514978E-12 
3.996000 	 90 	 5.20154612E-12 	 3.08227781E-12 
4.001000 	 90 	 2.82538524E-12 	 2.54676784E-12 
4.002900 	 90 	 6.36082236E-12 	 4.05473318E-12 
4.007000 	 90 	 8.19065398E-12 	 6.23707183E-12 
4.009100 	 90 	 8.05406442E-12 	 6.55826296E-12 
4.010000 	 90 	 7.59828476E-12 	 6.84900133E-12 
4.015100 	 90 	 4.52861347E-12 	 3.30520056E-12 
4.019100 	 90 	 5.24598286E-12 	 4.04872197E-12 
4.019900 	 90 	 8.25519290E-12 	 6.46562020E-12 
4.025000 	 90 	 6.67735123E-12 	 5.39435584E-12 
4.030000 	 90 	 8.21994942E-12 	 4.25323668E-12 
4.035100 	 90 	 6.54730345E-12 	 4.18620843E-12 
4.270000 	 90 	 2.13261624E-20 	 1.92231430E-20 
4.290100 	 90 	 2.74490514E-12 	 2.47422406E-12 
4.291100 	 90 	 2.08270212E-12 	 1.87732232E-12 
4.293200 	 90 	 2.83673379E-12 	 2.55699728E-12 
4.294200 	 90 	 3.45064796E-12 	 3.11037204E-12 
4.295100 	 90 	 5.53022123E-12 	 2.03355939E-12 
4.296200 	 90 	 2.40625809E-12 	 2.16897174E-12 
4.297200 	 90 	 1.00200569E-11 	 9.03195727E-12 
4.298100 	 90 	 6.81460340E-12 	 6.14260049E-12 
4.299100 	 90 	 5.39670525E-19 	 4.86452437E-19 
4.301100 	 90 	 5.29322093E-13 	 4.77124486E-13 
4.303100 	 90 	 2.98515940E-11 	 2.69078632E-11 
4.305200 	 90 	 5.10624048E-12 	 4.60270297E-12 
4.307200 	 90 	 1.02776172E-11 	 9.26411899E-12 
4.309300 	 90 	 3.45499618E-11 	 3.11429147E-11 
4.310000 	 90 	 1.40311499E-11 	 1.26475076E-11 
4.311200 	 90 	 1.54452030E-14 	 1.39221179E-14 
4.313100 	 90 	 5.53322840E-12 	 4.98758468E-12 
4.315100 	 90 	 2.14829683E-18 	 1.93644859E-18 
4.317200 	 90 	 5.27946979E-18 	 4.75884976E-18 
4.319200 	 90 	 9.81268221E-12 	 8.84503221E-12 
4.321200 	 90 	 2.86569589E-11 	 2.58310336E-11 
4.323000 	 90 	 2.97399003E-12 	 2.68071839E-12 
4.325200 	 90 	 7.95453788E-12 	 7.17012355E-12 
4.327100 	 90 	 7.43842362E-12 	 6.70490445E-12 
4.329100 	 90 	 1.14249651E-18 	 1.02983244E-18 
4.330100 	 90 	 2.04101806E-13 	 1.83974882E-13 
4.331200 	 90 	 5.09350373E-12 	 4.59122222E-12 
4.333200 	 90 	 1.40193032E-12 	 1.26368291E-12 
4.335200 	 90 	 5.64280042E-12 	 5.08635156E-12 
4.340000 	 90 	 4.04596466E-12 	 3.64698326E-12 
4.344900 	 90 	 3.58154559E-12 	 3.17412155E-12 
4.350000 	 90 	 1.58521620E-12 	 1.42889458E-12 
4.370100 	 90 	 4.26992200E-12 	 3.84885568E-12 
4.390100 	 90 	 3.06940222E-12 	 2.76672177E-12 
4.410000 	 90 	 1.19842737E-12 	 1.08024783E-12 
4.420200 	 90 	 1.51308369E-19 	 1.36387521E-19 
4.430200 	 90 	 6.85119639E-12 	 6.17558497E-12 
4.440000 	 90 	 2.68309726E-18 	 2.41851119E-18 
4.449900 	 90 	 9.49987728E-12 	 8.56307366E-12 
4.455000 	 90 	 1.75877789E-14 	 1.58534097E-14 
4.460100 	 90 	 4.77669646E-19 	 4.30565601E-19 
4.470000 	 90 	 1.05716634E-10 	 9.52916860E-11 
4.478000 	 90 	 4.63530429E-13 	 4.17820683E-13 
4.486100 	 90 	 2.09990415E-17 	 1.89282802E-17 
4.488200 	 90 	 1.87326439E-12 	 1.68853771E-12 
4.490100 	 90 	 1.09797045E-11 	 9.89697193E-12 
4.492200 	 90 	 4.19020151E-12 	 3.77699660E-12 
4.495000 	 90 	 3.36211347E-12 	 3.03056813E-12 
4.500000 	 90 	 9.33902261E-13 	 8.41808122E-13 
4.510200 	 90 	 6.32516789E-20 	 5.70142929E-20 
4.512200 	 90 	 2.85772028E-12 	 2.57591425E-12 
4.515100 	 90 	 3.92140956E-18 	 3.53471081E-18 
4.520100 	 90 	 1.66734211E-11 	 1.50292187E-11 
4.525200 	 90 	 6.30937855E-11 	 5.68719697E-11 
4.529400 	 90 	 1.85844042E-12 	 1.67517556E-12 
4.535100 	 90 	 1.29394531E-11 	 1.16634654E-11 
4.540200 	 90 	 5.85013395E-11 	 5.27323948E-11 
4.549800 	 90 	 2.48428208E-11 	 2.23930161E-11 
4.560200 	 90 	 3.31802066E-12 	 2.99082341E-12 
4.570100 	 90 	 4.30962093E-11 	 3.88463981E-11 
4.580000 	 90 	 3.41215883E-11 	 3.07567841E-11 
4.590100 	 90 	 1.34647587E-11 	 1.21369695E-11 
4.600300 	 90 	 2.70060653E-19 	 2.43429383E-19 
4.610000 	 90 	 7.50173105E-14 	 6.76196899E-14 
4.620200 	 90 	 3.07312986E-11 	 2.77008182E-11 
4.629900 	 90 	 6.37173741E-14 	 5.74340648E-14 
4.635200 	 90 	 7.19701240E-12 	 6.48729931E-12 
4.640000 	 90 	 6.33917967E-12 	 5.71405934E-12 
4.650000 	 90 	 2.11515126E-11 	 1.90657158E-11 
4.670100 	 90 	 7.05171119E-13 	 6.35632657E-13 
4.680200 	 90 	 8.51724890E-12 	 7.67734441E-12 
4.689900 	 90 	 1.36770048E-12 	 1.23282856E-12 
4.710000 	 90 	 3.54279289E-12 	 3.19343035E-12 
4.730000 	 90 	 7.21556712E-12 	 6.50402431E-12 
4.750000 	 90 	 6.39315115E-12 	 5.32912747E-12 
4.755200 	 90 	 1.00406992E-12 	 9.05056392E-13 
4.758900 	 90 	 3.81088488E-12 	 3.43508521E-12 
4.770000 	 90 	 1.08416455E-11 	 9.77252716E-12 
4.775000 	 90 	 1.17882721E-11 	 1.06258049E-11 
4.780200 	 90 	 3.62328783E-14 	 3.26598751E-14 
4.790100 	 90 	 1.38097716E-11 	 1.24479599E-11 
4.799900 	 90 	 6.83635411E-12 	 6.16220632E-12 
4.810000 	 90 	 8.26728737E-12 	 7.45203213E-12 
4.812200 	 90 	 4.93677215E-12 	 4.44994628E-12 
4.815300 	 90 	 8.05155793E-12 	 7.25757624E-12 
4.820100 	 90 	 5.40559574E-12 	 4.87253815E-12 
4.829900 	 90 	 4.78838638E-12 	 4.59818763E-12 
4.850000 	 90 	 5.42955045E-12 	 4.89413064E-12 
4.866300 	 90 	 1.05583357E-11 	 5.58271161E-12 
4.889900 	 90 	 7.20251660E-12 	 3.70393163E-12 
4.899900 	 90 	 4.38341257E-12 	 3.95115469E-12 
4.910100 	 90 	 5.27885878E-12 	 4.75829900E-12 
4.920000 	 90 	 4.50685550E-12 	 4.06242465E-12 
4.926200 	 90 	 7.85822036E-12 	 7.32556853E-12 
4.930200 	 90 	 3.90849512E-12 	 3.52306989E-12 
4.936900 	 90 	 2.78543609E-12 	 2.51075816E-12 
4.946700 	 90 	 6.03018747E-12 	 5.43553753E-12 
4.950300 	 90 	 8.70139976E-12 	 7.84333575E-12 
4.956800 	 90 	 3.06921369E-12 	 2.76655183E-12 
4.961900 	 90 	 4.19843914E-12 	 3.78442190E-12 
4.964700 	 90 	 1.09608569E-11 	 9.56878911E-12 
4.967900 	 90 	 8.48957547E-12 	 8.17685096E-12 
4.970000 	 90 	 1.33880452E-11 	 9.19458545E-12 
4.972800 	 90 	 1.20259103E-11 	 6.29013943E-12 
4.974600 	 90 	 9.61852928E-12 	 8.58685161E-12 
4.984700 	 90 	 8.05503771E-12 	 5.28410562E-12 
4.990100 	 90 	 1.11465068E-11 	 1.00473255E-11 
4.994700 	 90 	 1.20153028E-11 	 7.55158739E-12 
5.004600 	 90 	 7.52878734E-12 	 4.88265333E-12 
5.010000 	 90 	 1.17858856E-11 	 9.32300687E-12 
5.014800 	 90 	 1.24558265E-11 	 5.98312538E-12 
5.017700 	 90 	 1.30411576E-11 	 8.84345568E-12 
5.017900 	 90 	 7.20717925E-12 	 4.31858059E-12 
5.019800 	 90 	 5.80210147E-12 	 5.22994359E-12 
5.024800 	 90 	 4.00196199E-12 	 3.60731979E-12 
5.027800 	 90 	 8.94660703E-12 	 8.06436260E-12 
5.030100 	 90 	 1.25209509E-11 	 1.12862327E-11 
5.032800 	 90 	 7.47947695E-19 	 6.74190942E-19 
5.035900 	 90 	 2.49788216E-12 	 2.25156055E-12 
5.038700 	 90 	 1.60035681E-12 	 1.44254213E-12 
5.042000 	 90 	 2.61114843E-11 	 2.35365739E-11 
5.044800 	 90 	 1.76215550E-11 	 1.58838550E-11 
5.050000 	 90 	 7.15405512E-12 	 6.44857814E-12 
5.054800 	 90 	 1.07218269E-11 	 9.66452414E-12 
5.064900 	 90 	 3.43794009E-12 	 3.09891732E-12 
5.069900 	 90 	 9.72245725E-12 	 8.76370453E-12 
5.074500 	 90 	 3.17825925E-12 	 2.86484418E-12 
5.084200 	 90 	 2.87992472E-12 	 2.59592906E-12 
5.090000 	 90 	 1.05861021E-11 	 9.26568534E-12 
5.093700 	 90 	 2.26723973E-11 	 2.04366228E-11 
5.096800 	 90 	 7.00063673E-12 	 6.31028867E-12 
5.098900 	 90 	 5.50076273E-18 	 4.95832052E-18 
5.100000 	 90 	 3.80303857E-12 	 3.42801264E-12 
5.100400 	 90 	 1.97811985E-11 	 1.78305314E-11 
5.100700 	 90 	 7.36123776E-12 	 6.63533005E-12 
5.102900 	 90 	 2.73751032E-12 	 2.46755846E-12 
5.104900 	 90 	 1.21195138E-11 	 1.09243821E-11 
5.106900 	 90 	 3.29556356E-19 	 2.97058085E-19 
5.108800 	 90 	 1.14734247E-11 	 1.03420052E-11 
5.110000 	 90 	 1.91618614E-11 	 1.72722684E-11 
5.110800 	 90 	 8.39214263E-12 	 7.56457514E-12 
5.113800 	 90 	 7.12158964E-20 	 6.41931415E-20 
5.118800 	 90 	 2.25133260E-19 	 2.02932378E-19 
5.123800 	 90 	 1.79257911E-11 	 1.61580897E-11 
5.128500 	 90 	 9.28651667E-12 	 8.37075300E-12 
5.129900 	 90 	 1.36879767E-12 	 1.23381754E-12 
5.133800 	 90 	 1.07148264E-11 	 9.65821396E-12 
5.138900 	 90 	 6.88624553E-12 	 6.20717784E-12 
5.141700 	 90 	 5.69771584E-12 	 5.13585165E-12 
5.144700 	 90 	 7.42825521E-12 	 6.69573876E-12 
5.148000 	 90 	 1.51445696E-11 	 1.36511306E-11 
5.150000 	 90 	 1.53562853E-11 	 1.38419685E-11 
5.151000 	 90 	 3.93420132E-12 	 3.54624114E-12 
5.157000 	 90 	 3.14376894E-12 	 2.83375502E-12 
5.159400 	 90 	 1.25227293E-11 	 1.12878356E-11 
5.170000 	 90 	 1.04010448E-11 	 9.37537508E-12 
5.189800 	 90 	 1.21622715E-11 	 1.09629234E-11 
5.210000 	 90 	 1.59739733E-11 	 9.27753873E-12 
5.230000 	 90 	 9.08707372E-12 	 8.19097756E-12 
5.239500 	 90 	 6.52224310E-12 	 5.87907048E-12 
5.243100 	 90 	 1.38938021E-11 	 1.25237040E-11 
5.250100 	 90 	 6.51917239E-12 	 5.87630258E-12 
5.259900 	 90 	 1.99293596E-11 	 1.79640820E-11 
5.265000 	 90 	 1.79303572E-11 	 1.61622056E-11 
5.270000 	 90 	 2.97954172E-11 	 2.68572261E-11 
5.275000 	 90 	 7.36431022E-12 	 6.63809952E-12 
5.275000 	 90 	 4.85239697E-12 	 4.37389152E-12 
5.279800 	 90 	 2.77228633E-11 	 2.49890513E-11 
5.285000 	 90 	 4.14939229E-18 	 3.74021167E-18 
5.290200 	 90 	 1.84096301E-11 	 1.65942163E-11 
5.292900 	 90 	 5.61329440E-12 	 5.05975519E-12 
5.297700 	 90 	 1.34913276E-11 	 1.21609184E-11 
5.299700 	 90 	 4.64987315E-12 	 4.19133902E-12 
5.302400 	 90 	 2.76368079E-12 	 2.49114820E-12 
5.308200 	 90 	 1.62130328E-11 	 1.46142303E-11 
5.312900 	 90 	 4.08974502E-12 	 3.68644634E-12 
5.317500 	 90 	 1.08599851E-11 	 9.78905825E-12 
5.322800 	 90 	 7.48829682E-12 	 6.74985954E-12 
5.327700 	 90 	 1.01038263E-11 	 9.10746593E-12 
5.332900 	 90 	 4.05935670E-13 	 3.65905468E-13 
5.332900 	 90 	 6.57665786E-13 	 5.92811928E-13 
5.337500 	 90 	 6.77300795E-13 	 6.10510686E-13 
5.342700 	 90 	 1.22309642E-11 	 1.10248421E-11 
5.342900 	 90 	 1.69818556E-11 	 1.53072377E-11 
5.346900 	 90 	 1.62411457E-11 	 1.46395709E-11 
5.348300 	 90 	 1.37203682E-11 	 1.37298058E-11 
5.348600 	 90 	 7.85102500E-12 	 7.07681830E-12 
5.352100 	 90 	 2.41404795E-11 	 2.17599342E-11 
5.353600 	 90 	 1.20237607E-11 	 8.72944602E-12 
5.357900 	 90 	 1.52337419E-11 	 1.37315094E-11 
5.359800 	 90 	 4.59388221E-12 	 4.14086947E-12 
5.361900 	 90 	 1.33398085E-11 	 1.20243409E-11 
5.363900 	 90 	 1.22742605E-11 	 1.10638689E-11 
5.366000 	 90 	 2.01065728E-12 	 1.81238198E-12 
5.368000 	 90 	 1.94925213E-11 	 1.75703213E-11 
5.369700 	 90 	 9.88770524E-12 	 8.91265706E-12 
5.374800 	 90 	 1.77805300E-11 	 1.24507318E-11 
5.380100 	 90 	 1.61408581E-11 	 9.66740703E-12 
5.382900 	 90 	 1.94891459E-11 	 1.06393939E-11 
5.383300 	 90 	 1.66648638E-11 	 8.41279670E-12 
5.383900 	 90 	 2.42366666E-11 	 9.69657327E-12 
5.386000 	 90 	 1.75738956E-11 	 7.93340918E-12 
5.389900 	 90 	 1.91523890E-11 	 6.16771416E-12 
5.393100 	 90 	 1.58213391E-11 	 7.22480016E-12 
5.403400 	 90 	 1.70043035E-11 	 5.56338512E-12 
5.414100 	 90 	 1.72064000E-11 	 6.92886664E-12 
5.424400 	 90 	 1.35372980E-11 	 6.43203047E-12 
5.435400 	 90 	 8.48344396E-12 	 4.81355307E-12 
5.439300 	 90 	 1.24780224E-11 	 6.67143948E-12 
3.996000 	 75 	 8.98107170E-12 	 1.83818961E-12 
4.001000 	 75 	 9.30658260E-12 	 3.07154553E-12 
4.002900 	 75 	 7.50902578E-12 	 3.08016380E-12 
4.007000 	 75 	 6.23614985E-12 	 2.72119650E-12 
4.009100 	 75 	 1.04898293E-11 	 3.57243949E-12 
4.010000 	 75 	 8.87020611E-12 	 3.63243981E-12 
4.015100 	 75 	 9.47653277E-12 	 3.28002790E-12 
4.019100 	 75 	 6.57891140E-12 	 2.34337785E-12 
4.019900 	 75 	 1.03256913E-11 	 4.11058903E-12 
4.025000 	 75 	 1.24776761E-11 	 4.75222398E-12 
4.030000 	 75 	 1.12310010E-11 	 3.12753644E-12 
4.035100 	 75 	 1.08095056E-11 	 2.88198217E-12 
4.270000 	 75 	 4.29592708E-12 	 2.17509355E-12 
4.290100 	 75 	 5.00323163E-12 	 3.35901847E-12 
4.291100 	 75 	 2.98249122E-12 	 2.94594176E-12 
4.293200 	 75 	 3.75521356E-12 	 2.73416939E-12 
4.294200 	 75 	 5.89094727E-12 	 3.09594841E-12 
4.295100 	 75 	 1.20061780E-12 	 1.08222226E-12 
4.296200 	 75 	 2.91154528E-12 	 2.62443145E-12 
4.297200 	 75 	 9.99440648E-12 	 6.56869578E-12 
4.298100 	 75 	 2.39490655E-12 	 2.15873959E-12 
4.299100 	 75 	 7.13298618E-22 	 6.42958685E-22 
4.301100 	 75 	 6.03175381E-12 	 5.43694941E-12 
4.303100 	 75 	 3.17777362E-13 	 2.86440643E-13 
4.305200 	 75 	 2.60653287E-18 	 2.34949698E-18 
4.307200 	 75 	 9.90608837E-12 	 8.92922739E-12 
4.309300 	 75 	 2.06668760E-17 	 1.86288703E-17 
4.310000 	 75 	 1.15130488E-11 	 1.03777219E-11 
4.311200 	 75 	 1.74549210E-12 	 1.57336531E-12 
4.313100 	 75 	 1.24375507E-12 	 1.12110567E-12 
4.315100 	 75 	 2.00777739E-12 	 1.80978608E-12 
4.317200 	 75 	 7.69385190E-12 	 6.93514439E-12 
4.319200 	 75 	 2.97473983E-12 	 2.68139425E-12 
4.321200 	 75 	 6.06941644E-12 	 5.47089804E-12 
4.323000 	 75 	 3.34697444E-12 	 3.01692199E-12 
4.325200 	 75 	 3.49695087E-12 	 3.15210892E-12 
4.327100 	 75 	 1.35523886E-12 	 1.22159580E-12 
4.329100 	 75 	 9.14503848E-12 	 8.24322628E-12 
4.330100 	 75 	 3.87253921E-12 	 3.49065968E-12 
4.331200 	 75 	 1.79528150E-12 	 1.61824488E-12 
4.333200 	 75 	 4.05662116E-12 	 3.65658890E-12 
4.335200 	 75 	 3.18316107E-12 	 2.86926262E-12 
4.340000 	 75 	 2.34284801E-12 	 2.20109558E-12 
4.344900 	 75 	 4.86859538E-12 	 2.95553719E-12 
4.350000 	 75 	 3.67180802E-12 	 2.59981088E-12 
4.370100 	 75 	 3.27473909E-12 	 2.71581147E-12 
4.390100 	 75 	 3.29505804E-12 	 2.97012518E-12 
4.410000 	 75 	 1.61740683E-12 	 1.45791081E-12 
4.420200 	 75 	 1.58668245E-12 	 1.43021623E-12 
4.430200 	 75 	 2.51609627E-12 	 2.26797853E-12 
4.440000 	 75 	 1.59553565E-12 	 1.43819640E-12 
4.449900 	 75 	 1.89433271E-12 	 1.70752843E-12 
4.455000 	 75 	 6.12503279E-12 	 5.52102994E-12 
4.460100 	 75 	 3.20955227E-12 	 2.89305132E-12 
4.470000 	 75 	 9.56948040E-12 	 8.62581307E-12 
4.478000 	 75 	 6.96969931E-12 	 6.28240206E-12 
4.486100 	 75 	 4.80798297E-12 	 4.33385728E-12 
4.488200 	 75 	 1.65009538E-12 	 1.48737587E-12 
4.490100 	 75 	 4.22818602E-12 	 3.81123538E-12 
4.492200 	 75 	 1.99840772E-12 	 1.80134038E-12 
4.495000 	 75 	 2.61751025E-12 	 2.35939185E-12 
4.500000 	 75 	 3.09688284E-12 	 2.79149247E-12 
4.510200 	 75 	 2.31127871E-12 	 2.12516718E-12 
4.512200 	 75 	 5.76979711E-12 	 5.22812738E-12 
4.515100 	 75 	 2.94569689E-12 	 2.65521530E-12 
4.520100 	 75 	 6.76954407E-12 	 6.10198456E-12 
4.525200 	 75 	 6.32591345E-11 	 5.70210133E-11 
4.529400 	 75 	 1.60458377E-12 	 1.44635226E-12 
4.535100 	 75 	 5.54304750E-12 	 4.99643549E-12 
4.540200 	 75 	 5.93581577E-11 	 5.35047203E-11 
4.549800 	 75 	 5.98259725E-12 	 5.39264029E-12 
4.560200 	 75 	 1.06476275E-11 	 9.59764169E-12 
4.570100 	 75 	 5.94589633E-14 	 5.35955852E-14 
4.580000 	 75 	 2.40217011E-18 	 2.16528688E-18 
4.590100 	 75 	 4.66114263E-12 	 4.20149718E-12 
4.600300 	 75 	 4.19110317E-12 	 3.77780934E-12 
4.610000 	 75 	 2.90897119E-11 	 2.62211120E-11 
4.620200 	 75 	 2.22585914E-10 	 2.00636232E-10 
4.629900 	 75 	 3.82481307E-12 	 3.44763991E-12 
4.635200 	 75 	 1.25468661E-11 	 1.13095923E-11 
4.640000 	 75 	 2.07638588E-13 	 1.87162894E-13 
4.650000 	 75 	 2.25826426E-12 	 2.03557190E-12 
4.670100 	 75 	 7.13126109E-12 	 6.42803188E-12 
4.680200 	 75 	 2.80608782E-12 	 2.52937338E-12 
4.689900 	 75 	 2.35989196E-12 	 2.12717787E-12 
4.710000 	 75 	 8.97018957E-12 	 3.17565047E-12 
4.730000 	 75 	 1.14931223E-11 	 5.39564132E-12 
4.750000 	 75 	 3.19828103E-12 	 2.88289156E-12 
4.755200 	 75 	 3.95149647E-12 	 3.56183079E-12 
4.758900 	 75 	 4.65893247E-13 	 4.19950498E-13 
4.770000 	 75 	 1.67501527E-12 	 1.50983836E-12 
4.775000 	 75 	 5.33944607E-12 	 4.81291164E-12 
4.780200 	 75 	 1.88142576E-11 	 1.69589426E-11 
4.790100 	 75 	 1.02628320E-12 	 9.25079175E-13 
4.799900 	 75 	 3.92779355E-12 	 3.54046526E-12 
4.810000 	 75 	 9.18314371E-12 	 8.27757388E-12 
4.812200 	 75 	 4.05420514E-12 	 3.65441113E-12 
4.815300 	 75 	 3.84717620E-12 	 3.46779777E-12 
4.820100 	 75 	 6.98069546E-12 	 4.61821780E-12 
4.829900 	 75 	 4.52798393E-12 	 2.86334753E-12 
4.850000 	 75 	 6.50362160E-12 	 3.04768979E-12 
4.866300 	 75 	 1.56215351E-11 	 3.89907375E-12 
4.889900 	 75 	 1.05281274E-11 	 2.60684121E-12 
4.899900 	 75 	 4.12869421E-12 	 3.72155467E-12 
4.910100 	 75 	 9.26651581E-12 	 5.07630657E-12 
4.920000 	 75 	 1.57466852E-12 	 1.41938702E-12 
4.926200 	 75 	 1.62000657E-12 	 1.46025419E-12 
4.930200 	 75 	 6.30869471E-12 	 4.43283040E-12 
4.936900 	 75 	 5.71206583E-12 	 3.04281797E-12 
4.946700 	 75 	 5.05603287E-12 	 2.94729837E-12 
4.950300 	 75 	 2.42923543E-12 	 2.18968323E-12 
4.956800 	 75 	 5.61808886E-12 	 4.62913616E-12 
4.961900 	 75 	 9.13073433E-12 	 4.48195214E-12 
4.964700 	 75 	 1.43216149E-11 	 6.35401586E-12 
4.967900 	 75 	 1.05175412E-11 	 4.15503648E-12 
4.970000 	 75 	 9.20004365E-12 	 5.84807652E-12 
4.972800 	 75 	 1.31448998E-11 	 5.32759741E-12 
4.974600 	 75 	 1.43985734E-11 	 6.58582709E-12 
4.984700 	 75 	 1.58472639E-11 	 5.08318084E-12 
4.990100 	 75 	 1.16603357E-11 	 6.03240153E-12 
4.994700 	 75 	 1.77768967E-11 	 5.57595746E-12 
5.004600 	 75 	 2.48199442E-11 	 4.55520586E-12 
5.010000 	 75 	 1.98113848E-11 	 5.66160246E-12 
5.014800 	 75 	 1.84832070E-11 	 6.98581494E-12 
5.017700 	 75 	 2.12332337E-11 	 1.91393782E-11 
5.017900 	 75 	 9.53488163E-12 	 4.75628655E-12 
5.019800 	 75 	 8.15582743E-12 	 8.03182653E-12 
5.024800 	 75 	 6.28345242E-12 	 5.66382748E-12 
5.027800 	 75 	 2.37932996E-19 	 2.14469904E-19 
5.030100 	 75 	 7.56080218E-12 	 6.81521499E-12 
5.032800 	 75 	 6.45136000E-12 	 5.81517732E-12 
5.035900 	 75 	 8.71006101E-12 	 7.85114289E-12 
5.038700 	 75 	 1.21394808E-11 	 1.09423801E-11 
5.042000 	 75 	 9.35404878E-12 	 8.43162563E-12 
5.044800 	 75 	 1.52847594E-11 	 1.37774960E-11 
5.050000 	 75 	 4.93335776E-12 	 4.44686859E-12 
5.054800 	 75 	 4.74069386E-12 	 4.27320370E-12 
5.064900 	 75 	 6.60861679E-12 	 5.95692667E-12 
5.069900 	 75 	 7.99974517E-12 	 6.71243049E-12 
5.074500 	 75 	 6.34505997E-12 	 3.99968071E-12 
5.084200 	 75 	 9.34281421E-12 	 5.65645616E-12 
5.090000 	 75 	 5.01310271E-12 	 4.51874972E-12 
5.093700 	 75 	 6.11884812E-12 	 5.51545516E-12 
5.096800 	 75 	 3.32337443E-12 	 2.99564923E-12 
5.098900 	 75 	 8.60272345E-12 	 7.75439013E-12 
5.100000 	 75 	 1.49234922E-11 	 1.34518541E-11 
5.100400 	 75 	 5.07120383E-12 	 4.57112136E-12 
5.100700 	 75 	 2.68652599E-18 	 2.42160180E-18 
5.102900 	 75 	 6.83133156E-12 	 6.15767905E-12 
5.104900 	 75 	 9.34638065E-12 	 8.42471367E-12 
5.106900 	 75 	 1.17500572E-11 	 1.05913585E-11 
5.108800 	 75 	 3.51134695E-12 	 3.16508537E-12 
5.110000 	 75 	 1.75230478E-18 	 1.57950618E-18 
5.110800 	 75 	 2.77901889E-12 	 2.50497378E-12 
5.113800 	 75 	 5.32958788E-12 	 4.80402560E-12 
5.118800 	 75 	 8.29406217E-12 	 7.47616661E-12 
5.123800 	 75 	 1.27989239E-11 	 1.15367941E-11 
5.128500 	 75 	 4.48297703E-12 	 4.04090089E-12 
5.129900 	 75 	 1.27615853E-11 	 1.15031376E-11 
5.133800 	 75 	 4.11994688E-12 	 3.71366993E-12 
5.138900 	 75 	 8.12161939E-12 	 7.32072879E-12 
5.141700 	 75 	 9.71977123E-12 	 8.76128338E-12 
5.144700 	 75 	 1.17801625E-11 	 1.14919492E-11 
5.148000 	 75 	 1.24455873E-11 	 9.78373325E-12 
5.150000 	 75 	 1.03251189E-11 	 9.30693637E-12 
5.151000 	 75 	 5.19285307E-12 	 4.68077450E-12 
5.157000 	 75 	 1.94757359E-11 	 9.31369552E-12 
5.159400 	 75 	 1.44966416E-11 	 5.01308499E-12 
5.170000 	 75 	 1.52661354E-11 	 1.10264613E-11 
5.189800 	 75 	 1.61942552E-11 	 6.01273238E-12 
5.210000 	 75 	 1.81690223E-11 	 9.11034083E-12 
5.230000 	 75 	 5.00663366E-12 	 4.51291860E-12 
5.239500 	 75 	 9.36100867E-12 	 9.09003260E-12 
5.243100 	 75 	 1.20605485E-11 	 1.08712315E-11 
5.250100 	 75 	 7.50007294E-12 	 6.76047439E-12 
5.259900 	 75 	 3.83382994E-12 	 3.45576760E-12 
5.265000 	 75 	 2.78005235E-11 	 2.50590532E-11 
5.270000 	 75 	 2.14912027E-11 	 1.93719083E-11 
5.275000 	 75 	 1.01669023E-11 	 9.16432186E-12 
5.275000 	 75 	 7.20165177E-12 	 6.49148118E-12 
5.279800 	 75 	 8.13586556E-12 	 7.33357011E-12 
5.285000 	 75 	 2.54521202E-13 	 2.29422311E-13 
5.290200 	 75 	 1.91380745E-11 	 1.72508273E-11 
5.292900 	 75 	 3.13840665E-12 	 2.82892152E-12 
5.297700 	 75 	 5.07265785E-12 	 4.57243200E-12 
5.299700 	 75 	 1.41197544E-11 	 1.27273746E-11 
5.302400 	 75 	 4.32963380E-12 	 3.90267917E-12 
5.308200 	 75 	 6.37227282E-12 	 5.74388910E-12 
5.312900 	 75 	 6.57006742E-12 	 5.92217874E-12 
5.317500 	 75 	 8.63630359E-12 	 7.78465886E-12 
5.322800 	 75 	 2.24426265E-11 	 2.02295101E-11 
5.327700 	 75 	 1.42174647E-11 	 1.28154495E-11 
5.332900 	 75 	 6.62187619E-12 	 5.96887854E-12 
5.332900 	 75 	 1.21057307E-11 	 1.09119582E-11 
5.337500 	 75 	 1.02993025E-11 	 9.28366581E-12 
5.342700 	 75 	 1.20781402E-11 	 1.08870884E-11 
5.342900 	 75 	 1.08504370E-11 	 9.78045177E-12 
5.346900 	 75 	 7.86286277E-12 	 7.50389802E-12 
5.348300 	 75 	 1.41052269E-11 	 9.26599125E-12 
5.348600 	 75 	 1.52375550E-11 	 6.48643936E-12 
5.352100 	 75 	 8.04288923E-12 	 7.24976238E-12 
5.353600 	 75 	 1.67313739E-11 	 9.57684951E-12 
5.357900 	 75 	 1.24270637E-11 	 1.12016038E-11 
5.359800 	 75 	 3.35059266E-12 	 3.02018341E-12 
5.361900 	 75 	 3.85363797E-12 	 3.47362232E-12 
5.363900 	 75 	 1.50749926E-11 	 1.35884147E-11 
5.366000 	 75 	 1.07029315E-11 	 9.64749210E-12 
5.368000 	 75 	 5.51288606E-12 	 4.96924835E-12 
5.369700 	 75 	 2.50100942E-11 	 1.60696877E-11 
5.374800 	 75 	 1.09583358E-11 	 9.87771044E-12 
5.380100 	 75 	 1.56096213E-11 	 6.35101475E-12 
5.382900 	 75 	 2.60841138E-11 	 7.62145027E-12 
5.383300 	 75 	 1.79889339E-11 	 5.11798177E-12 
5.383900 	 75 	 2.72715335E-11 	 6.51367635E-12 
5.386000 	 75 	 1.88952926E-11 	 6.01919895E-12 
5.389900 	 75 	 2.30959310E-11 	 4.61812832E-12 
5.393100 	 75 	 2.01590482E-11 	 5.60797597E-12 
5.403400 	 75 	 1.51210695E-11 	 4.69866275E-12 
5.414100 	 75 	 1.12559384E-11 	 4.59009239E-12 
5.424400 	 75 	 1.24235667E-11 	 3.48889149E-12 
5.435400 	 75 	 9.45357255E-12 	 3.56221262E-12 
5.439300 	 75 	 1.17475360E-11 	 4.84259513E-12 
3.996000 	 60 	 1.11892331E-11 	 1.98824868E-12 
4.001000 	 60 	 8.96214883E-12 	 2.75453176E-12 
4.002900 	 60 	 9.08633049E-12 	 2.80837550E-12 
4.007000 	 60 	 1.25587238E-11 	 3.44170659E-12 
4.009100 	 60 	 1.12628982E-11 	 3.75681825E-12 
4.010000 	 60 	 1.06343775E-11 	 4.54591445E-12 
4.015100 	 60 	 1.04901485E-11 	 3.64068219E-12 
4.019100 	 60 	 1.46460925E-11 	 3.10129593E-12 
4.019900 	 60 	 1.49844593E-11 	 4.02937272E-12 
4.025000 	 60 	 1.43972772E-11 	 3.94546365E-12 
4.030000 	 60 	 1.48398972E-11 	 3.51653293E-12 
4.035100 	 60 	 1.73089639E-11 	 3.37466938E-12 
4.270000 	 60 	 4.27369614E-12 	 1.76079374E-12 
4.290100 	 60 	 4.98977175E-12 	 2.13328405E-12 
4.291100 	 60 	 6.48657418E-12 	 2.88287296E-12 
4.293200 	 60 	 4.61587709E-12 	 2.94186879E-12 
4.294200 	 60 	 6.28305878E-12 	 3.38438088E-12 
4.295100 	 60 	 3.71078112E-12 	 3.53060606E-12 
4.296200 	 60 	 3.71051668E-12 	 3.34461454E-12 
4.297200 	 60 	 5.63680233E-12 	 5.46081472E-12 
4.298100 	 60 	 1.02482706E-11 	 9.23766629E-12 
4.299100 	 60 	 7.83740991E-12 	 7.06454582E-12 
4.301100 	 60 	 4.68473824E-12 	 4.22276598E-12 
4.303100 	 60 	 2.66375405E-12 	 2.40107545E-12 
4.305200 	 60 	 3.84661453E-12 	 3.46729148E-12 
4.307200 	 60 	 8.25889825E-19 	 7.44447028E-19 
4.309300 	 60 	 9.05991210E-12 	 8.16649440E-12 
4.310000 	 60 	 4.98216599E-12 	 4.49086373E-12 
4.311200 	 60 	 3.55526312E-12 	 3.20467087E-12 
4.313100 	 60 	 4.12767569E-12 	 3.72063659E-12 
4.315100 	 60 	 1.80475670E-14 	 1.62678570E-14 
4.317200 	 60 	 1.94761182E-12 	 1.75555357E-12 
4.319200 	 60 	 3.19935789E-13 	 2.88386223E-13 
4.321200 	 60 	 6.09541988E-12 	 5.49433723E-12 
4.323000 	 60 	 5.95915244E-12 	 5.37150742E-12 
4.325200 	 60 	 5.25720063E-13 	 4.73877661E-13 
4.327100 	 60 	 2.84778194E-12 	 2.56695595E-12 
4.329100 	 60 	 2.43081536E-12 	 2.19110735E-12 
4.330100 	 60 	 5.53679791E-12 	 4.99080219E-12 
4.331200 	 60 	 6.77121175E-12 	 4.66605941E-12 
4.333200 	 60 	 2.45727091E-12 	 2.21495407E-12 
4.335200 	 60 	 5.74468826E-12 	 4.01767989E-12 
4.340000 	 60 	 6.17691381E-12 	 3.73680802E-12 
4.344900 	 60 	 3.71695949E-12 	 2.24311146E-12 
4.350000 	 60 	 6.24555189E-12 	 2.43829475E-12 
4.370100 	 60 	 5.28484422E-12 	 2.55717853E-12 
4.390100 	 60 	 6.09833586E-12 	 2.79707235E-12 
4.410000 	 60 	 3.82721148E-12 	 3.07624496E-12 
4.420200 	 60 	 2.75889849E-12 	 2.48683749E-12 
4.430200 	 60 	 2.70318692E-12 	 2.43661976E-12 
4.440000 	 60 	 2.84331033E-12 	 2.56292530E-12 
4.449900 	 60 	 1.64040566E-12 	 1.47864168E-12 
4.455000 	 60 	 1.16747858E-11 	 1.05235097E-11 
4.460100 	 60 	 1.25418269E-11 	 1.13050500E-11 
4.470000 	 60 	 2.23872649E-18 	 2.01796078E-18 
4.478000 	 60 	 9.25663069E-19 	 8.34381415E-19 
4.486100 	 60 	 4.36158568E-12 	 3.93148021E-12 
4.488200 	 60 	 1.40532870E-12 	 1.26674617E-12 
4.490100 	 60 	 5.34719983E-12 	 4.81990079E-12 
4.492200 	 60 	 1.58371060E-12 	 1.42753745E-12 
4.495000 	 60 	 3.94365013E-12 	 3.55475819E-12 
4.500000 	 60 	 4.01613804E-12 	 3.62009791E-12 
4.510200 	 60 	 3.78603386E-12 	 2.35555853E-12 
4.512200 	 60 	 3.25230573E-12 	 2.93158877E-12 
4.515100 	 60 	 4.82618586E-12 	 4.35026514E-12 
4.520100 	 60 	 1.47257160E-12 	 1.32735810E-12 
4.525200 	 60 	 3.88276000E-17 	 3.49987257E-17 
4.529400 	 60 	 2.67374248E-16 	 2.41007890E-16 
4.535100 	 60 	 4.05899046E-16 	 3.65872456E-16 
4.540200 	 60 	 3.85364527E-11 	 3.47362890E-11 
4.549800 	 60 	 1.92117512E-12 	 1.73172385E-12 
4.560200 	 60 	 2.10504580E-11 	 1.89746264E-11 
4.570100 	 60 	 1.52459084E-11 	 1.37424761E-11 
4.580000 	 60 	 2.40776652E-11 	 2.17033141E-11 
4.590100 	 60 	 9.82652219E-12 	 8.85750741E-12 
4.600300 	 60 	 3.80839931E-12 	 3.43284475E-12 
4.610000 	 60 	 2.63307342E-11 	 2.37342030E-11 
4.620200 	 60 	 1.89533344E-11 	 1.70843048E-11 
4.629900 	 60 	 5.77068724E-19 	 5.20162718E-19 
4.635200 	 60 	 8.12709480E-12 	 7.32566426E-12 
4.640000 	 60 	 2.52286627E-12 	 2.27408093E-12 
4.650000 	 60 	 1.42170766E-11 	 1.28150997E-11 
4.670100 	 60 	 5.24701167E-12 	 4.72959241E-12 
4.680200 	 60 	 3.17395317E-12 	 2.86096273E-12 
4.689900 	 60 	 2.57161803E-12 	 2.31802517E-12 
4.710000 	 60 	 7.70647054E-12 	 3.25874843E-12 
4.730000 	 60 	 1.22394077E-11 	 4.92477940E-12 
4.750000 	 60 	 1.02527186E-11 	 4.85713880E-12 
4.755200 	 60 	 2.37004497E-12 	 2.13632967E-12 
4.758900 	 60 	 6.82460514E-12 	 6.15161594E-12 
4.770000 	 60 	 1.01123491E-11 	 9.11514832E-12 
4.775000 	 60 	 6.67207989E-12 	 6.01413154E-12 
4.780200 	 60 	 9.02858759E-12 	 8.13825887E-12 
4.790100 	 60 	 1.09036226E-12 	 9.82839261E-13 
4.799900 	 60 	 4.76499355E-12 	 4.29510714E-12 
4.810000 	 60 	 4.57284565E-12 	 4.12190736E-12 
4.812200 	 60 	 2.11179688E-12 	 1.90354798E-12 
4.815300 	 60 	 4.47588876E-12 	 4.03451160E-12 
4.820100 	 60 	 3.26259943E-12 	 2.94086738E-12 
4.829900 	 60 	 5.68497418E-12 	 3.01974642E-12 
4.850000 	 60 	 4.98754072E-12 	 2.24703322E-12 
4.866300 	 60 	 9.85982525E-12 	 3.46725655E-12 
4.889900 	 60 	 1.44527072E-11 	 3.40784290E-12 
4.899900 	 60 	 8.18627798E-12 	 4.50777913E-12 
4.910100 	 60 	 7.70768087E-12 	 4.68579813E-12 
4.920000 	 60 	 6.33894676E-12 	 6.16649015E-12 
4.926200 	 60 	 5.28276479E-12 	 3.47428006E-12 
4.930200 	 60 	 4.87253728E-12 	 4.39204576E-12 
4.936900 	 60 	 6.27221666E-12 	 3.79926713E-12 
4.946700 	 60 	 6.79336931E-12 	 4.36143244E-12 
4.950300 	 60 	 8.51316203E-12 	 5.11179452E-12 
4.956800 	 60 	 4.31308640E-12 	 3.88776355E-12 
4.961900 	 60 	 1.37495052E-11 	 4.93450599E-12 
4.964700 	 60 	 1.20492212E-11 	 4.74933027E-12 
4.967900 	 60 	 9.74983986E-12 	 4.88431830E-12 
4.970000 	 60 	 7.57871752E-12 	 5.21250686E-12 
4.972800 	 60 	 1.40811182E-11 	 5.16481353E-12 
4.974600 	 60 	 1.50701694E-11 	 4.89101002E-12 
4.984700 	 60 	 2.53675078E-11 	 5.98265162E-12 
4.990100 	 60 	 1.91727975E-11 	 7.62819326E-12 
4.994700 	 60 	 2.27439590E-11 	 5.01464465E-12 
5.004600 	 60 	 1.85246690E-11 	 4.11252711E-12 
5.010000 	 60 	 2.05068731E-11 	 6.03456340E-12 
5.014800 	 60 	 1.21904304E-11 	 3.96849406E-12 
5.017700 	 60 	 1.07027134E-11 	 4.64213572E-12 
5.017900 	 60 	 1.44216838E-11 	 4.76014877E-12 
5.019800 	 60 	 1.86654874E-11 	 7.75752875E-12 
5.024800 	 60 	 6.13406577E-12 	 5.52917216E-12 
5.027800 	 60 	 4.70134513E-12 	 4.23773523E-12 
5.030100 	 60 	 1.14090759E-11 	 1.02840021E-11 
5.032800 	 60 	 8.16428693E-12 	 7.35918879E-12 
5.035900 	 60 	 5.70977738E-12 	 5.14672378E-12 
5.038700 	 60 	 4.47823746E-12 	 4.03662869E-12 
5.042000 	 60 	 6.07677554E-12 	 5.47753145E-12 
5.044800 	 60 	 4.83820897E-12 	 4.36110263E-12 
5.050000 	 60 	 1.46967615E-11 	 1.32474818E-11 
5.054800 	 60 	 2.79515393E-12 	 2.51951771E-12 
5.064900 	 60 	 7.44938561E-12 	 6.14795616E-12 
5.069900 	 60 	 8.67514297E-12 	 8.58169193E-12 
5.074500 	 60 	 1.31921435E-11 	 7.22483848E-12 
5.084200 	 60 	 8.38966797E-12 	 4.61492084E-12 
5.090000 	 60 	 5.23785881E-12 	 4.72134213E-12 
5.093700 	 60 	 2.71701690E-12 	 2.44908594E-12 
5.096800 	 60 	 2.78883008E-12 	 2.51381746E-12 
5.098900 	 60 	 4.21443564E-12 	 3.79884095E-12 
5.100000 	 60 	 6.46991708E-12 	 5.83190445E-12 
5.100400 	 60 	 1.02774829E-11 	 9.26399793E-12 
5.100700 	 60 	 1.22155864E-11 	 1.10109808E-11 
5.102900 	 60 	 6.42647869E-18 	 5.79274961E-18 
5.104900 	 60 	 1.66853090E-18 	 1.50399343E-18 
5.106900 	 60 	 7.27425571E-12 	 6.55692549E-12 
5.108800 	 60 	 1.16841915E-11 	 1.05319879E-11 
5.110000 	 60 	 1.88057514E-12 	 1.69512753E-12 
5.110800 	 60 	 3.30420066E-12 	 2.97836622E-12 
5.113800 	 60 	 6.61316586E-12 	 5.96102715E-12 
5.118800 	 60 	 1.10346364E-11 	 9.94648688E-12 
5.123800 	 60 	 1.17101319E-11 	 1.05553703E-11 
5.128500 	 60 	 5.31001810E-12 	 4.78638563E-12 
5.129900 	 60 	 5.92826124E-12 	 5.34366247E-12 
5.133800 	 60 	 1.16060743E-11 	 1.11753595E-11 
5.138900 	 60 	 8.95472662E-12 	 8.07168150E-12 
5.141700 	 60 	 7.33248161E-12 	 6.60940961E-12 
5.144700 	 60 	 9.37202056E-12 	 8.44782517E-12 
5.148000 	 60 	 1.12511328E-11 	 1.01416340E-11 
5.150000 	 60 	 1.83524066E-11 	 1.59065270E-11 
5.151000 	 60 	 1.39663704E-11 	 1.15542942E-11 
5.157000 	 60 	 1.36460553E-11 	 8.43003372E-12 
5.159400 	 60 	 1.88775273E-11 	 8.43217392E-12 
5.170000 	 60 	 1.60408190E-11 	 9.18344560E-12 
5.189800 	 60 	 1.70220334E-11 	 6.87967173E-12 
5.210000 	 60 	 1.37963903E-11 	 7.85096504E-12 
5.230000 	 60 	 1.10005930E-11 	 9.91580054E-12 
5.239500 	 60 	 6.89702971E-12 	 5.16548856E-12 
5.243100 	 60 	 9.73757269E-12 	 8.77732941E-12 
5.250100 	 60 	 7.39729436E-12 	 6.66783103E-12 
5.259900 	 60 	 6.61080202E-12 	 5.95889641E-12 
5.265000 	 60 	 1.93887667E-11 	 1.74767982E-11 
5.270000 	 60 	 9.37252155E-12 	 8.44827676E-12 
5.275000 	 60 	 1.00177312E-11 	 9.02986088E-12 
5.275000 	 60 	 1.75893767E-11 	 1.58548499E-11 
5.279800 	 60 	 3.42221870E-12 	 3.08474625E-12 
5.285000 	 60 	 9.99943294E-12 	 9.01336705E-12 
5.290200 	 60 	 6.65502514E-13 	 5.99875860E-13 
5.292900 	 60 	 1.26913175E-11 	 1.14397990E-11 
5.297700 	 60 	 1.02503009E-11 	 9.23949634E-12 
5.299700 	 60 	 1.28732347E-11 	 1.16037770E-11 
5.302400 	 60 	 4.46528765E-18 	 4.02495590E-18 
5.308200 	 60 	 1.01699634E-11 	 9.16708115E-12 
5.312900 	 60 	 1.09805443E-11 	 9.89772891E-12 
5.317500 	 60 	 2.21766234E-11 	 1.54383047E-11 
5.322800 	 60 	 1.15903302E-11 	 1.04473824E-11 
5.327700 	 60 	 1.28916114E-11 	 1.16203415E-11 
5.332900 	 60 	 1.49332141E-11 	 1.34606173E-11 
5.332900 	 60 	 1.74200623E-11 	 1.69908932E-11 
5.337500 	 60 	 1.00470602E-11 	 9.05629768E-12 
5.342700 	 60 	 1.78079361E-11 	 1.75751097E-11 
5.342900 	 60 	 6.62110997E-12 	 5.96818787E-12 
5.346900 	 60 	 9.48547873E-12 	 8.55009498E-12 
5.348300 	 60 	 1.58289178E-11 	 1.28354054E-11 
5.348600 	 60 	 2.01203391E-11 	 1.02881835E-11 
5.352100 	 60 	 1.44230025E-11 	 1.37061515E-11 
5.353600 	 60 	 1.63376172E-11 	 8.01619879E-12 
5.357900 	 60 	 1.10628522E-11 	 9.97192021E-12 
5.359800 	 60 	 8.86068700E-12 	 7.98691533E-12 
5.361900 	 60 	 1.24615321E-11 	 1.12326732E-11 
5.363900 	 60 	 9.86935295E-12 	 8.89611453E-12 
5.366000 	 60 	 5.96486942E-12 	 5.37666063E-12 
5.368000 	 60 	 1.12567545E-11 	 8.15985318E-12 
5.369700 	 60 	 1.26082568E-11 	 1.18868499E-11 
5.374800 	 60 	 2.21477323E-11 	 7.50196603E-12 
5.380100 	 60 	 2.90130882E-11 	 8.60095404E-12 
5.382900 	 60 	 2.40798299E-11 	 6.70354807E-12 
5.383300 	 60 	 2.82459577E-11 	 5.92166204E-12 
5.383900 	 60 	 2.83085915E-11 	 5.48743688E-12 
5.386000 	 60 	 3.13056792E-11 	 6.33055890E-12 
5.389900 	 60 	 2.70223834E-11 	 5.14238698E-12 
5.393100 	 60 	 2.89839703E-11 	 4.88864912E-12 
5.403400 	 60 	 1.79581876E-11 	 4.68774661E-12 
5.414100 	 60 	 1.77570972E-11 	 4.75677913E-12 
5.424400 	 60 	 1.07776032E-11 	 4.29496497E-12 
5.435400 	 60 	 1.56640222E-11 	 4.47296796E-12 
5.439300 	 60 	 2.59905308E-11 	 6.14968249E-12 
