3.996000 	 0 	 3.80162491E-12 	 3.42673839E-12 
4.001000 	 0 	 3.11047446E-12 	 2.80374379E-12 
4.002900 	 0 	 3.51401702E-12 	 3.16749213E-12 
4.007000 	 0 	 2.25638640E-12 	 2.03387922E-12 
4.009100 	 0 	 4.63900769E-12 	 4.18154503E-12 
4.010000 	 0 	 5.62865300E-12 	 5.07359925E-12 
4.015100 	 0 	 1.37669445E-12 	 1.24093560E-12 
4.019100 	 0 	 7.47184853E-12 	 6.73503325E-12 
4.019900 	 0 	 4.23166775E-12 	 3.81437376E-12 
4.025000 	 0 	 2.74217598E-12 	 2.47176403E-12 
4.030000 	 0 	 -1.68086095E-13 	 1.51510758E-13 
4.035100 	 0 	 -1.08692708E-13 	 9.79742833E-14 
4.270000 	 0 	 4.35269547E-12 	 3.92346668E-12 
4.290100 	 0 	 3.48371934E-12 	 3.14018218E-12 
4.291100 	 0 	 2.42973018E-12 	 2.19012919E-12 
4.293200 	 0 	 1.77312299E-11 	 1.59827147E-11 
4.294200 	 0 	 1.31414335E-11 	 1.18455281E-11 
4.295100 	 0 	 1.42925497E-11 	 1.28831302E-11 
4.296200 	 0 	 1.78567233E-11 	 1.60958328E-11 
4.297200 	 0 	 1.14392061E-11 	 1.03111611E-11 
4.298100 	 0 	 3.28697187E-11 	 2.96283641E-11 
4.299100 	 0 	 7.28358409E-11 	 6.56533397E-11 
4.301100 	 0 	 7.12806199E-11 	 6.42514825E-11 
4.303100 	 0 	 8.48000818E-11 	 7.64377608E-11 
4.305200 	 0 	 9.19246805E-11 	 8.28597872E-11 
4.307200 	 0 	 8.85901434E-11 	 7.98540761E-11 
4.309300 	 0 	 7.29727427E-11 	 6.57767414E-11 
4.310000 	 0 	 7.42390845E-11 	 6.69182065E-11 
4.311200 	 0 	 6.68757225E-11 	 6.02809616E-11 
4.313100 	 0 	 9.57701547E-11 	 8.63260509E-11 
4.315100 	 0 	 7.01541136E-11 	 6.32360634E-11 
4.317200 	 0 	 5.08670108E-11 	 4.58509039E-11 
4.319200 	 0 	 7.05198370E-11 	 6.35657221E-11 
4.321200 	 0 	 4.27508518E-11 	 3.85350971E-11 
4.323000 	 0 	 6.01454499E-11 	 5.42143759E-11 
4.325200 	 0 	 5.02640724E-11 	 4.53074226E-11 
4.327100 	 0 	 2.73092233E-11 	 2.46162012E-11 
4.329100 	 0 	 2.93073379E-11 	 2.64172774E-11 
4.330100 	 0 	 3.26162874E-11 	 2.93999241E-11 
4.331200 	 0 	 1.28986773E-11 	 1.16267106E-11 
4.333200 	 0 	 1.99152213E-11 	 1.79513379E-11 
4.335200 	 0 	 1.00765441E-11 	 9.08287413E-12 
4.340000 	 0 	 1.50558588E-11 	 1.35711677E-11 
4.344900 	 0 	 9.19393485E-12 	 8.28730088E-12 
4.350000 	 0 	 8.27970778E-12 	 7.46322774E-12 
4.370100 	 0 	 3.11711583E-12 	 2.80973024E-12 
4.390100 	 0 	 2.04501163E-12 	 1.84334857E-12 
4.410000 	 0 	 1.42707920E-11 	 1.28635181E-11 
4.420200 	 0 	 8.89853659E-12 	 8.02103249E-12 
4.430200 	 0 	 1.98179233E-11 	 1.78636346E-11 
4.440000 	 0 	 2.57127688E-11 	 2.31771766E-11 
4.449900 	 0 	 6.17573058E-11 	 5.56672832E-11 
4.455000 	 0 	 8.67126328E-11 	 7.81617109E-11 
4.460100 	 0 	 1.66334892E-10 	 1.49932246E-10 
4.470000 	 0 	 1.78079112E-10 	 1.60518343E-10 
4.478000 	 0 	 1.20192461E-10 	 1.08340020E-10 
4.486100 	 0 	 6.24813372E-11 	 5.63199162E-11 
4.488200 	 0 	 6.30874537E-11 	 5.68662623E-11 
4.490100 	 0 	 6.65589741E-11 	 5.99954485E-11 
4.492200 	 0 	 3.91846410E-11 	 3.53205580E-11 
4.495000 	 0 	 2.75246806E-11 	 2.48104119E-11 
4.500000 	 0 	 1.88163398E-11 	 1.69608195E-11 
4.510200 	 0 	 1.52398613E-11 	 1.37370254E-11 
4.512200 	 0 	 7.19771894E-12 	 6.48793618E-12 
4.515100 	 0 	 4.46546834E-11 	 4.02511877E-11 
4.520100 	 0 	 9.97981647E-11 	 8.99568500E-11 
4.525200 	 0 	 1.32618745E-10 	 1.19540922E-10 
4.529400 	 0 	 1.61333901E-10 	 1.45424414E-10 
4.535100 	 0 	 2.14450991E-10 	 1.93303511E-10 
4.540200 	 0 	 2.53054859E-10 	 2.28100567E-10 
4.549800 	 0 	 3.12936366E-10 	 2.82077028E-10 
4.560200 	 0 	 4.46775819E-10 	 4.02718281E-10 
4.570100 	 0 	 4.65537887E-10 	 4.19630180E-10 
4.580000 	 0 	 2.58063999E-10 	 2.32615745E-10 
4.590100 	 0 	 1.07867223E-10 	 9.72302008E-11 
4.600300 	 0 	 9.57342995E-11 	 8.62937314E-11 
4.610000 	 0 	 2.17983547E-10 	 1.96487714E-10 
4.620200 	 0 	 2.88972843E-10 	 2.60476601E-10 
4.629900 	 0 	 2.13716774E-10 	 1.92641697E-10 
4.635200 	 0 	 1.02902902E-10 	 9.27554227E-11 
4.640000 	 0 	 7.48958873E-11 	 6.75102405E-11 
4.650000 	 0 	 6.23763791E-11 	 5.62253083E-11 
4.670100 	 0 	 4.27374876E-11 	 3.85230507E-11 
4.680200 	 0 	 1.85425362E-11 	 1.67140162E-11 
4.689900 	 0 	 1.78255129E-11 	 1.60677002E-11 
4.710000 	 0 	 1.29379551E-11 	 1.16621151E-11 
4.730000 	 0 	 1.42468342E-11 	 1.28419228E-11 
4.750000 	 0 	 1.92452173E-11 	 1.73474045E-11 
4.755200 	 0 	 4.83216964E-11 	 4.35565885E-11 
4.758900 	 0 	 4.11530935E-11 	 3.70948972E-11 
4.770000 	 0 	 5.40309096E-11 	 4.87028037E-11 
4.775000 	 0 	 6.66357369E-11 	 6.00646415E-11 
4.780200 	 0 	 1.04394154E-10 	 9.40996190E-11 
4.790100 	 0 	 1.43975077E-10 	 1.29777381E-10 
4.799900 	 0 	 1.51136346E-10 	 1.36232461E-10 
4.810000 	 0 	 6.55062969E-11 	 5.90465781E-11 
4.812200 	 0 	 3.23578037E-11 	 2.91669301E-11 
4.815300 	 0 	 3.21557920E-11 	 2.89848392E-11 
4.820100 	 0 	 2.03018875E-11 	 1.82998741E-11 
4.829900 	 0 	 1.43554593E-11 	 1.29398361E-11 
4.850000 	 0 	 1.32554369E-11 	 1.19482894E-11 
4.866300 	 0 	 2.28714857E-11 	 2.06160786E-11 
4.889900 	 0 	 2.72485138E-11 	 2.45614784E-11 
4.899900 	 0 	 3.72583998E-11 	 3.35842677E-11 
4.910100 	 0 	 4.09833516E-11 	 3.69418939E-11 
4.920000 	 0 	 6.80410177E-11 	 6.13313446E-11 
4.926200 	 0 	 8.13366288E-11 	 7.33158464E-11 
4.930200 	 0 	 8.09195672E-11 	 7.29399122E-11 
4.936900 	 0 	 9.65915656E-11 	 8.70664607E-11 
4.946700 	 0 	 1.18997015E-10 	 1.07262460E-10 
4.950300 	 0 	 1.09709693E-10 	 9.88909811E-11 
4.956800 	 0 	 1.20696064E-10 	 1.08793962E-10 
4.961900 	 0 	 1.31054153E-10 	 1.18130617E-10 
4.964700 	 0 	 1.27085630E-10 	 1.14553439E-10 
4.967900 	 0 	 1.25093220E-10 	 1.12757505E-10 
4.970000 	 0 	 1.38811923E-10 	 1.25123376E-10 
4.972800 	 0 	 1.14261679E-10 	 1.02994085E-10 
4.974600 	 0 	 1.20088155E-10 	 1.08246000E-10 
4.984700 	 0 	 1.03718609E-10 	 9.34906907E-11 
4.990100 	 0 	 9.61987878E-11 	 8.67124155E-11 
4.994700 	 0 	 8.09034323E-11 	 7.29253684E-11 
5.004600 	 0 	 6.32554029E-11 	 5.70176496E-11 
5.010000 	 0 	 6.85987297E-11 	 6.18340593E-11 
5.014800 	 0 	 6.08680145E-11 	 5.48656868E-11 
5.017700 	 0 	 5.44439782E-11 	 4.90751388E-11 
5.017900 	 0 	 5.55473417E-11 	 5.00696971E-11 
5.019800 	 0 	 6.89836030E-11 	 6.21809795E-11 
5.024800 	 0 	 7.21257442E-11 	 6.50132672E-11 
5.027800 	 0 	 7.67823617E-11 	 6.92106855E-11 
5.030100 	 0 	 9.96034056E-11 	 8.97812965E-11 
5.032800 	 0 	 9.52233623E-11 	 8.58331789E-11 
5.035900 	 0 	 1.24165058E-10 	 1.11920871E-10 
5.038700 	 0 	 1.24777042E-10 	 1.12472506E-10 
5.042000 	 0 	 1.25305092E-10 	 1.12948483E-10 
5.044800 	 0 	 9.42389731E-11 	 8.49458624E-11 
5.050000 	 0 	 1.11299547E-10 	 1.00324056E-10 
5.054800 	 0 	 7.03214108E-11 	 6.33868631E-11 
5.064900 	 0 	 4.91093707E-11 	 4.42665886E-11 
5.069900 	 0 	 4.47803397E-11 	 4.03644528E-11 
5.074500 	 0 	 2.83118661E-11 	 2.55199712E-11 
5.084200 	 0 	 3.33065007E-11 	 3.00220740E-11 
5.090000 	 0 	 3.54799800E-11 	 3.19812218E-11 
5.093700 	 0 	 8.13540675E-11 	 7.33315654E-11 
5.096800 	 0 	 1.45330242E-10 	 1.30998910E-10 
5.098900 	 0 	 1.21576147E-10 	 1.09587258E-10 
5.100000 	 0 	 1.35351892E-10 	 1.22004547E-10 
5.100400 	 0 	 1.51921902E-10 	 1.36940552E-10 
5.100700 	 0 	 1.47583418E-10 	 1.33029895E-10 
5.102900 	 0 	 1.73972058E-10 	 1.56816294E-10 
5.104900 	 0 	 1.80614241E-10 	 1.62803476E-10 
5.106900 	 0 	 1.86426049E-10 	 1.68042169E-10 
5.108800 	 0 	 1.91863821E-10 	 1.72943712E-10 
5.110000 	 0 	 2.01491768E-10 	 1.81622225E-10 
5.110800 	 0 	 1.45943041E-10 	 1.31551279E-10 
5.113800 	 0 	 1.95788340E-10 	 1.76481225E-10 
5.118800 	 0 	 1.22642026E-10 	 1.10548028E-10 
5.123800 	 0 	 1.14872033E-10 	 1.03544251E-10 
5.128500 	 0 	 8.69937704E-11 	 7.84151250E-11 
5.129900 	 0 	 1.02833637E-10 	 9.26929874E-11 
5.133800 	 0 	 7.33152417E-11 	 6.60854658E-11 
5.138900 	 0 	 7.90397749E-11 	 7.12454903E-11 
5.141700 	 0 	 8.26642505E-11 	 7.45125484E-11 
5.144700 	 0 	 8.17328292E-11 	 7.36729766E-11 
5.148000 	 0 	 7.61558729E-11 	 6.86459762E-11 
5.150000 	 0 	 6.57025228E-11 	 5.92234537E-11 
5.151000 	 0 	 6.99695406E-11 	 6.30696916E-11 
5.157000 	 0 	 5.98062920E-11 	 5.39086631E-11 
5.159400 	 0 	 8.03267334E-11 	 7.24055390E-11 
5.170000 	 0 	 5.02106155E-11 	 4.52592372E-11 
5.189800 	 0 	 3.12192369E-11 	 2.81406399E-11 
5.210000 	 0 	 4.36811322E-11 	 3.93736405E-11 
5.230000 	 0 	 3.87925150E-11 	 3.49671005E-11 
5.239500 	 0 	 5.21786606E-11 	 4.70332091E-11 
5.243100 	 0 	 6.28076198E-11 	 5.66140235E-11 
5.250100 	 0 	 8.00775395E-11 	 7.21809187E-11 
5.259900 	 0 	 9.28463231E-11 	 8.36905446E-11 
5.265000 	 0 	 1.21483249E-10 	 1.09503521E-10 
5.270000 	 0 	 1.51323771E-10 	 1.36401404E-10 
5.275000 	 0 	 1.56505668E-10 	 1.41072303E-10 
5.275000 	 0 	 2.14767169E-10 	 1.93588510E-10 
5.279800 	 0 	 2.65391505E-10 	 2.39220670E-10 
5.285000 	 0 	 2.79463871E-10 	 2.51905329E-10 
5.290200 	 0 	 4.10668780E-10 	 3.70171836E-10 
5.292900 	 0 	 4.29025846E-10 	 3.86718672E-10 
5.297700 	 0 	 4.25073621E-10 	 3.83156184E-10 
5.299700 	 0 	 4.09869371E-10 	 3.69451258E-10 
5.302400 	 0 	 3.84885604E-10 	 3.46931195E-10 
5.308200 	 0 	 4.07690350E-10 	 3.67487116E-10 
5.312900 	 0 	 3.05696052E-10 	 2.75550698E-10 
5.317500 	 0 	 3.10006015E-10 	 2.79435645E-10 
5.322800 	 0 	 2.60578755E-10 	 2.34882515E-10 
5.327700 	 0 	 2.05833511E-10 	 1.85535820E-10 
5.332900 	 0 	 1.38835555E-10 	 1.25144678E-10 
5.332900 	 0 	 1.91776628E-10 	 1.72865116E-10 
5.337500 	 0 	 1.24020822E-10 	 1.11790859E-10 
5.342700 	 0 	 8.29836880E-11 	 7.48004856E-11 
5.342900 	 0 	 9.97777924E-11 	 8.99384867E-11 
5.346900 	 0 	 6.68935686E-11 	 6.02970479E-11 
5.348300 	 0 	 6.72776271E-11 	 6.06432336E-11 
5.348600 	 0 	 6.26782965E-11 	 5.64974530E-11 
5.352100 	 0 	 1.06018234E-10 	 9.55635443E-11 
5.353600 	 0 	 8.67900475E-11 	 7.82314916E-11 
5.357900 	 0 	 1.15373191E-10 	 1.03995989E-10 
5.359800 	 0 	 1.30536697E-10 	 1.17664189E-10 
5.361900 	 0 	 9.01245846E-11 	 8.12372027E-11 
5.363900 	 0 	 8.25289784E-11 	 7.43906159E-11 
5.366000 	 0 	 9.09492550E-11 	 8.19805506E-11 
5.368000 	 0 	 9.08979169E-11 	 8.19342750E-11 
5.369700 	 0 	 1.31559386E-10 	 1.18586028E-10 
5.374800 	 0 	 5.06393300E-11 	 4.56456753E-11 
5.380100 	 0 	 1.90314712E-11 	 1.71547363E-11 
5.382900 	 0 	 1.17997957E-11 	 1.06361921E-11 
5.383300 	 0 	 2.80540343E-11 	 2.52875648E-11 
5.383900 	 0 	 2.61454763E-11 	 2.35672139E-11 
5.386000 	 0 	 1.62673584E-11 	 1.46631987E-11 
5.389900 	 0 	 1.43249823E-11 	 1.29123646E-11 
5.393100 	 0 	 1.41519808E-11 	 1.27564231E-11 
5.403400 	 0 	 1.15028492E-11 	 1.03685281E-11 
5.414100 	 0 	 2.03674048E-11 	 1.83589306E-11 
5.424400 	 0 	 1.81369645E-11 	 1.63484389E-11 
5.435400 	 0 	 1.72838543E-11 	 1.55794558E-11 
5.439300 	 0 	 2.21023094E-11 	 1.99227524E-11 
3.996000 	 15 	 3.93581250E-12 	 3.54769345E-12 
4.001000 	 15 	 3.57599428E-12 	 3.22335768E-12 
4.002900 	 15 	 4.84117507E-12 	 4.36377624E-12 
4.007000 	 15 	 4.26374019E-12 	 3.84328347E-12 
4.009100 	 15 	 2.59016509E-12 	 2.33474326E-12 
4.010000 	 15 	 3.84694264E-12 	 3.46758723E-12 
4.015100 	 15 	 4.21620633E-12 	 3.80043703E-12 
4.019100 	 15 	 2.29394731E-12 	 2.06773616E-12 
4.019900 	 15 	 5.53914208E-12 	 4.99291520E-12 
4.025000 	 15 	 7.74276821E-12 	 6.97923695E-12 
4.030000 	 15 	 3.01810184E-12 	 2.72048023E-12 
4.035100 	 15 	 2.80978126E-12 	 2.53270261E-12 
4.270000 	 15 	 6.04607213E-12 	 5.44985577E-12 
4.290100 	 15 	 3.32569142E-12 	 2.99773774E-12 
4.291100 	 15 	 9.99614948E-12 	 9.01040738E-12 
4.293200 	 15 	 7.91176286E-12 	 7.13156667E-12 
4.294200 	 15 	 1.40254182E-11 	 1.26423411E-11 
4.295100 	 15 	 8.87387664E-12 	 7.99880431E-12 
4.296200 	 15 	 9.93874301E-12 	 8.95866188E-12 
4.297200 	 15 	 8.69986764E-12 	 7.84195471E-12 
4.298100 	 15 	 3.57419899E-11 	 3.22173943E-11 
4.299100 	 15 	 4.95926800E-11 	 4.47022377E-11 
4.301100 	 15 	 5.96674040E-11 	 5.37834712E-11 
4.303100 	 15 	 8.77711875E-11 	 7.91158793E-11 
4.305200 	 15 	 8.30893712E-11 	 7.48957471E-11 
4.307200 	 15 	 7.51294528E-11 	 6.77207736E-11 
4.309300 	 15 	 6.02963362E-11 	 5.43503829E-11 
4.310000 	 15 	 8.05381430E-11 	 7.25961011E-11 
4.311200 	 15 	 6.14858879E-11 	 5.54226304E-11 
4.313100 	 15 	 6.64495016E-11 	 5.98967713E-11 
4.315100 	 15 	 5.95897659E-11 	 5.37134891E-11 
4.317200 	 15 	 5.85896188E-11 	 5.28119687E-11 
4.319200 	 15 	 4.47473167E-11 	 4.03346862E-11 
4.321200 	 15 	 5.69597577E-11 	 5.13428318E-11 
4.323000 	 15 	 4.20451372E-11 	 3.78989746E-11 
4.325200 	 15 	 3.76942591E-11 	 3.39771460E-11 
4.327100 	 15 	 2.13699906E-11 	 1.92626492E-11 
4.329100 	 15 	 2.07864959E-11 	 1.87366942E-11 
4.330100 	 15 	 3.33157410E-11 	 3.00304031E-11 
4.331200 	 15 	 1.80310795E-11 	 1.62529954E-11 
4.333200 	 15 	 6.51221154E-12 	 5.87002816E-12 
4.335200 	 15 	 1.41768578E-11 	 1.27788470E-11 
4.340000 	 15 	 7.61066307E-12 	 6.86015899E-12 
4.344900 	 15 	 1.32321460E-12 	 1.19272952E-12 
4.350000 	 15 	 3.68813859E-12 	 3.32444320E-12 
4.370100 	 15 	 3.89144294E-12 	 3.50769926E-12 
4.390100 	 15 	 8.55650293E-12 	 7.71272752E-12 
4.410000 	 15 	 1.02760132E-11 	 9.26267316E-12 
4.420200 	 15 	 1.21777343E-11 	 1.09768614E-11 
4.430200 	 15 	 1.88635194E-11 	 1.70033466E-11 
4.440000 	 15 	 2.15657272E-11 	 1.94390838E-11 
4.449900 	 15 	 4.60158536E-11 	 4.14781299E-11 
4.455000 	 15 	 9.87041976E-11 	 8.89707614E-11 
4.460100 	 15 	 1.45828723E-10 	 1.31448235E-10 
4.470000 	 15 	 1.59700573E-10 	 1.43952151E-10 
4.478000 	 15 	 1.35097874E-10 	 1.21775578E-10 
4.486100 	 15 	 5.84795017E-11 	 5.27127105E-11 
4.488200 	 15 	 5.28601719E-11 	 4.76475150E-11 
4.490100 	 15 	 6.85874829E-11 	 6.18239216E-11 
4.492200 	 15 	 1.84997823E-11 	 1.66754784E-11 
4.495000 	 15 	 1.90548364E-11 	 1.71757974E-11 
4.500000 	 15 	 1.32159660E-11 	 1.19127107E-11 
4.510200 	 15 	 9.90591940E-12 	 8.92907508E-12 
4.512200 	 15 	 9.17582026E-12 	 8.27097261E-12 
4.515100 	 15 	 4.28968145E-11 	 3.86666660E-11 
4.520100 	 15 	 5.90570260E-11 	 5.32332839E-11 
4.525200 	 15 	 1.35413089E-10 	 1.22059709E-10 
4.529400 	 15 	 1.10272994E-10 	 9.93987339E-11 
4.535100 	 15 	 1.84314960E-10 	 1.66139260E-10 
4.540200 	 15 	 2.30965897E-10 	 2.08189846E-10 
4.549800 	 15 	 3.24055497E-10 	 2.92099678E-10 
4.560200 	 15 	 4.53623932E-10 	 4.08891087E-10 
4.570100 	 15 	 4.16454638E-10 	 3.75387138E-10 
4.580000 	 15 	 1.80913681E-10 	 1.63073388E-10 
4.590100 	 15 	 1.01678846E-10 	 9.16520729E-11 
4.600300 	 15 	 9.43597015E-11 	 8.50546855E-11 
4.610000 	 15 	 2.49102984E-10 	 2.24538395E-10 
4.620200 	 15 	 2.42723614E-10 	 2.18788109E-10 
4.629900 	 15 	 2.06765073E-10 	 1.86375518E-10 
4.635200 	 15 	 1.05361662E-10 	 9.49717185E-11 
4.640000 	 15 	 7.59719964E-11 	 6.84802321E-11 
4.650000 	 15 	 5.83826495E-11 	 5.26254091E-11 
4.670100 	 15 	 4.63369099E-11 	 4.17675261E-11 
4.680200 	 15 	 1.29718397E-11 	 1.16926583E-11 
4.689900 	 15 	 1.31435034E-11 	 1.18473938E-11 
4.710000 	 15 	 9.79347953E-12 	 8.82772315E-12 
4.730000 	 15 	 9.78706717E-12 	 8.82194313E-12 
4.750000 	 15 	 2.16185079E-11 	 1.94866597E-11 
4.755200 	 15 	 3.46663804E-11 	 3.12478530E-11 
4.758900 	 15 	 3.91292950E-11 	 3.52706698E-11 
4.770000 	 15 	 4.58316896E-11 	 4.13121267E-11 
4.775000 	 15 	 5.29293615E-11 	 4.77098817E-11 
4.780200 	 15 	 9.40252601E-11 	 8.47532241E-11 
4.790100 	 15 	 1.13669420E-10 	 1.02460231E-10 
4.799900 	 15 	 1.00810860E-10 	 9.08696811E-11 
4.810000 	 15 	 6.65097643E-11 	 5.99510914E-11 
4.812200 	 15 	 3.27241204E-11 	 2.94971235E-11 
4.815300 	 15 	 1.56713250E-11 	 1.41259415E-11 
4.820100 	 15 	 9.88832977E-12 	 8.91322000E-12 
4.829900 	 15 	 1.50509355E-11 	 1.35667299E-11 
4.850000 	 15 	 1.57841454E-11 	 1.42276363E-11 
4.866300 	 15 	 1.71889381E-11 	 1.54938994E-11 
4.889900 	 15 	 2.12638310E-11 	 1.91669583E-11 
4.899900 	 15 	 3.54191622E-11 	 3.19264014E-11 
4.910100 	 15 	 5.37317052E-11 	 4.84331046E-11 
4.920000 	 15 	 6.41132401E-11 	 5.77908936E-11 
4.926200 	 15 	 7.51886961E-11 	 6.77741748E-11 
4.930200 	 15 	 7.73100776E-11 	 6.96863623E-11 
4.936900 	 15 	 9.14641916E-11 	 8.24447082E-11 
4.946700 	 15 	 1.08839712E-10 	 9.81067906E-11 
4.950300 	 15 	 1.04727296E-10 	 9.43999092E-11 
4.956800 	 15 	 1.11454889E-10 	 1.00464080E-10 
4.961900 	 15 	 1.13982835E-10 	 1.02742739E-10 
4.964700 	 15 	 1.15894777E-10 	 1.04466141E-10 
4.967900 	 15 	 1.14602728E-10 	 1.03301503E-10 
4.970000 	 15 	 1.17916321E-10 	 1.06288336E-10 
4.972800 	 15 	 1.06688419E-10 	 9.61676414E-11 
4.974600 	 15 	 1.12073222E-10 	 1.01021438E-10 
4.984700 	 15 	 9.48852171E-11 	 8.55283788E-11 
4.990100 	 15 	 8.91314128E-11 	 8.03419698E-11 
4.994700 	 15 	 7.73354577E-11 	 6.97092395E-11 
5.004600 	 15 	 6.22840898E-11 	 5.61421198E-11 
5.010000 	 15 	 6.31928057E-11 	 5.69612253E-11 
5.014800 	 15 	 6.19951194E-11 	 5.58816455E-11 
5.017700 	 15 	 5.77708941E-11 	 5.20739802E-11 
5.017900 	 15 	 6.04547669E-11 	 5.44931905E-11 
5.019800 	 15 	 6.68018001E-11 	 6.02143289E-11 
5.024800 	 15 	 8.61995607E-11 	 7.76992340E-11 
5.027800 	 15 	 9.72984476E-11 	 8.77036354E-11 
5.030100 	 15 	 9.32444403E-11 	 8.40494026E-11 
5.032800 	 15 	 9.99299486E-11 	 9.00756384E-11 
5.035900 	 15 	 1.16234532E-10 	 1.04772391E-10 
5.038700 	 15 	 1.09308812E-10 	 9.85296320E-11 
5.042000 	 15 	 1.30916036E-10 	 1.18006120E-10 
5.044800 	 15 	 1.08879284E-10 	 9.81424606E-11 
5.050000 	 15 	 1.01679222E-10 	 9.16524122E-11 
5.054800 	 15 	 7.93282732E-11 	 7.15055391E-11 
5.064900 	 15 	 7.09151914E-11 	 6.39220897E-11 
5.069900 	 15 	 5.48774149E-11 	 4.94658333E-11 
5.074500 	 15 	 4.04617493E-11 	 3.64717279E-11 
5.084200 	 15 	 3.42042589E-11 	 3.08313023E-11 
5.090000 	 15 	 3.36312300E-11 	 3.03147811E-11 
5.093700 	 15 	 7.11643023E-11 	 6.41466353E-11 
5.096800 	 15 	 1.23300575E-10 	 1.11141636E-10 
5.098900 	 15 	 1.37414193E-10 	 1.23863480E-10 
5.100000 	 15 	 1.29130797E-10 	 1.16396927E-10 
5.100400 	 15 	 1.33647314E-10 	 1.20468061E-10 
5.100700 	 15 	 1.38835696E-10 	 1.25144805E-10 
5.102900 	 15 	 1.82632401E-10 	 1.64622622E-10 
5.104900 	 15 	 1.75486825E-10 	 1.58181686E-10 
5.106900 	 15 	 1.71617739E-10 	 1.54694139E-10 
5.108800 	 15 	 1.92923091E-10 	 1.73898524E-10 
5.110000 	 15 	 1.87344686E-10 	 1.68870218E-10 
5.110800 	 15 	 1.81845187E-10 	 1.63913036E-10 
5.113800 	 15 	 1.79642988E-10 	 1.61928001E-10 
5.118800 	 15 	 1.42575466E-10 	 1.28515789E-10 
5.123800 	 15 	 1.22487935E-10 	 1.10409132E-10 
5.128500 	 15 	 8.14805017E-11 	 7.34455317E-11 
5.129900 	 15 	 7.16953592E-11 	 6.46253235E-11 
5.133800 	 15 	 7.70775421E-11 	 6.94767576E-11 
5.138900 	 15 	 7.64625437E-11 	 6.89224055E-11 
5.141700 	 15 	 7.58036144E-11 	 6.83284547E-11 
5.144700 	 15 	 7.04997112E-11 	 6.35475809E-11 
5.148000 	 15 	 8.56385996E-11 	 7.71935905E-11 
5.150000 	 15 	 6.75809121E-11 	 6.09166109E-11 
5.151000 	 15 	 6.86940630E-11 	 6.19199916E-11 
5.157000 	 15 	 6.19556523E-11 	 5.58460703E-11 
5.159400 	 15 	 6.14184829E-11 	 5.53618723E-11 
5.170000 	 15 	 4.84626762E-11 	 4.36836660E-11 
5.189800 	 15 	 2.30434281E-11 	 2.07710654E-11 
5.210000 	 15 	 2.95101007E-11 	 2.66000453E-11 
5.230000 	 15 	 2.45370181E-11 	 2.21173692E-11 
5.239500 	 15 	 4.77792794E-11 	 4.30676604E-11 
5.243100 	 15 	 7.04252386E-11 	 6.34804522E-11 
5.250100 	 15 	 8.33254207E-11 	 7.51085192E-11 
5.259900 	 15 	 1.01665562E-10 	 9.16400993E-11 
5.265000 	 15 	 1.33390453E-10 	 1.20236529E-10 
5.270000 	 15 	 1.41322692E-10 	 1.27386553E-10 
5.275000 	 15 	 1.83456521E-10 	 1.65365473E-10 
5.275000 	 15 	 1.83645864E-10 	 1.65536145E-10 
5.279800 	 15 	 2.75241006E-10 	 2.48098890E-10 
5.285000 	 15 	 2.78030141E-10 	 2.50612983E-10 
5.290200 	 15 	 3.45153618E-10 	 3.11117267E-10 
5.292900 	 15 	 4.21113083E-10 	 3.79586204E-10 
5.297700 	 15 	 4.17473834E-10 	 3.76305829E-10 
5.299700 	 15 	 4.28523460E-10 	 3.86265827E-10 
5.302400 	 15 	 3.69069381E-10 	 3.32674644E-10 
5.308200 	 15 	 3.36178645E-10 	 3.03027335E-10 
5.312900 	 15 	 3.19550804E-10 	 2.88039202E-10 
5.317500 	 15 	 2.70297035E-10 	 2.43642455E-10 
5.322800 	 15 	 2.31134382E-10 	 2.08341717E-10 
5.327700 	 15 	 1.92364116E-10 	 1.73394671E-10 
5.332900 	 15 	 1.56653718E-10 	 1.41205753E-10 
5.332900 	 15 	 1.59751799E-10 	 1.43998326E-10 
5.337500 	 15 	 1.27637891E-10 	 1.15051240E-10 
5.342700 	 15 	 9.06153331E-11 	 8.16795574E-11 
5.342900 	 15 	 8.45912530E-11 	 7.62495250E-11 
5.346900 	 15 	 6.13808703E-11 	 5.53279688E-11 
5.348300 	 15 	 6.97227629E-11 	 6.28472491E-11 
5.348600 	 15 	 6.88411620E-11 	 6.20525849E-11 
5.352100 	 15 	 9.91759681E-11 	 8.93960096E-11 
5.353600 	 15 	 8.15167892E-11 	 7.34782408E-11 
5.357900 	 15 	 1.26677225E-10 	 1.14185307E-10 
5.359800 	 15 	 1.04584450E-10 	 9.42711495E-11 
5.361900 	 15 	 9.46526965E-11 	 8.53187877E-11 
5.363900 	 15 	 9.72227901E-11 	 8.76354387E-11 
5.366000 	 15 	 1.06521514E-10 	 9.60171954E-11 
5.368000 	 15 	 8.89214943E-11 	 8.01527518E-11 
5.369700 	 15 	 8.87753762E-11 	 8.00210427E-11 
5.374800 	 15 	 5.83640187E-11 	 5.26086156E-11 
5.380100 	 15 	 2.71347648E-11 	 2.44589464E-11 
5.382900 	 15 	 1.12872362E-11 	 1.01741772E-11 
5.383300 	 15 	 2.05375032E-11 	 1.85122552E-11 
5.383900 	 15 	 1.96666607E-11 	 1.77272884E-11 
5.386000 	 15 	 1.24534872E-11 	 1.12254217E-11 
5.389900 	 15 	 1.60375794E-11 	 1.44560787E-11 
5.393100 	 15 	 9.53254198E-12 	 8.59251722E-12 
5.403400 	 15 	 9.75819658E-12 	 8.79591953E-12 
5.414100 	 15 	 1.99545968E-11 	 1.79868305E-11 
5.424400 	 15 	 1.58462599E-11 	 1.42836256E-11 
5.435400 	 15 	 2.04114446E-11 	 1.83986275E-11 
5.439300 	 15 	 1.30025519E-11 	 1.17203419E-11 
3.996000 	 30 	 3.74987069E-12 	 3.38008776E-12 
4.001000 	 30 	 4.01557941E-12 	 3.61959437E-12 
4.002900 	 30 	 2.67437432E-12 	 2.41064844E-12 
4.007000 	 30 	 5.05202465E-12 	 4.55383348E-12 
4.009100 	 30 	 3.47495471E-12 	 3.13228184E-12 
4.010000 	 30 	 3.86958462E-12 	 3.48799644E-12 
4.015100 	 30 	 8.15874018E-12 	 7.35418901E-12 
4.019100 	 30 	 5.37058548E-12 	 4.84098033E-12 
4.019900 	 30 	 3.42428787E-12 	 3.08661137E-12 
4.025000 	 30 	 4.54209687E-12 	 4.09419079E-12 
4.030000 	 30 	 2.66228890E-12 	 2.39975479E-12 
4.035100 	 30 	 3.21201596E-12 	 2.89527206E-12 
4.270000 	 30 	 5.27648507E-12 	 4.75615937E-12 
4.290100 	 30 	 3.08330300E-12 	 2.77925177E-12 
4.291100 	 30 	 7.65106396E-12 	 6.89657586E-12 
4.293200 	 30 	 7.97343227E-12 	 7.18715472E-12 
4.294200 	 30 	 1.11916863E-11 	 1.00880497E-11 
4.295100 	 30 	 1.23873581E-11 	 1.11658137E-11 
4.296200 	 30 	 2.17091582E-12 	 1.95683708E-12 
4.297200 	 30 	 1.41818400E-11 	 1.27833378E-11 
4.298100 	 30 	 2.98107641E-11 	 2.68710596E-11 
4.299100 	 30 	 4.24358280E-11 	 3.82511385E-11 
4.301100 	 30 	 8.30279730E-11 	 7.48404035E-11 
4.303100 	 30 	 8.04441709E-11 	 7.25113958E-11 
4.305200 	 30 	 7.06144413E-11 	 6.36509972E-11 
4.307200 	 30 	 6.91588808E-11 	 6.23389727E-11 
4.309300 	 30 	 5.95633852E-11 	 5.36897098E-11 
4.310000 	 30 	 6.50715817E-11 	 5.86547311E-11 
4.311200 	 30 	 7.47223557E-11 	 6.73538212E-11 
4.313100 	 30 	 5.42504928E-11 	 4.89007334E-11 
4.315100 	 30 	 6.47855547E-11 	 5.83969098E-11 
4.317200 	 30 	 6.36274504E-11 	 5.73530087E-11 
4.319200 	 30 	 3.49480832E-11 	 3.15017765E-11 
4.321200 	 30 	 6.26766326E-11 	 5.64959532E-11 
4.323000 	 30 	 5.70087671E-11 	 5.13870083E-11 
4.325200 	 30 	 4.64474479E-11 	 4.18671638E-11 
4.327100 	 30 	 4.43464573E-11 	 3.99733565E-11 
4.329100 	 30 	 2.37109412E-11 	 2.13727535E-11 
4.330100 	 30 	 4.32083652E-11 	 3.89474940E-11 
4.331200 	 30 	 1.87423493E-11 	 1.68941254E-11 
4.333200 	 30 	 1.12556295E-11 	 1.01456873E-11 
4.335200 	 30 	 8.55180177E-12 	 7.70848995E-12 
4.340000 	 30 	 1.48077259E-11 	 1.33475038E-11 
4.344900 	 30 	 4.58416724E-12 	 4.13211251E-12 
4.350000 	 30 	 9.73554172E-12 	 8.77549872E-12 
4.370100 	 30 	 7.23119129E-12 	 6.51810774E-12 
4.390100 	 30 	 7.31463145E-12 	 6.59331969E-12 
4.410000 	 30 	 1.32313237E-11 	 1.19265540E-11 
4.420200 	 30 	 1.65595905E-11 	 1.49266131E-11 
4.430200 	 30 	 2.09290119E-11 	 1.88651564E-11 
4.440000 	 30 	 2.66423449E-11 	 2.40150852E-11 
4.449900 	 30 	 5.18949500E-11 	 4.67774758E-11 
4.455000 	 30 	 9.98929651E-11 	 9.00423019E-11 
4.460100 	 30 	 1.56245416E-10 	 1.40837715E-10 
4.470000 	 30 	 1.79326528E-10 	 1.61642748E-10 
4.478000 	 30 	 1.09660020E-10 	 9.88462059E-11 
4.486100 	 30 	 6.92164099E-11 	 6.23908287E-11 
4.488200 	 30 	 5.38639292E-11 	 4.85522897E-11 
4.490100 	 30 	 6.62036757E-11 	 5.96751868E-11 
4.492200 	 30 	 2.74548209E-11 	 2.47474412E-11 
4.495000 	 30 	 2.14379061E-11 	 1.93238674E-11 
4.500000 	 30 	 1.46588533E-11 	 1.32133118E-11 
4.510200 	 30 	 1.11186363E-11 	 1.00222033E-11 
4.512200 	 30 	 1.27035686E-11 	 1.14508420E-11 
4.515100 	 30 	 4.88500432E-11 	 4.40328339E-11 
4.520100 	 30 	 6.41518721E-11 	 5.78257160E-11 
4.525200 	 30 	 9.83006410E-11 	 8.86070004E-11 
4.529400 	 30 	 1.13285063E-10 	 1.02113776E-10 
4.535100 	 30 	 1.69727658E-10 	 1.52990444E-10 
4.540200 	 30 	 1.86022651E-10 	 1.67678551E-10 
4.549800 	 30 	 3.13218161E-10 	 2.82331035E-10 
4.560200 	 30 	 4.42696484E-10 	 3.99041218E-10 
4.570100 	 30 	 4.30984219E-10 	 3.88483925E-10 
4.580000 	 30 	 1.63965130E-10 	 1.47796171E-10 
4.590100 	 30 	 1.23912403E-10 	 1.11693131E-10 
4.600300 	 30 	 8.31373215E-11 	 7.49389689E-11 
4.610000 	 30 	 2.22114256E-10 	 2.00211085E-10 
4.620200 	 30 	 2.26701668E-10 	 2.04346122E-10 
4.629900 	 30 	 1.93530613E-10 	 1.74446137E-10 
4.635200 	 30 	 1.00916576E-10 	 9.09649723E-11 
4.640000 	 30 	 5.41053430E-11 	 4.87698971E-11 
4.650000 	 30 	 6.16636752E-11 	 5.55828857E-11 
4.670100 	 30 	 4.35669945E-11 	 3.92707581E-11 
4.680200 	 30 	 1.92983052E-11 	 1.73952572E-11 
4.689900 	 30 	 1.83883057E-11 	 1.65749948E-11 
4.710000 	 30 	 1.58477281E-11 	 1.42849491E-11 
4.730000 	 30 	 9.62455786E-12 	 8.67545922E-12 
4.750000 	 30 	 2.17595109E-11 	 1.96137581E-11 
4.755200 	 30 	 3.78892346E-11 	 3.41528946E-11 
4.758900 	 30 	 4.61358432E-11 	 4.15862871E-11 
4.770000 	 30 	 4.66310281E-11 	 4.20326407E-11 
4.775000 	 30 	 5.61625386E-11 	 5.06242282E-11 
4.780200 	 30 	 1.16997607E-10 	 1.05460218E-10 
4.790100 	 30 	 1.19970031E-10 	 1.08139525E-10 
4.799900 	 30 	 1.09243721E-10 	 9.84709591E-11 
4.810000 	 30 	 6.26658384E-11 	 5.64862233E-11 
4.812200 	 30 	 2.78219951E-11 	 2.50784075E-11 
4.815300 	 30 	 2.54980041E-11 	 2.29835903E-11 
4.820100 	 30 	 1.77746254E-11 	 1.60218308E-11 
4.829900 	 30 	 2.03238460E-11 	 1.83196672E-11 
4.850000 	 30 	 1.43416148E-11 	 1.29273568E-11 
4.866300 	 30 	 2.05547856E-11 	 1.85278333E-11 
4.889900 	 30 	 2.79434299E-11 	 2.51878673E-11 
4.899900 	 30 	 3.78539231E-11 	 3.41210652E-11 
4.910100 	 30 	 4.84743975E-11 	 4.36942314E-11 
4.920000 	 30 	 6.44554959E-11 	 5.80993989E-11 
4.926200 	 30 	 7.20521798E-11 	 6.49469572E-11 
4.930200 	 30 	 7.90939235E-11 	 7.12942992E-11 
4.936900 	 30 	 8.80685411E-11 	 7.93839102E-11 
4.946700 	 30 	 1.06364069E-10 	 9.58752763E-11 
4.950300 	 30 	 1.17782536E-10 	 1.06167743E-10 
4.956800 	 30 	 1.34973767E-10 	 1.21663709E-10 
4.961900 	 30 	 1.13940999E-10 	 1.02705028E-10 
4.964700 	 30 	 1.32891029E-10 	 1.19786355E-10 
4.967900 	 30 	 1.12048145E-10 	 1.00998833E-10 
4.970000 	 30 	 1.24881164E-10 	 1.12566360E-10 
4.972800 	 30 	 1.27428834E-10 	 1.14862799E-10 
4.974600 	 30 	 1.03744871E-10 	 9.35143628E-11 
4.984700 	 30 	 1.12199673E-10 	 1.01135419E-10 
4.990100 	 30 	 9.32970790E-11 	 8.40968506E-11 
4.994700 	 30 	 7.97450311E-11 	 7.18811996E-11 
5.004600 	 30 	 6.76186744E-11 	 6.09506494E-11 
5.010000 	 30 	 5.62446068E-11 	 5.06982035E-11 
5.014800 	 30 	 5.85237296E-11 	 5.27525770E-11 
5.017700 	 30 	 5.60672211E-11 	 5.05383101E-11 
5.017900 	 30 	 6.15888529E-11 	 5.55154418E-11 
5.019800 	 30 	 6.34252934E-11 	 5.71707869E-11 
5.024800 	 30 	 7.46170983E-11 	 6.72589435E-11 
5.027800 	 30 	 8.78046831E-11 	 7.91460718E-11 
5.030100 	 30 	 1.01905387E-10 	 9.18562741E-11 
5.032800 	 30 	 1.13449984E-10 	 1.02262434E-10 
5.035900 	 30 	 1.17754465E-10 	 1.06142440E-10 
5.038700 	 30 	 1.30999504E-10 	 1.18081357E-10 
5.042000 	 30 	 1.26413253E-10 	 1.13947366E-10 
5.044800 	 30 	 1.11265369E-10 	 1.00293249E-10 
5.050000 	 30 	 1.06896782E-10 	 9.63554569E-11 
5.054800 	 30 	 6.93232644E-11 	 6.24871461E-11 
5.064900 	 30 	 5.63618731E-11 	 5.08039059E-11 
5.069900 	 30 	 4.56878160E-11 	 4.11824408E-11 
5.074500 	 30 	 4.08979459E-11 	 3.68649103E-11 
5.084200 	 30 	 3.32604330E-11 	 2.99805492E-11 
5.090000 	 30 	 3.61437649E-11 	 3.25795494E-11 
5.093700 	 30 	 7.62713455E-11 	 6.87500617E-11 
5.096800 	 30 	 1.17398785E-10 	 1.05821834E-10 
5.098900 	 30 	 1.47240512E-10 	 1.32720804E-10 
5.100000 	 30 	 1.23169497E-10 	 1.11023484E-10 
5.100400 	 30 	 1.32397106E-10 	 1.19341138E-10 
5.100700 	 30 	 1.23008126E-10 	 1.10878027E-10 
5.102900 	 30 	 1.45412521E-10 	 1.31073075E-10 
5.104900 	 30 	 1.61995833E-10 	 1.46021070E-10 
5.106900 	 30 	 1.69313576E-10 	 1.52617195E-10 
5.108800 	 30 	 1.64400369E-10 	 1.48188490E-10 
5.110000 	 30 	 1.89347773E-10 	 1.70675776E-10 
5.110800 	 30 	 1.65727497E-10 	 1.49384747E-10 
5.113800 	 30 	 1.47015752E-10 	 1.32518208E-10 
5.118800 	 30 	 1.44508534E-10 	 1.30258232E-10 
5.123800 	 30 	 1.10358106E-10 	 9.94754525E-11 
5.128500 	 30 	 8.78983051E-11 	 7.92304615E-11 
5.129900 	 30 	 8.60110298E-11 	 7.75292945E-11 
5.133800 	 30 	 6.39567454E-11 	 5.76498313E-11 
5.138900 	 30 	 8.05406288E-11 	 7.25983417E-11 
5.141700 	 30 	 7.52932423E-11 	 6.78684114E-11 
5.144700 	 30 	 7.10548924E-11 	 6.40480145E-11 
5.148000 	 30 	 8.83941522E-11 	 7.96774121E-11 
5.150000 	 30 	 7.49210424E-11 	 6.75329150E-11 
5.151000 	 30 	 7.62517984E-11 	 6.87324423E-11 
5.157000 	 30 	 5.93687504E-11 	 5.35142684E-11 
5.159400 	 30 	 5.92909106E-11 	 5.34441046E-11 
5.170000 	 30 	 3.68509993E-11 	 3.32170419E-11 
5.189800 	 30 	 3.20972277E-11 	 2.89320501E-11 
5.210000 	 30 	 2.66956325E-11 	 2.40631180E-11 
5.230000 	 30 	 3.70443747E-11 	 3.33913481E-11 
5.239500 	 30 	 4.28463910E-11 	 3.86212149E-11 
5.243100 	 30 	 4.89073286E-11 	 4.40844703E-11 
5.250100 	 30 	 7.07076417E-11 	 6.37350069E-11 
5.259900 	 30 	 6.95808227E-11 	 6.27193060E-11 
5.265000 	 30 	 1.24314822E-10 	 1.12055867E-10 
5.270000 	 30 	 1.15841577E-10 	 1.04418187E-10 
5.275000 	 30 	 1.78445747E-10 	 1.60848822E-10 
5.275000 	 30 	 1.73689832E-10 	 1.56561899E-10 
5.279800 	 30 	 2.02576534E-10 	 1.82600020E-10 
5.285000 	 30 	 2.66927827E-10 	 2.40605492E-10 
5.290200 	 30 	 3.11119651E-10 	 2.80439464E-10 
5.292900 	 30 	 3.61790027E-10 	 3.26113123E-10 
5.297700 	 30 	 3.71148511E-10 	 3.34548747E-10 
5.299700 	 30 	 3.27509553E-10 	 2.95213121E-10 
5.302400 	 30 	 3.29365858E-10 	 2.96886372E-10 
5.308200 	 30 	 3.20445149E-10 	 2.88845354E-10 
5.312900 	 30 	 3.07349340E-10 	 2.77040951E-10 
5.317500 	 30 	 2.66295372E-10 	 2.40035405E-10 
5.322800 	 30 	 2.00852371E-10 	 1.81045880E-10 
5.327700 	 30 	 2.01557130E-10 	 1.81681142E-10 
5.332900 	 30 	 1.40649544E-10 	 1.26779786E-10 
5.332900 	 30 	 1.46532787E-10 	 1.32082869E-10 
5.337500 	 30 	 1.18690475E-10 	 1.06986148E-10 
5.342700 	 30 	 8.39171158E-11 	 7.56418660E-11 
5.342900 	 30 	 8.66443632E-11 	 7.81001735E-11 
5.346900 	 30 	 7.43024782E-11 	 6.69753488E-11 
5.348300 	 30 	 6.67897007E-11 	 6.02034226E-11 
5.348600 	 30 	 5.75240294E-11 	 5.18514594E-11 
5.352100 	 30 	 9.30139559E-11 	 8.38416469E-11 
5.353600 	 30 	 7.76102296E-11 	 6.99569156E-11 
5.357900 	 30 	 1.15225874E-10 	 1.03863199E-10 
5.359800 	 30 	 1.03168965E-10 	 9.29952485E-11 
5.361900 	 30 	 9.51572959E-11 	 8.57736274E-11 
5.363900 	 30 	 9.90373908E-11 	 8.92710977E-11 
5.366000 	 30 	 8.28213588E-11 	 7.46541639E-11 
5.368000 	 30 	 7.79044915E-11 	 7.02221597E-11 
5.369700 	 30 	 8.96907260E-11 	 8.08461279E-11 
5.374800 	 30 	 4.79846622E-11 	 4.32527900E-11 
5.380100 	 30 	 2.39333099E-11 	 2.15731940E-11 
5.382900 	 30 	 1.99500719E-11 	 1.79827518E-11 
5.383300 	 30 	 2.43343371E-11 	 2.19346750E-11 
5.383900 	 30 	 1.97750209E-11 	 1.78249630E-11 
5.386000 	 30 	 1.48152774E-11 	 1.33543106E-11 
5.389900 	 30 	 1.57115729E-11 	 1.41622205E-11 
5.393100 	 30 	 1.66824795E-11 	 1.50373838E-11 
5.403400 	 30 	 1.30010589E-11 	 1.17189961E-11 
5.414100 	 30 	 1.77668222E-11 	 1.60147971E-11 
5.424400 	 30 	 1.86777428E-11 	 1.68358899E-11 
5.435400 	 30 	 1.71952574E-11 	 1.54995956E-11 
5.439300 	 30 	 1.59667992E-11 	 1.43922783E-11 
3.996000 	 45 	 3.59246970E-13 	 3.23820843E-13 
4.001000 	 45 	 3.62462715E-13 	 3.26719476E-13 
4.002900 	 45 	 3.63571549E-12 	 3.27718965E-12 
4.007000 	 45 	 5.00670957E-12 	 4.51298701E-12 
4.009100 	 45 	 4.58864251E-12 	 4.13614647E-12 
4.010000 	 45 	 7.13492462E-12 	 6.43133414E-12 
4.015100 	 45 	 3.03652623E-12 	 2.73708775E-12 
4.019100 	 45 	 7.12927462E-12 	 6.42624130E-12 
4.019900 	 45 	 4.01620459E-12 	 3.62015789E-12 
4.025000 	 45 	 4.47911328E-12 	 4.03741815E-12 
4.030000 	 45 	 2.82764559E-12 	 2.54880529E-12 
4.035100 	 45 	 3.31683248E-12 	 2.98975240E-12 
4.270000 	 45 	 3.79870261E-12 	 3.42410426E-12 
4.290100 	 45 	 3.15213955E-12 	 2.84130019E-12 
4.291100 	 45 	 8.26880332E-12 	 7.45339859E-12 
4.293200 	 45 	 1.05373111E-11 	 9.49820384E-12 
4.294200 	 45 	 6.78855926E-12 	 6.11912462E-12 
4.295100 	 45 	 1.26755922E-11 	 1.14256244E-11 
4.296200 	 45 	 3.01828526E-12 	 2.72064557E-12 
4.297200 	 45 	 1.00140450E-11 	 9.02653822E-12 
4.298100 	 45 	 2.03122823E-11 	 1.83092438E-11 
4.299100 	 45 	 4.85842392E-11 	 4.37932414E-11 
4.301100 	 45 	 7.28152365E-11 	 6.56347672E-11 
4.303100 	 45 	 6.74962305E-11 	 6.08402800E-11 
4.305200 	 45 	 6.14604226E-11 	 5.53996762E-11 
4.307200 	 45 	 5.28827162E-11 	 4.76678362E-11 
4.309300 	 45 	 5.65000276E-11 	 5.09284366E-11 
4.310000 	 45 	 6.26101766E-11 	 5.64360505E-11 
4.311200 	 45 	 6.40930536E-11 	 5.77726978E-11 
4.313100 	 45 	 6.17289553E-11 	 5.56417284E-11 
4.315100 	 45 	 3.62560020E-11 	 3.26807185E-11 
4.317200 	 45 	 5.70818624E-11 	 5.14528954E-11 
4.319200 	 45 	 4.69829006E-11 	 4.23498143E-11 
4.321200 	 45 	 4.56923109E-11 	 4.11864925E-11 
4.323000 	 45 	 4.80920024E-11 	 4.33495451E-11 
4.325200 	 45 	 5.20284643E-11 	 4.68978239E-11 
4.327100 	 45 	 3.29759376E-11 	 2.97241085E-11 
4.329100 	 45 	 2.46154495E-11 	 2.21880664E-11 
4.330100 	 45 	 3.71674372E-11 	 3.35022751E-11 
4.331200 	 45 	 1.75942623E-11 	 1.58592537E-11 
4.333200 	 45 	 1.42693539E-11 	 1.28622218E-11 
4.335200 	 45 	 2.87160260E-12 	 2.58842761E-12 
4.340000 	 45 	 5.22754760E-12 	 4.71204773E-12 
4.344900 	 45 	 1.04356922E-11 	 9.40660583E-12 
4.350000 	 45 	 1.24552063E-11 	 1.12269712E-11 
4.370100 	 45 	 4.70303590E-12 	 4.23925927E-12 
4.390100 	 45 	 1.20649525E-11 	 1.08752012E-11 
4.410000 	 45 	 1.07377647E-11 	 9.67889031E-12 
4.420200 	 45 	 2.05717931E-11 	 1.85431637E-11 
4.430200 	 45 	 1.78648293E-11 	 1.61031395E-11 
4.440000 	 45 	 3.18617024E-11 	 2.87197505E-11 
4.449900 	 45 	 4.83230679E-11 	 4.35578248E-11 
4.455000 	 45 	 1.07180791E-10 	 9.66114593E-11 
4.460100 	 45 	 1.65927796E-10 	 1.49565294E-10 
4.470000 	 45 	 1.72218709E-10 	 1.55235846E-10 
4.478000 	 45 	 1.44393153E-10 	 1.30154229E-10 
4.486100 	 45 	 6.79133189E-11 	 6.12162384E-11 
4.488200 	 45 	 4.99751140E-11 	 4.50469590E-11 
4.490100 	 45 	 6.92540036E-11 	 6.24247153E-11 
4.492200 	 45 	 2.38720508E-11 	 2.15179758E-11 
4.495000 	 45 	 2.18143322E-11 	 1.96631733E-11 
4.500000 	 45 	 7.92901894E-12 	 7.14712109E-12 
4.510200 	 45 	 1.39844065E-11 	 1.26053736E-11 
4.512200 	 45 	 2.32693516E-11 	 2.09747101E-11 
4.515100 	 45 	 3.72094594E-11 	 3.35401534E-11 
4.520100 	 45 	 5.21412757E-11 	 4.69995107E-11 
4.525200 	 45 	 1.16833291E-10 	 1.05312106E-10 
4.529400 	 45 	 1.17025630E-10 	 1.05485477E-10 
4.535100 	 45 	 2.04339629E-10 	 1.84189252E-10 
4.540200 	 45 	 2.13491595E-10 	 1.92438723E-10 
4.549800 	 45 	 3.08823416E-10 	 2.78369665E-10 
4.560200 	 45 	 4.72184037E-10 	 4.25620939E-10 
4.570100 	 45 	 4.26577953E-10 	 3.84512171E-10 
4.580000 	 45 	 2.24145974E-10 	 2.02042450E-10 
4.590100 	 45 	 1.13512043E-10 	 1.02318373E-10 
4.600300 	 45 	 9.96953004E-11 	 8.98641294E-11 
4.610000 	 45 	 1.99637434E-10 	 1.79950751E-10 
4.620200 	 45 	 2.24154087E-10 	 2.02049764E-10 
4.629900 	 45 	 1.96478892E-10 	 1.77103680E-10 
4.635200 	 45 	 1.05550765E-10 	 9.51421735E-11 
4.640000 	 45 	 5.12801444E-11 	 4.62232975E-11 
4.650000 	 45 	 5.89305064E-11 	 5.31192406E-11 
4.670100 	 45 	 3.00236977E-11 	 2.70629954E-11 
4.680200 	 45 	 2.13287906E-11 	 1.92255121E-11 
4.689900 	 45 	 2.41785884E-11 	 2.17942850E-11 
4.710000 	 45 	 1.22282393E-11 	 1.10223859E-11 
4.730000 	 45 	 1.22474332E-11 	 1.10396871E-11 
4.750000 	 45 	 1.84045607E-11 	 1.65896468E-11 
4.755200 	 45 	 2.62265263E-11 	 2.36402714E-11 
4.758900 	 45 	 3.39825438E-11 	 3.06314510E-11 
4.770000 	 45 	 5.16222583E-11 	 4.65316748E-11 
4.775000 	 45 	 5.04405594E-11 	 4.54665059E-11 
4.780200 	 45 	 8.56584117E-11 	 7.72114489E-11 
4.790100 	 45 	 1.00024758E-10 	 9.01610982E-11 
4.799900 	 45 	 1.01743536E-10 	 9.17103844E-11 
4.810000 	 45 	 4.34804756E-11 	 3.91927710E-11 
4.812200 	 45 	 3.56834748E-11 	 3.21646496E-11 
4.815300 	 45 	 2.78478692E-11 	 2.51017301E-11 
4.820100 	 45 	 2.12869576E-11 	 1.91878042E-11 
4.829900 	 45 	 1.31156336E-11 	 1.18222723E-11 
4.850000 	 45 	 1.38148843E-11 	 1.24525684E-11 
4.866300 	 45 	 1.83033743E-11 	 1.64984386E-11 
4.889900 	 45 	 2.75322460E-11 	 2.48172312E-11 
4.899900 	 45 	 3.99574188E-11 	 3.60171306E-11 
4.910100 	 45 	 5.09431183E-11 	 4.59195063E-11 
4.920000 	 45 	 6.45712883E-11 	 5.82037727E-11 
4.926200 	 45 	 7.49343087E-11 	 6.75448731E-11 
4.930200 	 45 	 8.42815575E-11 	 7.59703692E-11 
4.936900 	 45 	 8.74943629E-11 	 7.88663529E-11 
4.946700 	 45 	 1.04543348E-10 	 9.42341006E-11 
4.950300 	 45 	 1.08133950E-10 	 9.74706254E-11 
4.956800 	 45 	 1.15382170E-10 	 1.04004083E-10 
4.961900 	 45 	 1.15168858E-10 	 1.03811806E-10 
4.964700 	 45 	 1.17097405E-10 	 1.05550174E-10 
4.967900 	 45 	 1.23723671E-10 	 1.11523010E-10 
4.970000 	 45 	 1.27351449E-10 	 1.14793045E-10 
4.972800 	 45 	 1.18497128E-10 	 1.06811867E-10 
4.974600 	 45 	 1.13863923E-10 	 1.02635553E-10 
4.984700 	 45 	 9.34319883E-11 	 8.42184562E-11 
4.990100 	 45 	 9.28477682E-11 	 8.36918473E-11 
4.994700 	 45 	 7.48961107E-11 	 6.75104419E-11 
5.004600 	 45 	 6.75662582E-11 	 6.09034021E-11 
5.010000 	 45 	 5.62756687E-11 	 5.07262022E-11 
5.014800 	 45 	 6.45536939E-11 	 5.81879134E-11 
5.017700 	 45 	 5.54323111E-11 	 4.99660100E-11 
5.017900 	 45 	 6.11171950E-11 	 5.50902951E-11 
5.019800 	 45 	 6.72036646E-11 	 6.05765646E-11 
5.024800 	 45 	 8.00628139E-11 	 7.21676452E-11 
5.027800 	 45 	 8.40467226E-11 	 7.57586920E-11 
5.030100 	 45 	 1.03216869E-10 	 9.30384286E-11 
5.032800 	 45 	 9.08424731E-11 	 8.18842987E-11 
5.035900 	 45 	 9.94206329E-11 	 8.96165475E-11 
5.038700 	 45 	 1.15261863E-10 	 1.03895639E-10 
5.042000 	 45 	 1.18084867E-10 	 1.06440261E-10 
5.044800 	 45 	 1.11532675E-10 	 1.00534195E-10 
5.050000 	 45 	 8.37788655E-11 	 7.55172489E-11 
5.054800 	 45 	 7.40808561E-11 	 6.67755813E-11 
5.064900 	 45 	 5.59333426E-11 	 5.04176337E-11 
5.069900 	 45 	 4.13407500E-11 	 3.72640485E-11 
5.074500 	 45 	 4.01749430E-11 	 3.62132043E-11 
5.084200 	 45 	 2.72148343E-11 	 2.45311201E-11 
5.090000 	 45 	 3.77533401E-11 	 3.40304009E-11 
5.093700 	 45 	 6.88853085E-11 	 6.20923780E-11 
5.096800 	 45 	 1.16649766E-10 	 1.05146678E-10 
5.098900 	 45 	 1.22654749E-10 	 1.10559497E-10 
5.100000 	 45 	 1.13033653E-10 	 1.01887158E-10 
5.100400 	 45 	 1.25837587E-10 	 1.13428468E-10 
5.100700 	 45 	 1.20200366E-10 	 1.08347146E-10 
5.102900 	 45 	 1.32360616E-10 	 1.19308247E-10 
5.104900 	 45 	 1.47361903E-10 	 1.32830224E-10 
5.106900 	 45 	 1.58277794E-10 	 1.42669676E-10 
5.108800 	 45 	 1.62988739E-10 	 1.46916064E-10 
5.110000 	 45 	 1.48397417E-10 	 1.33763624E-10 
5.110800 	 45 	 1.34484409E-10 	 1.21222608E-10 
5.113800 	 45 	 1.34499576E-10 	 1.21236279E-10 
5.118800 	 45 	 1.30556111E-10 	 1.17681688E-10 
5.123800 	 45 	 1.01420207E-10 	 9.14189387E-11 
5.128500 	 45 	 6.12841261E-11 	 5.52407648E-11 
5.129900 	 45 	 8.42295957E-11 	 7.59235315E-11 
5.133800 	 45 	 5.96897072E-11 	 5.38035750E-11 
5.138900 	 45 	 8.72175037E-11 	 7.86167954E-11 
5.141700 	 45 	 7.53392426E-11 	 6.79098756E-11 
5.144700 	 45 	 6.42419673E-11 	 5.79069268E-11 
5.148000 	 45 	 6.40436167E-11 	 5.77281359E-11 
5.150000 	 45 	 7.45398749E-11 	 6.71893353E-11 
5.151000 	 45 	 7.78728972E-11 	 7.01936809E-11 
5.157000 	 45 	 6.48229983E-11 	 5.84306610E-11 
5.159400 	 45 	 5.05044900E-11 	 4.55241321E-11 
5.170000 	 45 	 2.70021090E-11 	 2.43393722E-11 
5.189800 	 45 	 3.04488562E-11 	 2.74462281E-11 
5.210000 	 45 	 2.32110661E-11 	 2.09221722E-11 
5.230000 	 45 	 2.97225108E-11 	 2.67915092E-11 
5.239500 	 45 	 4.51818104E-11 	 4.07263335E-11 
5.243100 	 45 	 3.40398029E-11 	 3.06830636E-11 
5.250100 	 45 	 4.21994902E-11 	 3.80381064E-11 
5.259900 	 45 	 8.13521329E-11 	 7.33298217E-11 
5.265000 	 45 	 1.20000323E-10 	 1.08166829E-10 
5.270000 	 45 	 1.25614385E-10 	 1.13227276E-10 
5.275000 	 45 	 1.51284894E-10 	 1.36366360E-10 
5.275000 	 45 	 1.47533866E-10 	 1.32985229E-10 
5.279800 	 45 	 2.51400471E-10 	 2.26609322E-10 
5.285000 	 45 	 2.09384744E-10 	 1.88736858E-10 
5.290200 	 45 	 3.22375565E-10 	 2.90585407E-10 
5.292900 	 45 	 4.12170096E-10 	 3.71525103E-10 
5.297700 	 45 	 3.49248358E-10 	 3.14808216E-10 
5.299700 	 45 	 3.63296142E-10 	 3.27470717E-10 
5.302400 	 45 	 3.10474261E-10 	 2.79857717E-10 
5.308200 	 45 	 2.94369000E-10 	 2.65340631E-10 
5.312900 	 45 	 2.90452983E-10 	 2.61810781E-10 
5.317500 	 45 	 2.33797320E-10 	 2.10742057E-10 
5.322800 	 45 	 2.04936178E-10 	 1.84726974E-10 
5.327700 	 45 	 1.81417110E-10 	 1.63527173E-10 
5.332900 	 45 	 1.48499105E-10 	 1.33855285E-10 
5.332900 	 45 	 1.58782982E-10 	 1.43125046E-10 
5.337500 	 45 	 9.82160200E-11 	 8.85307241E-11 
5.342700 	 45 	 7.09742083E-11 	 6.39752868E-11 
5.342900 	 45 	 8.01761866E-11 	 7.22698380E-11 
5.346900 	 45 	 6.58650441E-11 	 5.93699484E-11 
5.348300 	 45 	 6.79218194E-11 	 6.12239006E-11 
5.348600 	 45 	 6.25905443E-11 	 5.64183542E-11 
5.352100 	 45 	 1.03984470E-10 	 9.37303348E-11 
5.353600 	 45 	 7.17914838E-11 	 6.47119690E-11 
5.357900 	 45 	 1.06676614E-10 	 9.61570008E-11 
5.359800 	 45 	 9.31965754E-11 	 8.40062578E-11 
5.361900 	 45 	 8.65898619E-11 	 7.80510468E-11 
5.363900 	 45 	 8.21273797E-11 	 7.40286196E-11 
5.366000 	 45 	 9.60758631E-11 	 8.66016126E-11 
5.368000 	 45 	 8.06700850E-11 	 7.27150320E-11 
5.369700 	 45 	 7.91184277E-11 	 7.13163870E-11 
5.374800 	 45 	 4.79700660E-11 	 4.32396332E-11 
5.380100 	 45 	 2.24463111E-11 	 2.02328314E-11 
5.382900 	 45 	 2.07306474E-11 	 1.86863530E-11 
5.383300 	 45 	 1.99306663E-11 	 1.79652598E-11 
5.383900 	 45 	 2.08072363E-11 	 1.87553894E-11 
5.386000 	 45 	 1.55847456E-11 	 1.40478999E-11 
5.389900 	 45 	 1.70492793E-11 	 1.53680126E-11 
5.393100 	 45 	 1.65714830E-11 	 1.49373329E-11 
5.403400 	 45 	 1.22334423E-11 	 1.10270758E-11 
5.414100 	 45 	 1.45133109E-11 	 1.30821216E-11 
5.424400 	 45 	 1.62385008E-11 	 1.46371868E-11 
5.435400 	 45 	 1.83384006E-11 	 1.65300109E-11 
5.439300 	 45 	 1.85544405E-11 	 1.67247467E-11 
3.996000 	 90 	 5.71885339E-13 	 5.15490478E-13 
4.001000 	 90 	 2.99215568E-12 	 2.69709268E-12 
4.002900 	 90 	 2.03972508E-12 	 1.83858334E-12 
4.007000 	 90 	 2.71920452E-12 	 2.45105783E-12 
4.009100 	 90 	 4.82604653E-12 	 4.35013956E-12 
4.010000 	 90 	 3.62227496E-12 	 3.26507452E-12 
4.015100 	 90 	 6.12914495E-12 	 5.52473660E-12 
4.019100 	 90 	 5.84227697E-12 	 5.26615729E-12 
4.019900 	 90 	 1.51575644E-13 	 1.36628439E-13 
4.025000 	 90 	 2.80393389E-12 	 2.52743185E-12 
4.030000 	 90 	 5.00626086E-12 	 4.51258256E-12 
4.035100 	 90 	 2.44750493E-12 	 2.20615113E-12 
4.270000 	 90 	 2.02516966E-12 	 1.82546327E-12 
4.290100 	 90 	 9.01258748E-13 	 8.12383657E-13 
4.291100 	 90 	 6.39022179E-12 	 5.76006808E-12 
4.293200 	 90 	 3.85619920E-12 	 3.47593098E-12 
4.294200 	 90 	 8.75544026E-12 	 7.89204720E-12 
4.295100 	 90 	 5.49859030E-12 	 4.95636231E-12 
4.296200 	 90 	 4.59568348E-12 	 4.14249311E-12 
4.297200 	 90 	 9.91168982E-12 	 8.93427647E-12 
4.298100 	 90 	 1.39086048E-11 	 1.25370469E-11 
4.299100 	 90 	 2.12787885E-11 	 1.91804407E-11 
4.301100 	 90 	 2.17525437E-11 	 1.96074779E-11 
4.303100 	 90 	 3.50444697E-11 	 3.15886581E-11 
4.305200 	 90 	 5.68138649E-11 	 5.12113258E-11 
4.307200 	 90 	 4.04561350E-11 	 3.64666673E-11 
4.309300 	 90 	 5.05185207E-11 	 4.55367792E-11 
4.310000 	 90 	 3.96831756E-11 	 3.57699311E-11 
4.311200 	 90 	 3.47586032E-11 	 3.13309815E-11 
4.313100 	 90 	 3.16102985E-11 	 2.84931380E-11 
4.315100 	 90 	 3.02982799E-11 	 2.73105004E-11 
4.317200 	 90 	 4.33218052E-11 	 3.90497475E-11 
4.319200 	 90 	 4.30067280E-11 	 3.87657407E-11 
4.321200 	 90 	 2.54922667E-11 	 2.29784187E-11 
4.323000 	 90 	 2.82346110E-11 	 2.54503344E-11 
4.325200 	 90 	 1.97422988E-11 	 1.77954677E-11 
4.327100 	 90 	 1.90618240E-11 	 1.71820960E-11 
4.329100 	 90 	 9.76858858E-12 	 8.80528675E-12 
4.330100 	 90 	 1.76435150E-11 	 1.59036495E-11 
4.331200 	 90 	 7.98820660E-12 	 7.20047213E-12 
4.333200 	 90 	 9.77703201E-12 	 8.81289756E-12 
4.335200 	 90 	 4.56646894E-12 	 4.11615947E-12 
4.340000 	 90 	 5.86189902E-13 	 5.28384437E-13 
4.344900 	 90 	 5.16418575E-12 	 4.65493413E-12 
4.350000 	 90 	 8.06807715E-12 	 7.27246647E-12 
4.370100 	 90 	 5.86344242E-12 	 5.28523557E-12 
4.390100 	 90 	 7.58003227E-12 	 6.83254876E-12 
4.410000 	 90 	 3.75399210E-12 	 3.38380275E-12 
4.420200 	 90 	 1.62469793E-11 	 1.46448292E-11 
4.430200 	 90 	 2.12850220E-11 	 1.91860595E-11 
4.440000 	 90 	 2.09325693E-11 	 1.88683630E-11 
4.449900 	 90 	 5.32561389E-11 	 4.80044349E-11 
4.455000 	 90 	 1.34869224E-10 	 1.21569475E-10 
4.460100 	 90 	 1.86074150E-10 	 1.67724972E-10 
4.470000 	 90 	 2.36417779E-10 	 2.13104106E-10 
4.478000 	 90 	 1.40226700E-10 	 1.26398639E-10 
4.486100 	 90 	 6.75052527E-11 	 6.08484125E-11 
4.488200 	 90 	 4.63188732E-11 	 4.17512681E-11 
4.490100 	 90 	 9.08068016E-11 	 8.18521449E-11 
4.492200 	 90 	 2.18141809E-11 	 1.96630369E-11 
4.495000 	 90 	 2.09983296E-11 	 1.89276385E-11 
4.500000 	 90 	 1.61832002E-11 	 1.45873395E-11 
4.510200 	 90 	 2.39592593E-12 	 2.15965845E-12 
4.512200 	 90 	 1.06648262E-11 	 9.61314440E-12 
4.515100 	 90 	 2.14708282E-11 	 1.93535430E-11 
4.520100 	 90 	 3.84115226E-11 	 3.46236785E-11 
4.525200 	 90 	 7.76299497E-11 	 6.99746910E-11 
4.529400 	 90 	 1.12141920E-10 	 1.01083360E-10 
4.535100 	 90 	 1.23207510E-10 	 1.11057748E-10 
4.540200 	 90 	 2.04055822E-10 	 1.83933433E-10 
4.549800 	 90 	 3.41159966E-10 	 3.07517438E-10 
4.560200 	 90 	 5.38034095E-10 	 4.84977379E-10 
4.570100 	 90 	 5.27847345E-10 	 4.75795167E-10 
4.580000 	 90 	 2.30249286E-10 	 2.07543901E-10 
4.590100 	 90 	 9.85439185E-11 	 8.88262878E-11 
4.600300 	 90 	 6.58929862E-11 	 5.93951351E-11 
4.610000 	 90 	 1.79741439E-10 	 1.62016744E-10 
4.620200 	 90 	 1.29684690E-10 	 1.16896200E-10 
4.629900 	 90 	 1.22709122E-10 	 1.10608508E-10 
4.635200 	 90 	 7.70579685E-11 	 6.94591141E-11 
4.640000 	 90 	 4.93011895E-11 	 4.44394917E-11 
4.650000 	 90 	 6.53279796E-11 	 5.88858450E-11 
4.670100 	 90 	 1.98732255E-11 	 1.79134834E-11 
4.680200 	 90 	 1.68832716E-11 	 1.52183753E-11 
4.689900 	 90 	 2.41233862E-12 	 2.17445264E-12 
4.710000 	 90 	 1.83607276E-11 	 1.65501362E-11 
4.730000 	 90 	 4.64122704E-12 	 4.18354552E-12 
4.750000 	 90 	 5.42175528E-12 	 4.88710417E-12 
4.755200 	 90 	 3.96298674E-11 	 3.57218797E-11 
4.758900 	 90 	 3.54835456E-11 	 3.19844358E-11 
4.770000 	 90 	 5.13238565E-11 	 4.62626991E-11 
4.775000 	 90 	 3.92420096E-11 	 3.53722694E-11 
4.780200 	 90 	 7.44873378E-11 	 6.71419790E-11 
4.790100 	 90 	 1.10402153E-10 	 9.95151562E-11 
4.799900 	 90 	 9.26305611E-11 	 8.34960594E-11 
4.810000 	 90 	 4.52230352E-11 	 4.07634931E-11 
4.812200 	 90 	 4.06351285E-11 	 3.66280099E-11 
4.815300 	 90 	 1.82393340E-11 	 1.64407135E-11 
4.820100 	 90 	 1.77942294E-11 	 1.60395016E-11 
4.829900 	 90 	 1.63629184E-11 	 1.47493354E-11 
4.850000 	 90 	 2.18620476E-11 	 1.97061834E-11 
4.866300 	 90 	 2.81082252E-11 	 2.53364118E-11 
4.889900 	 90 	 3.77703443E-11 	 3.40457283E-11 
4.899900 	 90 	 4.16184643E-11 	 3.75143768E-11 
4.910100 	 90 	 5.42542687E-11 	 4.89041369E-11 
4.920000 	 90 	 7.90047179E-11 	 7.12138903E-11 
4.926200 	 90 	 9.13928839E-11 	 8.23804323E-11 
4.930200 	 90 	 9.81819348E-11 	 8.85000001E-11 
4.936900 	 90 	 1.16890427E-10 	 1.05363607E-10 
4.946700 	 90 	 1.15508551E-10 	 1.04118001E-10 
4.950300 	 90 	 1.46823483E-10 	 1.32344899E-10 
4.956800 	 90 	 1.38535222E-10 	 1.24873962E-10 
4.961900 	 90 	 1.40959778E-10 	 1.27059427E-10 
4.964700 	 90 	 1.28212476E-10 	 1.15569165E-10 
4.967900 	 90 	 1.41873680E-10 	 1.27883207E-10 
4.970000 	 90 	 1.49518676E-10 	 1.34774313E-10 
4.972800 	 90 	 1.29177474E-10 	 1.16439002E-10 
4.974600 	 90 	 1.21195945E-10 	 1.09244549E-10 
4.984700 	 90 	 1.07240198E-10 	 9.66650080E-11 
4.990100 	 90 	 1.08402329E-10 	 9.77125390E-11 
4.994700 	 90 	 1.00627567E-10 	 9.07044633E-11 
5.004600 	 90 	 7.38273424E-11 	 6.65470671E-11 
5.010000 	 90 	 7.44865972E-11 	 6.71413113E-11 
5.014800 	 90 	 8.53718726E-11 	 7.69531660E-11 
5.017700 	 90 	 7.22329971E-11 	 6.51099437E-11 
5.017900 	 90 	 7.23043482E-11 	 6.51742587E-11 
5.019800 	 90 	 8.62991080E-11 	 7.77889647E-11 
5.024800 	 90 	 8.22394167E-11 	 7.41296084E-11 
5.027800 	 90 	 1.10418979E-10 	 9.95303227E-11 
5.030100 	 90 	 1.02207202E-10 	 9.21283269E-11 
5.032800 	 90 	 1.11517404E-10 	 1.00520429E-10 
5.035900 	 90 	 1.15063545E-10 	 1.03716878E-10 
5.038700 	 90 	 1.29699187E-10 	 1.16909268E-10 
5.042000 	 90 	 1.24319841E-10 	 1.12060390E-10 
5.044800 	 90 	 1.01254961E-10 	 9.12699882E-11 
5.050000 	 90 	 1.06267168E-10 	 9.57879305E-11 
5.054800 	 90 	 7.99041905E-11 	 7.20246640E-11 
5.064900 	 90 	 6.30866489E-11 	 5.68655368E-11 
5.069900 	 90 	 6.32862137E-11 	 5.70454221E-11 
5.074500 	 90 	 4.48500304E-11 	 4.04272710E-11 
5.084200 	 90 	 4.86710247E-11 	 4.38714688E-11 
5.090000 	 90 	 2.67112655E-11 	 2.40772094E-11 
5.093700 	 90 	 3.96584069E-11 	 3.57476049E-11 
5.096800 	 90 	 1.13112905E-10 	 1.01958595E-10 
5.098900 	 90 	 1.12186427E-10 	 1.01123479E-10 
5.100000 	 90 	 1.16796056E-10 	 1.05278542E-10 
5.100400 	 90 	 1.24117364E-10 	 1.11877880E-10 
5.100700 	 90 	 1.24968938E-10 	 1.12645478E-10 
5.102900 	 90 	 1.65203781E-10 	 1.48912676E-10 
5.104900 	 90 	 1.44904140E-10 	 1.30614827E-10 
5.106900 	 90 	 1.44626009E-10 	 1.30364122E-10 
5.108800 	 90 	 1.58992543E-10 	 1.43313942E-10 
5.110000 	 90 	 1.30497667E-10 	 1.17629007E-10 
5.110800 	 90 	 1.65458738E-10 	 1.49142491E-10 
5.113800 	 90 	 1.54764600E-10 	 1.39502925E-10 
5.118800 	 90 	 1.24839425E-10 	 1.12528737E-10 
5.123800 	 90 	 1.12935788E-10 	 1.01798944E-10 
5.128500 	 90 	 9.61272891E-11 	 8.66479674E-11 
5.129900 	 90 	 8.25084708E-11 	 7.43721305E-11 
5.133800 	 90 	 6.20190824E-11 	 5.59032454E-11 
5.138900 	 90 	 8.19205017E-11 	 7.38421424E-11 
5.141700 	 90 	 5.42530675E-11 	 4.89030542E-11 
5.144700 	 90 	 6.87529932E-11 	 6.19731106E-11 
5.148000 	 90 	 8.15581467E-11 	 7.35155199E-11 
5.150000 	 90 	 5.53210828E-11 	 4.98657502E-11 
5.151000 	 90 	 6.59687158E-11 	 5.94633969E-11 
5.157000 	 90 	 6.30812730E-11 	 5.68606911E-11 
5.159400 	 90 	 6.49847140E-11 	 5.85764296E-11 
5.170000 	 90 	 4.41780057E-11 	 3.98215162E-11 
5.189800 	 90 	 4.38631308E-11 	 3.95376918E-11 
5.210000 	 90 	 4.83006381E-11 	 4.35376069E-11 
5.230000 	 90 	 3.32776005E-11 	 2.99960237E-11 
5.239500 	 90 	 6.08037944E-11 	 5.48077996E-11 
5.243100 	 90 	 5.67083938E-11 	 5.11162554E-11 
5.250100 	 90 	 4.12660411E-11 	 3.71967067E-11 
5.259900 	 90 	 1.06872244E-10 	 9.63333389E-11 
5.265000 	 90 	 1.13980185E-10 	 1.02740350E-10 
5.270000 	 90 	 1.53091131E-10 	 1.37994481E-10 
5.275000 	 90 	 1.84422092E-10 	 1.66235827E-10 
5.275000 	 90 	 1.53749327E-10 	 1.38587771E-10 
5.279800 	 90 	 1.98994452E-10 	 1.79371175E-10 
5.285000 	 90 	 2.44607422E-10 	 2.20486150E-10 
5.290200 	 90 	 3.07927330E-10 	 2.77561944E-10 
5.292900 	 90 	 3.47515547E-10 	 3.13246281E-10 
5.297700 	 90 	 3.57672813E-10 	 3.22401917E-10 
5.299700 	 90 	 3.59920117E-10 	 3.24427609E-10 
5.302400 	 90 	 3.46781047E-10 	 3.12584212E-10 
5.308200 	 90 	 2.90928714E-10 	 2.62239599E-10 
5.312900 	 90 	 2.92017566E-10 	 2.63221077E-10 
5.317500 	 90 	 2.18770741E-10 	 1.97197281E-10 
5.322800 	 90 	 1.82925299E-10 	 1.64886636E-10 
5.327700 	 90 	 1.77063097E-10 	 1.59602519E-10 
5.332900 	 90 	 1.48882779E-10 	 1.34201123E-10 
5.332900 	 90 	 1.75948613E-10 	 1.58597936E-10 
5.337500 	 90 	 1.26680690E-10 	 1.14188430E-10 
5.342700 	 90 	 1.08281608E-10 	 9.76037225E-11 
5.342900 	 90 	 8.16410506E-11 	 7.35902486E-11 
5.346900 	 90 	 8.75615313E-11 	 7.89268977E-11 
5.348300 	 90 	 7.89690571E-11 	 7.11817461E-11 
5.348600 	 90 	 7.90240623E-11 	 7.12313272E-11 
5.352100 	 90 	 1.16715940E-10 	 1.05206327E-10 
5.353600 	 90 	 8.73156326E-11 	 7.87052476E-11 
5.357900 	 90 	 9.94382107E-11 	 8.96323919E-11 
5.359800 	 90 	 8.31315998E-11 	 7.49338114E-11 
5.361900 	 90 	 1.15021810E-10 	 1.03679259E-10 
5.363900 	 90 	 1.14194896E-10 	 1.02933889E-10 
5.366000 	 90 	 9.38507238E-11 	 8.45958992E-11 
5.368000 	 90 	 8.81995076E-11 	 7.95019617E-11 
5.369700 	 90 	 7.93177385E-11 	 7.14960433E-11 
5.374800 	 90 	 5.34832009E-11 	 4.82091058E-11 
5.380100 	 90 	 3.93269262E-11 	 3.54488123E-11 
5.382900 	 90 	 1.32239938E-11 	 1.19199469E-11 
5.383300 	 90 	 3.36479099E-11 	 3.03298161E-11 
5.383900 	 90 	 2.71800520E-11 	 2.44997678E-11 
5.386000 	 90 	 1.95513605E-11 	 1.76233582E-11 
5.389900 	 90 	 1.88440155E-11 	 1.69857660E-11 
5.393100 	 90 	 1.99878431E-11 	 1.80167983E-11 
5.403400 	 90 	 2.45187446E-11 	 2.21008977E-11 
5.414100 	 90 	 3.64597584E-11 	 3.28643821E-11 
5.424400 	 90 	 2.21916168E-11 	 2.00032531E-11 
5.435400 	 90 	 2.21706437E-11 	 1.99843481E-11 
5.439300 	 90 	 2.44688497E-11 	 2.20559230E-11 
3.996000 	 75 	 8.81973961E-13 	 7.95000585E-13 
4.001000 	 75 	 1.41578196E-12 	 1.27616861E-12 
4.002900 	 75 	 1.82100772E-12 	 1.64143417E-12 
4.007000 	 75 	 3.97587849E-12 	 3.58380844E-12 
4.009100 	 75 	 3.00689534E-12 	 2.71037884E-12 
4.010000 	 75 	 5.15936380E-12 	 4.65058768E-12 
4.015100 	 75 	 4.21551899E-12 	 3.79981747E-12 
4.019100 	 75 	 3.79655263E-12 	 3.42216630E-12 
4.019900 	 75 	 3.58294219E-12 	 3.22962045E-12 
4.025000 	 75 	 3.94191410E-12 	 3.55319335E-12 
4.030000 	 75 	 2.82753532E-12 	 2.54870590E-12 
4.035100 	 75 	 4.19365381E-12 	 3.78010846E-12 
4.270000 	 75 	 3.15554638E-12 	 2.84437107E-12 
4.290100 	 75 	 5.21930487E-12 	 4.70461784E-12 
4.291100 	 75 	 3.05438351E-12 	 2.75318409E-12 
4.293200 	 75 	 4.38791637E-12 	 3.95521436E-12 
4.294200 	 75 	 8.81596987E-12 	 7.94660786E-12 
4.295100 	 75 	 4.23210069E-12 	 3.81476401E-12 
4.296200 	 75 	 7.27267538E-12 	 6.55550099E-12 
4.297200 	 75 	 8.50339636E-12 	 7.66485790E-12 
4.298100 	 75 	 2.47200415E-11 	 2.22823443E-11 
4.299100 	 75 	 3.74130963E-11 	 3.37237092E-11 
4.301100 	 75 	 4.91007435E-11 	 4.42588121E-11 
4.303100 	 75 	 5.26788013E-11 	 4.74840298E-11 
4.305200 	 75 	 5.26360901E-11 	 4.74455305E-11 
4.307200 	 75 	 3.61334466E-11 	 3.25702486E-11 
4.309300 	 75 	 3.55273803E-11 	 3.20239478E-11 
4.310000 	 75 	 3.91512037E-11 	 3.52904181E-11 
4.311200 	 75 	 4.76894320E-11 	 4.29866731E-11 
4.313100 	 75 	 3.39480505E-11 	 3.06003592E-11 
4.315100 	 75 	 4.82526647E-11 	 4.34943642E-11 
4.317200 	 75 	 5.40346693E-11 	 4.87061927E-11 
4.319200 	 75 	 3.42877454E-11 	 3.09065560E-11 
4.321200 	 75 	 4.46219818E-11 	 4.02217109E-11 
4.323000 	 75 	 3.48624487E-11 	 3.14245866E-11 
4.325200 	 75 	 3.55703567E-11 	 3.20626862E-11 
4.327100 	 75 	 1.87644192E-11 	 1.69140189E-11 
4.329100 	 75 	 1.22069984E-11 	 1.10032396E-11 
4.330100 	 75 	 1.80121698E-11 	 1.62359504E-11 
4.331200 	 75 	 1.20720224E-11 	 1.08815740E-11 
4.333200 	 75 	 9.21302373E-12 	 8.30450737E-12 
4.335200 	 75 	 9.18101772E-12 	 8.27565754E-12 
4.340000 	 75 	 3.20311136E-12 	 2.88724556E-12 
4.344900 	 75 	 6.12451065E-12 	 5.52055930E-12 
4.350000 	 75 	 3.95268624E-12 	 3.56290323E-12 
4.370100 	 75 	 5.25950408E-12 	 4.74085291E-12 
4.390100 	 75 	 6.22135398E-12 	 5.60785269E-12 
4.410000 	 75 	 1.13917784E-11 	 1.02684103E-11 
4.420200 	 75 	 1.35937143E-11 	 1.22532085E-11 
4.430200 	 75 	 1.13161809E-11 	 1.02002676E-11 
4.440000 	 75 	 3.22188655E-11 	 2.90416929E-11 
4.449900 	 75 	 4.71479427E-11 	 4.24985812E-11 
4.455000 	 75 	 1.13274697E-10 	 1.02104432E-10 
4.460100 	 75 	 1.67448491E-10 	 1.50936030E-10 
4.470000 	 75 	 1.85784262E-10 	 1.67463671E-10 
4.478000 	 75 	 1.37826945E-10 	 1.24235530E-10 
4.486100 	 75 	 7.51625841E-11 	 6.77506378E-11 
4.488200 	 75 	 5.01635050E-11 	 4.52167724E-11 
4.490100 	 75 	 6.73928640E-11 	 6.07471067E-11 
4.492200 	 75 	 3.20688617E-11 	 2.89064813E-11 
4.495000 	 75 	 1.60039421E-11 	 1.44257584E-11 
4.500000 	 75 	 9.77019020E-12 	 8.80673043E-12 
4.510200 	 75 	 1.04414598E-11 	 9.41180463E-12 
4.512200 	 75 	 8.94288249E-12 	 8.06100534E-12 
4.515100 	 75 	 2.82943502E-11 	 2.55041826E-11 
4.520100 	 75 	 5.80757283E-11 	 5.23487541E-11 
4.525200 	 75 	 1.01989633E-10 	 9.19322128E-11 
4.529400 	 75 	 1.03576355E-10 	 9.33624645E-11 
4.535100 	 75 	 1.81428629E-10 	 1.63537556E-10 
4.540200 	 75 	 1.61899141E-10 	 1.45933913E-10 
4.549800 	 75 	 2.66121067E-10 	 2.39878289E-10 
4.560200 	 75 	 4.44798264E-10 	 4.00935737E-10 
4.570100 	 75 	 3.94121764E-10 	 3.55256557E-10 
4.580000 	 75 	 2.05040450E-10 	 1.84820964E-10 
4.590100 	 75 	 9.74123877E-11 	 8.78063397E-11 
4.600300 	 75 	 9.13268670E-11 	 8.23209254E-11 
4.610000 	 75 	 1.84262484E-10 	 1.66091958E-10 
4.620200 	 75 	 1.93001700E-10 	 1.73969381E-10 
4.629900 	 75 	 1.14383807E-10 	 1.03104170E-10 
4.635200 	 75 	 8.23495215E-11 	 7.42288555E-11 
4.640000 	 75 	 5.42800905E-11 	 4.89274124E-11 
4.650000 	 75 	 4.84954578E-11 	 4.37132149E-11 
4.670100 	 75 	 2.66513547E-11 	 2.40232065E-11 
4.680200 	 75 	 1.94675822E-11 	 1.75478414E-11 
4.689900 	 75 	 1.19478692E-11 	 1.07696638E-11 
4.710000 	 75 	 1.28614729E-11 	 1.15931750E-11 
4.730000 	 75 	 1.21471518E-11 	 1.09492947E-11 
4.750000 	 75 	 1.68619832E-11 	 1.51991863E-11 
4.755200 	 75 	 3.12334115E-11 	 2.81534167E-11 
4.758900 	 75 	 3.12530119E-11 	 2.81710842E-11 
4.770000 	 75 	 3.19058116E-11 	 2.87595099E-11 
4.775000 	 75 	 5.37102222E-11 	 4.84137400E-11 
4.780200 	 75 	 7.72626209E-11 	 6.96435854E-11 
4.790100 	 75 	 8.48666666E-11 	 7.64977795E-11 
4.799900 	 75 	 9.24332967E-11 	 8.33182477E-11 
4.810000 	 75 	 3.79609624E-11 	 3.42175491E-11 
4.812200 	 75 	 2.88009684E-11 	 2.59608421E-11 
4.815300 	 75 	 2.10991948E-11 	 1.90185572E-11 
4.820100 	 75 	 1.19669661E-11 	 1.07868775E-11 
4.829900 	 75 	 7.88276601E-12 	 7.10542926E-12 
4.850000 	 75 	 1.26599308E-11 	 1.14115074E-11 
4.866300 	 75 	 1.29983061E-11 	 1.17165148E-11 
4.889900 	 75 	 2.54880084E-11 	 2.29745803E-11 
4.899900 	 75 	 3.39879349E-11 	 3.06363105E-11 
4.910100 	 75 	 4.11874958E-11 	 3.71259070E-11 
4.920000 	 75 	 5.83792232E-11 	 5.26223207E-11 
4.926200 	 75 	 6.73993503E-11 	 6.07529534E-11 
4.930200 	 75 	 6.50608057E-11 	 5.86450177E-11 
4.936900 	 75 	 7.27484804E-11 	 6.55745941E-11 
4.946700 	 75 	 9.51132951E-11 	 8.57339656E-11 
4.950300 	 75 	 9.75127087E-11 	 8.78967678E-11 
4.956800 	 75 	 9.78717421E-11 	 8.82203962E-11 
4.961900 	 75 	 1.08186038E-10 	 9.75175768E-11 
4.964700 	 75 	 1.05151444E-10 	 9.47822311E-11 
4.967900 	 75 	 1.05195385E-10 	 9.48218390E-11 
4.970000 	 75 	 1.06603520E-10 	 9.60911148E-11 
4.972800 	 75 	 9.77016090E-11 	 8.80670403E-11 
4.974600 	 75 	 1.07069553E-10 	 9.65111909E-11 
4.984700 	 75 	 9.05816206E-11 	 8.16491694E-11 
4.990100 	 75 	 7.80900346E-11 	 7.03894060E-11 
4.994700 	 75 	 6.82243516E-11 	 6.14965995E-11 
5.004600 	 75 	 5.67599452E-11 	 5.11627232E-11 
5.010000 	 75 	 5.38056953E-11 	 4.84997983E-11 
5.014800 	 75 	 5.49614962E-11 	 4.95416232E-11 
5.017700 	 75 	 5.35005661E-11 	 4.82247586E-11 
5.017900 	 75 	 5.02873634E-11 	 4.53284168E-11 
5.019800 	 75 	 5.65335938E-11 	 5.09586928E-11 
5.024800 	 75 	 6.60962925E-11 	 5.95783929E-11 
5.027800 	 75 	 7.33192438E-11 	 6.60890732E-11 
5.030100 	 75 	 7.30308745E-11 	 6.58291407E-11 
5.032800 	 75 	 1.01041005E-10 	 9.10771309E-11 
5.035900 	 75 	 8.70327755E-11 	 7.84502837E-11 
5.038700 	 75 	 1.05910765E-10 	 9.54666735E-11 
5.042000 	 75 	 1.09691834E-10 	 9.88748834E-11 
5.044800 	 75 	 9.29471911E-11 	 8.37814658E-11 
5.050000 	 75 	 8.13785435E-11 	 7.33536278E-11 
5.054800 	 75 	 6.50638029E-11 	 5.86477194E-11 
5.064900 	 75 	 4.53790651E-11 	 4.09041365E-11 
5.069900 	 75 	 4.56193201E-11 	 4.11206994E-11 
5.074500 	 75 	 2.89428807E-11 	 2.60887601E-11 
5.084200 	 75 	 2.57283727E-11 	 2.31912417E-11 
5.090000 	 75 	 2.54595878E-11 	 2.29489623E-11 
5.093700 	 75 	 4.74185561E-11 	 4.27425088E-11 
5.096800 	 75 	 8.10376118E-11 	 7.30463161E-11 
5.098900 	 75 	 1.10702306E-10 	 9.97857099E-11 
5.100000 	 75 	 1.07716547E-10 	 9.70943837E-11 
5.100400 	 75 	 9.72139584E-11 	 8.76274779E-11 
5.100700 	 75 	 8.39977562E-11 	 7.57145542E-11 
5.102900 	 75 	 1.31046005E-10 	 1.18123273E-10 
5.104900 	 75 	 1.39958103E-10 	 1.26156529E-10 
5.106900 	 75 	 1.19991790E-10 	 1.08159138E-10 
5.108800 	 75 	 1.32739883E-10 	 1.19650114E-10 
5.110000 	 75 	 1.28611685E-10 	 1.15929006E-10 
5.110800 	 75 	 1.28954293E-10 	 1.16237829E-10 
5.113800 	 75 	 1.23627452E-10 	 1.11436279E-10 
5.118800 	 75 	 1.04371751E-10 	 9.40794254E-11 
5.123800 	 75 	 7.53239798E-11 	 6.78961179E-11 
5.128500 	 75 	 6.11550356E-11 	 5.51244042E-11 
5.129900 	 75 	 7.19961361E-11 	 6.48964400E-11 
5.133800 	 75 	 5.83504736E-11 	 5.25964061E-11 
5.138900 	 75 	 6.46817688E-11 	 5.83033585E-11 
5.141700 	 75 	 6.69600342E-11 	 6.03569592E-11 
5.144700 	 75 	 5.44001785E-11 	 4.90356582E-11 
5.148000 	 75 	 5.43386612E-11 	 4.89802073E-11 
5.150000 	 75 	 6.10123542E-11 	 5.49957929E-11 
5.151000 	 75 	 5.36467531E-11 	 4.83565298E-11 
5.157000 	 75 	 4.80568593E-11 	 4.33178676E-11 
5.159400 	 75 	 5.12412755E-11 	 4.61882616E-11 
5.170000 	 75 	 2.51026995E-11 	 2.26272676E-11 
5.189800 	 75 	 2.70797678E-11 	 2.44093728E-11 
5.210000 	 75 	 2.55242978E-11 	 2.30072911E-11 
5.230000 	 75 	 2.81188031E-11 	 2.53459466E-11 
5.239500 	 75 	 3.93339369E-11 	 3.54551316E-11 
5.243100 	 75 	 4.03038361E-11 	 3.63293870E-11 
5.250100 	 75 	 6.85975254E-11 	 6.18329738E-11 
5.259900 	 75 	 8.34926075E-11 	 7.52592193E-11 
5.265000 	 75 	 1.00239279E-10 	 9.03544649E-11 
5.270000 	 75 	 1.12979761E-10 	 1.01838580E-10 
5.275000 	 75 	 1.37842566E-10 	 1.24249610E-10 
5.275000 	 75 	 1.08453502E-10 	 9.77586655E-11 
5.279800 	 75 	 1.82531957E-10 	 1.64532082E-10 
5.285000 	 75 	 2.05173922E-10 	 1.84941274E-10 
5.290200 	 75 	 2.55062181E-10 	 2.29909943E-10 
5.292900 	 75 	 3.04178900E-10 	 2.74183155E-10 
5.297700 	 75 	 2.92604824E-10 	 2.63750424E-10 
5.299700 	 75 	 2.88526368E-10 	 2.60074153E-10 
5.302400 	 75 	 2.66911943E-10 	 2.40591174E-10 
5.308200 	 75 	 2.38395133E-10 	 2.14886469E-10 
5.312900 	 75 	 2.34152345E-10 	 2.11062072E-10 
5.317500 	 75 	 2.09507554E-10 	 1.88847557E-10 
5.322800 	 75 	 1.62001870E-10 	 1.46026512E-10 
5.327700 	 75 	 1.45845460E-10 	 1.31463321E-10 
5.332900 	 75 	 1.15699968E-10 	 1.04290542E-10 
5.332900 	 75 	 1.27657804E-10 	 1.15069189E-10 
5.337500 	 75 	 8.95305213E-11 	 8.07017213E-11 
5.342700 	 75 	 6.99051557E-11 	 6.30116558E-11 
5.342900 	 75 	 8.40717391E-11 	 7.57812415E-11 
5.346900 	 75 	 6.50967732E-11 	 5.86774384E-11 
5.348300 	 75 	 5.82025933E-11 	 5.24631087E-11 
5.348600 	 75 	 6.29646449E-11 	 5.67555640E-11 
5.352100 	 75 	 7.83974542E-11 	 7.06665102E-11 
5.353600 	 75 	 6.22938685E-11 	 5.61509343E-11 
5.357900 	 75 	 8.12357386E-11 	 7.32249052E-11 
5.359800 	 75 	 8.93064149E-11 	 8.04997146E-11 
5.361900 	 75 	 8.03723971E-11 	 7.24466997E-11 
5.363900 	 75 	 7.03945638E-11 	 6.34528023E-11 
5.366000 	 75 	 6.86736735E-11 	 6.19016128E-11 
5.368000 	 75 	 6.95017954E-11 	 6.26480718E-11 
5.369700 	 75 	 7.33349390E-11 	 6.61032207E-11 
5.374800 	 75 	 4.35201187E-11 	 3.92285048E-11 
5.380100 	 75 	 1.62347079E-11 	 1.46337679E-11 
5.382900 	 75 	 1.00120338E-11 	 9.02472534E-12 
5.383300 	 75 	 1.90053208E-11 	 1.71311647E-11 
5.383900 	 75 	 1.25943160E-11 	 1.13523630E-11 
5.386000 	 75 	 1.35434037E-11 	 1.22078592E-11 
5.389900 	 75 	 1.13177268E-11 	 1.02016611E-11 
5.393100 	 75 	 1.57744448E-11 	 1.42188924E-11 
5.403400 	 75 	 1.21335008E-11 	 1.09369898E-11 
5.414100 	 75 	 1.36261609E-11 	 1.22824554E-11 
5.424400 	 75 	 1.55447952E-11 	 1.40118891E-11 
5.435400 	 75 	 1.75032492E-11 	 1.57772156E-11 
5.439300 	 75 	 1.62682742E-11 	 1.46640242E-11 
3.996000 	 60 	 4.14177593E-13 	 3.73334637E-13 
4.001000 	 60 	 2.95008491E-12 	 2.65917060E-12 
4.002900 	 60 	 1.81697646E-12 	 1.63780045E-12 
4.007000 	 60 	 4.33490477E-12 	 3.90743036E-12 
4.009100 	 60 	 3.40390097E-12 	 3.06823487E-12 
4.010000 	 60 	 1.77423634E-12 	 1.59927502E-12 
4.015100 	 60 	 5.01200908E-12 	 4.51776393E-12 
4.019100 	 60 	 6.00057550E-12 	 5.40884567E-12 
4.019900 	 60 	 5.40255365E-12 	 4.86979605E-12 
4.025000 	 60 	 4.18580080E-12 	 3.77302985E-12 
4.030000 	 60 	 1.92537641E-12 	 1.73551084E-12 
4.035100 	 60 	 2.51306246E-12 	 2.26524389E-12 
4.270000 	 60 	 2.95536247E-12 	 2.66392773E-12 
4.290100 	 60 	 4.71256323E-12 	 4.24784709E-12 
4.291100 	 60 	 6.67540489E-12 	 6.01712866E-12 
4.293200 	 60 	 5.76482017E-12 	 5.19633868E-12 
4.294200 	 60 	 2.37928759E-12 	 2.14466085E-12 
4.295100 	 60 	 8.03859175E-12 	 7.24588869E-12 
4.296200 	 60 	 8.40510670E-12 	 7.57626079E-12 
4.297200 	 60 	 1.14563515E-11 	 1.03266157E-11 
4.298100 	 60 	 2.77476070E-11 	 2.50113549E-11 
4.299100 	 60 	 4.27270003E-11 	 3.85135976E-11 
4.301100 	 60 	 6.78635704E-11 	 6.11713957E-11 
4.303100 	 60 	 5.57946513E-11 	 5.02926190E-11 
4.305200 	 60 	 6.13006726E-11 	 5.52556796E-11 
4.307200 	 60 	 5.29826397E-11 	 4.77579060E-11 
4.309300 	 60 	 5.35574433E-11 	 4.82760270E-11 
4.310000 	 60 	 6.33773652E-11 	 5.71275850E-11 
4.311200 	 60 	 6.08855940E-11 	 5.48815328E-11 
4.313100 	 60 	 5.13800466E-11 	 4.63133481E-11 
4.315100 	 60 	 5.76377472E-11 	 5.19539633E-11 
4.317200 	 60 	 5.35947350E-11 	 4.83096412E-11 
4.319200 	 60 	 5.47421321E-11 	 4.93438910E-11 
4.321200 	 60 	 4.35113971E-11 	 3.92206433E-11 
4.323000 	 60 	 4.79998682E-11 	 4.32664965E-11 
4.325200 	 60 	 3.86473257E-11 	 3.48362286E-11 
4.327100 	 60 	 3.64896158E-11 	 3.28912952E-11 
4.329100 	 60 	 2.19936487E-11 	 1.98248071E-11 
4.330100 	 60 	 3.13293095E-11 	 2.82398579E-11 
4.331200 	 60 	 1.72784721E-11 	 1.55746043E-11 
4.333200 	 60 	 1.04445544E-11 	 9.41459414E-12 
4.335200 	 60 	 8.85952672E-12 	 7.98586947E-12 
4.340000 	 60 	 3.91614098E-12 	 3.52996178E-12 
4.344900 	 60 	 2.91760418E-12 	 2.62989287E-12 
4.350000 	 60 	 9.58655753E-13 	 8.64120618E-13 
4.370100 	 60 	 5.43644408E-12 	 4.90034447E-12 
4.390100 	 60 	 6.96831770E-12 	 6.28115670E-12 
4.410000 	 60 	 8.48004481E-12 	 7.64380909E-12 
4.420200 	 60 	 1.13685308E-11 	 1.02474551E-11 
4.430200 	 60 	 1.65446266E-11 	 1.49131249E-11 
4.440000 	 60 	 3.27748865E-11 	 2.95428835E-11 
4.449900 	 60 	 4.51777914E-11 	 4.07227109E-11 
4.455000 	 60 	 1.11139718E-10 	 1.00179988E-10 
4.460100 	 60 	 1.59456313E-10 	 1.43731978E-10 
4.470000 	 60 	 1.76220371E-10 	 1.58842895E-10 
4.478000 	 60 	 1.35089239E-10 	 1.21767795E-10 
4.486100 	 60 	 6.32412748E-11 	 5.70049148E-11 
4.488200 	 60 	 4.49362543E-11 	 4.05049922E-11 
4.490100 	 60 	 6.75356907E-11 	 6.08758489E-11 
4.492200 	 60 	 3.00636069E-11 	 2.70989690E-11 
4.495000 	 60 	 1.84778549E-11 	 1.66557134E-11 
4.500000 	 60 	 1.14239597E-11 	 1.02974181E-11 
4.510200 	 60 	 6.59027486E-12 	 5.94039348E-12 
4.512200 	 60 	 1.58770159E-11 	 1.43113487E-11 
4.515100 	 60 	 4.03646515E-11 	 3.63842051E-11 
4.520100 	 60 	 6.49745302E-11 	 5.85672501E-11 
4.525200 	 60 	 9.48053779E-11 	 8.54564128E-11 
4.529400 	 60 	 1.12221888E-10 	 1.01155443E-10 
4.535100 	 60 	 1.82111089E-10 	 1.64152717E-10 
4.540200 	 60 	 2.15781847E-10 	 1.94503128E-10 
4.549800 	 60 	 2.80129097E-10 	 2.52504956E-10 
4.560200 	 60 	 4.54050208E-10 	 4.09275327E-10 
4.570100 	 60 	 4.10497480E-10 	 3.70017428E-10 
4.580000 	 60 	 2.24581360E-10 	 2.02434902E-10 
4.590100 	 60 	 1.07592505E-10 	 9.69825734E-11 
4.600300 	 60 	 7.27528489E-11 	 6.55785318E-11 
4.610000 	 60 	 1.89496763E-10 	 1.70810074E-10 
4.620200 	 60 	 2.24131718E-10 	 2.02029600E-10 
4.629900 	 60 	 1.75407315E-10 	 1.58110017E-10 
4.635200 	 60 	 8.82238239E-11 	 7.95238802E-11 
4.640000 	 60 	 6.12853493E-11 	 5.52418673E-11 
4.650000 	 60 	 4.23923556E-11 	 3.82119530E-11 
4.670100 	 60 	 3.23709124E-11 	 2.91787461E-11 
4.680200 	 60 	 1.72577689E-11 	 1.55559427E-11 
4.689900 	 60 	 1.31048853E-11 	 1.18125840E-11 
4.710000 	 60 	 1.18473093E-11 	 1.06790203E-11 
4.730000 	 60 	 1.05941291E-11 	 9.54941892E-12 
4.750000 	 60 	 1.60044980E-11 	 1.44262595E-11 
4.755200 	 60 	 2.02414295E-11 	 1.82453780E-11 
4.758900 	 60 	 2.36011881E-11 	 2.12738235E-11 
4.770000 	 60 	 3.31731647E-11 	 2.99018866E-11 
4.775000 	 60 	 5.37389593E-11 	 4.84396433E-11 
4.780200 	 60 	 7.85235831E-11 	 7.07802013E-11 
4.790100 	 60 	 1.10190034E-10 	 9.93239543E-11 
4.799900 	 60 	 9.40697737E-11 	 8.47933481E-11 
4.810000 	 60 	 4.12895699E-11 	 3.72179153E-11 
4.812200 	 60 	 1.64354764E-11 	 1.48147382E-11 
4.815300 	 60 	 2.19471850E-11 	 1.97829252E-11 
4.820100 	 60 	 1.24695757E-11 	 1.12399236E-11 
4.829900 	 60 	 9.19043202E-12 	 8.28414348E-12 
4.850000 	 60 	 7.47133767E-12 	 6.73457277E-12 
4.866300 	 60 	 7.29810196E-12 	 6.57842021E-12 
4.889900 	 60 	 1.26726266E-11 	 1.14229513E-11 
4.899900 	 60 	 2.20822537E-11 	 1.99046745E-11 
4.910100 	 60 	 2.69135846E-11 	 2.42595773E-11 
4.920000 	 60 	 4.49295444E-11 	 4.04989441E-11 
4.926200 	 60 	 4.11013194E-11 	 3.70482286E-11 
4.930200 	 60 	 3.80439601E-11 	 3.42923622E-11 
4.936900 	 60 	 5.12330603E-11 	 4.61808565E-11 
4.946700 	 60 	 5.88838699E-11 	 5.30772031E-11 
4.950300 	 60 	 6.17498885E-11 	 5.56605973E-11 
4.956800 	 60 	 6.96737992E-11 	 6.28031139E-11 
4.961900 	 60 	 6.36884219E-11 	 5.74079677E-11 
4.964700 	 60 	 7.16919976E-11 	 6.46222934E-11 
4.967900 	 60 	 7.19668997E-11 	 6.48700867E-11 
4.970000 	 60 	 6.71577373E-11 	 6.05351664E-11 
4.972800 	 60 	 6.75851636E-11 	 6.09204432E-11 
4.974600 	 60 	 6.77934570E-11 	 6.11081964E-11 
4.984700 	 60 	 5.50130416E-11 	 4.95880856E-11 
4.990100 	 60 	 4.90140466E-11 	 4.41806646E-11 
4.994700 	 60 	 4.38927164E-11 	 3.95643599E-11 
5.004600 	 60 	 3.61001705E-11 	 3.25402539E-11 
5.010000 	 60 	 3.13552261E-11 	 2.82632189E-11 
5.014800 	 60 	 3.61707580E-11 	 3.26038807E-11 
5.017700 	 60 	 3.98073045E-11 	 3.58818194E-11 
5.017900 	 60 	 3.22316060E-11 	 2.90531770E-11 
5.019800 	 60 	 4.60059073E-11 	 4.14691644E-11 
5.024800 	 60 	 6.80936481E-11 	 6.13787849E-11 
5.027800 	 60 	 6.53975183E-11 	 5.89485264E-11 
5.030100 	 60 	 6.43714646E-11 	 5.80236540E-11 
5.032800 	 60 	 6.91942268E-11 	 6.23708332E-11 
5.035900 	 60 	 8.52530197E-11 	 7.68460335E-11 
5.038700 	 60 	 8.79340041E-11 	 7.92626402E-11 
5.042000 	 60 	 8.16690463E-11 	 7.36154835E-11 
5.044800 	 60 	 7.72526269E-11 	 6.96345768E-11 
5.050000 	 60 	 6.70703131E-11 	 6.04563632E-11 
5.054800 	 60 	 5.15356463E-11 	 4.64536038E-11 
5.064900 	 60 	 3.17392921E-11 	 2.86094113E-11 
5.069900 	 60 	 3.24980596E-11 	 2.92933551E-11 
5.074500 	 60 	 2.72961104E-11 	 2.46043814E-11 
5.084200 	 60 	 2.01348640E-11 	 1.81493211E-11 
5.090000 	 60 	 2.01865746E-11 	 1.81959324E-11 
5.093700 	 60 	 4.75383909E-11 	 4.28505265E-11 
5.096800 	 60 	 8.99325755E-11 	 8.10641281E-11 
5.098900 	 60 	 1.00404444E-10 	 9.05033432E-11 
5.100000 	 60 	 1.06573534E-10 	 9.60640851E-11 
5.100400 	 60 	 1.06503038E-10 	 9.60005410E-11 
5.100700 	 60 	 1.11092572E-10 	 1.00137491E-10 
5.102900 	 60 	 1.19913757E-10 	 1.08088800E-10 
5.104900 	 60 	 1.24579340E-10 	 1.12294299E-10 
5.106900 	 60 	 1.47067973E-10 	 1.32565279E-10 
5.108800 	 60 	 1.42615304E-10 	 1.28551698E-10 
5.110000 	 60 	 1.34402679E-10 	 1.21148938E-10 
5.110800 	 60 	 1.11523209E-10 	 1.00525663E-10 
5.113800 	 60 	 1.20313305E-10 	 1.08448948E-10 
5.118800 	 60 	 1.17483541E-10 	 1.05898233E-10 
5.123800 	 60 	 1.00734592E-10 	 9.08009345E-11 
5.128500 	 60 	 6.39811057E-11 	 5.76717893E-11 
5.129900 	 60 	 7.55414257E-11 	 6.80921210E-11 
5.133800 	 60 	 5.36858800E-11 	 4.83917983E-11 
5.138900 	 60 	 5.80736045E-11 	 5.23468397E-11 
5.141700 	 60 	 5.52360040E-11 	 4.97890611E-11 
5.144700 	 60 	 4.76241422E-11 	 4.29278216E-11 
5.148000 	 60 	 5.42364052E-11 	 4.88880350E-11 
5.150000 	 60 	 5.81438342E-11 	 5.24101439E-11 
5.151000 	 60 	 5.18862063E-11 	 4.67695944E-11 
5.157000 	 60 	 4.95786558E-11 	 4.46895964E-11 
5.159400 	 60 	 3.93238893E-11 	 3.54460748E-11 
5.170000 	 60 	 2.84276890E-11 	 2.56243726E-11 
5.189800 	 60 	 2.01591258E-11 	 1.81711905E-11 
5.210000 	 60 	 1.96465786E-11 	 1.77091867E-11 
5.230000 	 60 	 2.34209623E-11 	 2.11113702E-11 
5.239500 	 60 	 3.44572135E-11 	 3.10593126E-11 
5.243100 	 60 	 3.90521364E-11 	 3.52011201E-11 
5.250100 	 60 	 5.09147746E-11 	 4.58939576E-11 
5.259900 	 60 	 7.37090680E-11 	 6.64404560E-11 
5.265000 	 60 	 8.65216270E-11 	 7.79895407E-11 
5.270000 	 60 	 9.33373245E-11 	 8.41331274E-11 
5.275000 	 60 	 1.15908543E-10 	 1.04478549E-10 
5.275000 	 60 	 1.26897879E-10 	 1.14384203E-10 
5.279800 	 60 	 1.66416975E-10 	 1.50006234E-10 
5.285000 	 60 	 2.12924681E-10 	 1.91927714E-10 
5.290200 	 60 	 2.98166215E-10 	 2.68763394E-10 
5.292900 	 60 	 3.02260653E-10 	 2.72454071E-10 
5.297700 	 60 	 2.97422241E-10 	 2.68092785E-10 
5.299700 	 60 	 3.18780219E-10 	 2.87344606E-10 
5.302400 	 60 	 2.96820262E-10 	 2.67550169E-10 
5.308200 	 60 	 2.44767120E-10 	 2.20630100E-10 
5.312900 	 60 	 2.24897196E-10 	 2.02719593E-10 
5.317500 	 60 	 2.10093615E-10 	 1.89375826E-10 
5.322800 	 60 	 1.72939238E-10 	 1.55885323E-10 
5.327700 	 60 	 1.45529453E-10 	 1.31178476E-10 
5.332900 	 60 	 1.12152319E-10 	 1.01092734E-10 
5.332900 	 60 	 1.19838183E-10 	 1.08020678E-10 
5.337500 	 60 	 9.03644945E-11 	 8.14534546E-11 
5.342700 	 60 	 5.44060427E-11 	 4.90409442E-11 
5.342900 	 60 	 5.81214254E-11 	 5.23899448E-11 
5.346900 	 60 	 4.55269768E-11 	 4.10374623E-11 
5.348300 	 60 	 4.59017116E-11 	 4.13752437E-11 
5.348600 	 60 	 4.50160110E-11 	 4.05768840E-11 
5.352100 	 60 	 5.45784767E-11 	 4.91963741E-11 
5.353600 	 60 	 5.48663250E-11 	 4.94558371E-11 
5.357900 	 60 	 7.31379935E-11 	 6.59256964E-11 
5.359800 	 60 	 6.61738142E-11 	 5.96482701E-11 
5.361900 	 60 	 7.11191373E-11 	 6.41059241E-11 
5.363900 	 60 	 7.56019474E-11 	 6.81466744E-11 
5.366000 	 60 	 7.59165915E-11 	 6.84302909E-11 
5.368000 	 60 	 6.11501912E-11 	 5.51200374E-11 
5.369700 	 60 	 6.84796892E-11 	 6.17267576E-11 
5.374800 	 60 	 3.90575911E-11 	 3.52060369E-11 
5.380100 	 60 	 1.49742650E-11 	 1.34976201E-11 
5.382900 	 60 	 1.34310581E-11 	 1.21065921E-11 
5.383300 	 60 	 1.66254060E-11 	 1.49859385E-11 
5.383900 	 60 	 1.18158225E-11 	 1.06506384E-11 
5.386000 	 60 	 1.15760124E-11 	 1.04344766E-11 
5.389900 	 60 	 9.87012786E-12 	 8.89681303E-12 
5.393100 	 60 	 1.24457215E-11 	 1.12184218E-11 
5.403400 	 60 	 9.82596159E-12 	 8.85700209E-12 
5.414100 	 60 	 1.48378338E-11 	 1.33746427E-11 
5.424400 	 60 	 1.16268926E-11 	 1.04803393E-11 
5.435400 	 60 	 1.24356101E-11 	 1.12093074E-11 
5.439300 	 60 	 1.45862422E-11 	 1.31478611E-11 
