4.007500 	 0 	 0.00000000E+00 	 0.00000000E+00 
4.012500 	 0 	 2.31918246E-12 	 2.09048282E-12 
4.014400 	 0 	 1.36607220E-16 	 1.23136084E-16 
4.018500 	 0 	 7.34646627E-07 	 4.05537228E-07 
4.020600 	 0 	 0.00000000E+00 	 0.00000000E+00 
4.021500 	 0 	 1.65840884E-07 	 1.49486953E-07 
4.026600 	 0 	 3.36126709E-14 	 3.02980521E-14 
4.030600 	 0 	 1.52051745E-07 	 1.37057591E-07 
4.031400 	 0 	 2.09681668E-14 	 1.89004502E-14 
4.036500 	 0 	 8.64611794E-17 	 7.79350539E-17 
4.041500 	 0 	 6.18400455E-07 	 5.25271486E-07 
4.046600 	 0 	 3.24561660E-07 	 2.97240017E-07 
4.281500 	 0 	 2.77510460E-14 	 2.50144549E-14 
4.301600 	 0 	 5.45684278E-07 	 3.43109628E-07 
4.302600 	 0 	 3.48599308E-14 	 3.14223170E-14 
4.304700 	 0 	 1.96234614E-18 	 1.76883491E-18 
4.305700 	 0 	 1.58398116E-08 	 1.42778132E-08 
4.306600 	 0 	 7.70175943E-17 	 6.94227213E-17 
4.307700 	 0 	 3.47826650E-15 	 3.13526705E-15 
4.308700 	 0 	 4.64724617E-07 	 3.69101119E-07 
4.309600 	 0 	 3.01357102E-12 	 2.71639621E-12 
4.310600 	 0 	 5.48470594E-15 	 4.94384713E-15 
4.312600 	 0 	 1.32435298E-06 	 1.19375565E-06 
4.314600 	 0 	 1.58080851E-06 	 1.42492154E-06 
4.316700 	 0 	 4.52143026E-07 	 4.07556216E-07 
4.318700 	 0 	 1.61535150E-06 	 1.45605817E-06 
4.320800 	 0 	 1.75506662E-06 	 1.58199567E-06 
4.321500 	 0 	 3.36974906E-16 	 3.03745076E-16 
4.322700 	 0 	 3.07625775E-13 	 2.77290126E-13 
4.324600 	 0 	 4.74220972E-15 	 4.27457007E-15 
4.326600 	 0 	 3.54017626E-12 	 3.19107175E-12 
4.328700 	 0 	 2.92103552E-10 	 2.63298583E-10 
4.330700 	 0 	 9.10124152E-07 	 8.20374825E-07 
4.332700 	 0 	 4.16030980E-07 	 2.53907635E-07 
4.334500 	 0 	 2.80926990E-06 	 2.80618327E-06 
4.336700 	 0 	 4.56575018E-07 	 4.11551160E-07 
4.338600 	 0 	 4.39687694E-07 	 3.96329131E-07 
4.340600 	 0 	 3.77176860E-07 	 1.49661982E-07 
4.341600 	 0 	 6.04172110E-07 	 5.44593380E-07 
4.342700 	 0 	 2.24430155E-07 	 2.02298608E-07 
4.344700 	 0 	 5.10375104E-07 	 4.60045902E-07 
4.346700 	 0 	 6.17065570E-14 	 5.56215388E-14 
4.351500 	 0 	 4.89321255E-07 	 4.38148305E-07 
4.356400 	 0 	 1.86459844E-16 	 1.68072632E-16 
4.361500 	 0 	 2.37207068E-07 	 2.13815562E-07 
4.381600 	 0 	 1.67425049E-07 	 1.50914899E-07 
4.401600 	 0 	 1.98487840E-14 	 1.78914521E-14 
4.421500 	 0 	 8.92278560E-07 	 4.66082408E-07 
4.431700 	 0 	 1.75053427E-07 	 1.57791027E-07 
4.441700 	 0 	 3.46206874E-07 	 3.12066659E-07 
4.451500 	 0 	 6.86893992E-07 	 6.19157877E-07 
4.461400 	 0 	 8.06429356E-07 	 7.26905598E-07 
4.466500 	 0 	 1.73712067E-14 	 1.56581941E-14 
4.471600 	 0 	 2.60620978E-12 	 2.34920575E-12 
4.481500 	 0 	 1.39772311E-06 	 1.25989059E-06 
4.489500 	 0 	 8.89232172E-15 	 8.01543048E-15 
4.497600 	 0 	 9.35765389E-07 	 8.43487523E-07 
4.499700 	 0 	 1.01093875E-06 	 9.11247873E-07 
4.501600 	 0 	 1.66652391E-08 	 1.50218435E-08 
4.503700 	 0 	 4.56047323E-15 	 4.11075502E-15 
4.506500 	 0 	 5.56895372E-07 	 5.01978704E-07 
4.511500 	 0 	 9.76427053E-07 	 8.80139451E-07 
4.521700 	 0 	 8.03776851E-16 	 7.24514663E-16 
4.523700 	 0 	 1.20049030E-07 	 1.08210734E-07 
4.526600 	 0 	 0.00000000E+00 	 0.00000000E+00 
4.531600 	 0 	 6.33964764E-14 	 5.71448116E-14 
4.536700 	 0 	 1.29095387E-15 	 1.16365009E-15 
4.540900 	 0 	 7.69683859E-07 	 6.93783655E-07 
4.546600 	 0 	 2.34365716E-13 	 2.11254401E-13 
4.551700 	 0 	 1.30725954E-06 	 1.17834783E-06 
4.561300 	 0 	 2.47805216E-11 	 2.23368603E-11 
4.571700 	 0 	 3.89603056E-06 	 3.51183449E-06 
4.581600 	 0 	 1.96077061E-06 	 1.76741475E-06 
4.591500 	 0 	 1.95806199E-06 	 1.76497323E-06 
4.601600 	 0 	 1.25183537E-06 	 1.12838915E-06 
4.611800 	 0 	 1.21635353E-06 	 1.09640626E-06 
4.621500 	 0 	 2.00620204E-06 	 1.80836608E-06 
4.631700 	 0 	 1.33333135E-06 	 8.60960464E-07 
4.641400 	 0 	 2.68619498E-06 	 2.42130344E-06 
4.646700 	 0 	 4.85392138E-06 	 4.40999180E-06 
4.651500 	 0 	 1.68870005E-12 	 1.52217366E-12 
4.661500 	 0 	 1.25163033E-14 	 1.12820433E-14 
4.681600 	 0 	 3.39042522E-11 	 3.05608799E-11 
4.691700 	 0 	 1.25706915E-06 	 8.52911876E-07 
4.701400 	 0 	 5.42756595E-07 	 4.10223876E-07 
4.721500 	 0 	 7.10023011E-07 	 3.50225213E-07 
4.741500 	 0 	 2.10499650E-14 	 1.89741820E-14 
4.761500 	 0 	 5.01527308E-07 	 4.52070606E-07 
4.766700 	 0 	 1.12268494E-06 	 9.19196218E-07 
4.770400 	 0 	 5.28981485E-07 	 1.87556074E-07 
4.781500 	 0 	 2.70189634E-07 	 2.43545645E-07 
4.786500 	 0 	 2.03610476E-06 	 1.84751711E-06 
4.791700 	 0 	 1.04783101E-06 	 9.44502106E-07 
4.801600 	 0 	 3.41403661E-17 	 3.07737101E-17 
4.811400 	 0 	 1.45640627E-13 	 1.31278687E-13 
4.821500 	 0 	 2.11179502E-07 	 1.90354631E-07 
4.823700 	 0 	 6.52802079E-14 	 5.88427842E-14 
4.826800 	 0 	 3.27886463E-07 	 2.95552864E-07 
4.831600 	 0 	 7.11328760E-07 	 5.42491733E-07 
4.841400 	 0 	 4.31269391E-07 	 3.04304077E-07 
4.861500 	 0 	 3.24422452E-07 	 2.61433330E-07 
4.877800 	 0 	 4.40306036E-07 	 3.37930199E-07 
4.901400 	 0 	 5.55846456E-07 	 1.69101894E-07 
4.911400 	 0 	 7.48748713E-07 	 3.50384937E-07 
4.921600 	 0 	 1.76715289E-07 	 1.59289009E-07 
4.931500 	 0 	 7.53227108E-07 	 6.50993839E-07 
4.937700 	 0 	 1.03507244E-06 	 4.33849298E-07 
4.941700 	 0 	 1.04398606E-06 	 6.00789414E-07 
4.948400 	 0 	 3.99851565E-07 	 2.56442880E-07 
4.958200 	 0 	 8.94416319E-07 	 4.28369900E-07 
4.961800 	 0 	 3.73386952E-07 	 3.36566450E-07 
4.968300 	 0 	 3.67415040E-07 	 2.64807157E-07 
4.973400 	 0 	 8.51005028E-07 	 2.99583465E-07 
4.976200 	 0 	 7.01778448E-07 	 4.84816126E-07 
4.979400 	 0 	 1.34550395E-06 	 5.43486499E-07 
4.981500 	 0 	 9.92946393E-07 	 6.64659207E-07 
4.984300 	 0 	 6.53706391E-07 	 2.34821407E-07 
4.986100 	 0 	 3.99101569E-07 	 3.08096790E-07 
4.996200 	 0 	 3.31328892E-07 	 2.47282713E-07 
5.001600 	 0 	 2.81228067E-07 	 2.53495554E-07 
5.006200 	 0 	 4.50573969E-07 	 2.31409583E-07 
5.016100 	 0 	 1.96577778E-07 	 1.46895719E-07 
5.021500 	 0 	 1.24771308E-15 	 1.12467338E-15 
5.026300 	 0 	 7.82879475E-07 	 3.56236277E-07 
5.029200 	 0 	 1.21582476E-06 	 5.10714704E-07 
5.029400 	 0 	 7.92565757E-07 	 3.78793594E-07 
5.031300 	 0 	 3.66985545E-07 	 3.30796300E-07 
5.036300 	 0 	 8.16302327E-07 	 7.35804974E-07 
5.039300 	 0 	 1.50238805E-06 	 1.07333403E-06 
5.041600 	 0 	 2.03086018E-06 	 1.83059263E-06 
5.044300 	 0 	 9.55603058E-07 	 8.61368956E-07 
5.047400 	 0 	 6.44628739E-07 	 5.81060493E-07 
5.050200 	 0 	 7.02827364E-07 	 6.33520025E-07 
5.053500 	 0 	 1.46564363E-06 	 1.36103214E-06 
5.056300 	 0 	 1.23945773E-07 	 1.11723210E-07 
5.061500 	 0 	 8.56360756E-07 	 7.71913154E-07 
5.066300 	 0 	 1.13934673E-06 	 7.35176883E-07 
5.076400 	 0 	 1.82432526E-06 	 8.04305241E-07 
5.081400 	 0 	 6.44346006E-15 	 5.80805641E-15 
5.086000 	 0 	 6.70615297E-07 	 4.98645899E-07 
5.095700 	 0 	 1.08903763E-06 	 6.38618109E-07 
5.101500 	 0 	 9.96743856E-07 	 4.68866774E-07 
5.105200 	 0 	 2.64731389E-06 	 1.95630775E-06 
5.108300 	 0 	 3.99928184E-13 	 3.60490393E-13 
5.110400 	 0 	 1.39825189E-06 	 1.26036722E-06 
5.111500 	 0 	 6.33840664E-07 	 5.71336254E-07 
5.111900 	 0 	 2.16604295E-06 	 1.42455086E-06 
5.112200 	 0 	 2.55071006E-06 	 2.29917898E-06 
5.114400 	 0 	 4.77605127E-06 	 3.62558486E-06 
5.116400 	 0 	 4.81387482E-06 	 4.62951828E-06 
5.118400 	 0 	 6.89393260E-06 	 2.58661127E-06 
5.120300 	 0 	 2.53312022E-06 	 1.40478258E-06 
5.121500 	 0 	 3.27756968E-06 	 2.45054888E-06 
5.122300 	 0 	 4.20512611E-06 	 2.87894323E-06 
5.125300 	 0 	 5.07023323E-06 	 1.58529273E-06 
5.130300 	 0 	 2.69121294E-06 	 1.15701813E-06 
5.135300 	 0 	 3.42341426E-06 	 2.16239316E-06 
5.140000 	 0 	 1.75188318E-06 	 1.13144400E-06 
5.141400 	 0 	 1.04862417E-06 	 9.45217052E-07 
5.145300 	 0 	 1.38232391E-06 	 1.24600994E-06 
5.150400 	 0 	 1.17710553E-06 	 9.70712960E-07 
5.153200 	 0 	 1.44990990E-06 	 1.30693112E-06 
5.156200 	 0 	 5.68115099E-07 	 5.12092030E-07 
5.159500 	 0 	 1.57506754E-06 	 8.12580184E-07 
5.161500 	 0 	 1.44692071E-15 	 1.30423670E-15 
5.162500 	 0 	 1.31991775E-06 	 1.07802050E-06 
5.168500 	 0 	 1.72890848E-06 	 7.38557669E-07 
5.170900 	 0 	 3.29749044E-15 	 2.97231771E-15 
5.181500 	 0 	 1.75503425E-06 	 7.45805453E-07 
5.201300 	 0 	 1.90005869E-06 	 5.12382273E-07 
5.221500 	 0 	 5.61341392E-07 	 5.05986293E-07 
5.241500 	 0 	 6.77860584E-07 	 6.11015274E-07 
5.251000 	 0 	 1.88652639E-06 	 7.55442044E-07 
5.254600 	 0 	 1.34043204E-06 	 1.20824911E-06 
5.261600 	 0 	 1.32470910E-06 	 1.19407664E-06 
5.271400 	 0 	 8.52363654E-07 	 7.68310215E-07 
5.276500 	 0 	 1.48062197E-06 	 1.33461461E-06 
5.281500 	 0 	 3.22130378E-06 	 2.90364398E-06 
5.286500 	 0 	 5.32492978E-07 	 4.79982684E-07 
5.286500 	 0 	 2.63636070E-06 	 2.37638343E-06 
5.291300 	 0 	 3.03645939E-06 	 2.73702751E-06 
5.296500 	 0 	 2.79298581E-13 	 2.51756339E-13 
5.301700 	 0 	 4.56064589E-06 	 2.94298382E-06 
5.304400 	 0 	 2.73810119E-06 	 2.46809106E-06 
5.309200 	 0 	 1.50829090E-06 	 1.35955504E-06 
5.311200 	 0 	 3.18847660E-06 	 2.87405397E-06 
5.313900 	 0 	 6.22400794E-06 	 2.32927357E-06 
5.319700 	 0 	 2.33296297E-06 	 1.23835957E-06 
5.324400 	 0 	 3.09594110E-06 	 2.79064360E-06 
5.329000 	 0 	 2.94450662E-06 	 2.27278352E-06 
5.334300 	 0 	 3.20180387E-06 	 1.75417481E-06 
5.339200 	 0 	 2.98824381E-14 	 2.69356657E-14 
5.344400 	 0 	 1.98237482E-06 	 1.78688851E-06 
5.344400 	 0 	 0.00000000E+00 	 0.00000000E+00 
5.349000 	 0 	 2.34891252E-06 	 1.00029238E-06 
5.354200 	 0 	 1.72568188E-06 	 1.34056784E-06 
5.354400 	 0 	 5.13093436E-07 	 4.62496173E-07 
5.358400 	 0 	 8.08617834E-07 	 5.94155852E-07 
5.359800 	 0 	 1.28987474E-06 	 5.52284800E-07 
5.360100 	 0 	 8.55650688E-07 	 5.26936623E-07 
5.363600 	 0 	 1.47461121E-06 	 1.32919658E-06 
5.365100 	 0 	 9.00891106E-07 	 6.29349002E-07 
5.369400 	 0 	 2.60491482E-06 	 1.60604087E-06 
5.371300 	 0 	 2.49740098E-06 	 1.79378848E-06 
5.373400 	 0 	 2.30429045E-06 	 1.76798654E-06 
5.375400 	 0 	 1.32779541E-06 	 1.19685861E-06 
5.377500 	 0 	 2.02410482E-06 	 1.49828848E-06 
5.379500 	 0 	 5.13144155E-07 	 4.62541891E-07 
5.381200 	 0 	 4.47653840E-06 	 1.62929899E-06 
5.386300 	 0 	 8.11862781E-07 	 3.99843373E-07 
5.391600 	 0 	 2.27431218E-06 	 7.25223665E-07 
5.394400 	 0 	 1.25829936E-06 	 4.15663889E-07 
5.394800 	 0 	 2.68008710E-06 	 4.78904885E-07 
5.395400 	 0 	 1.97080653E-06 	 4.63667456E-07 
5.397500 	 0 	 1.19154431E-06 	 2.34265892E-07 
5.401400 	 0 	 2.02616596E-06 	 2.57342850E-07 
5.404600 	 0 	 2.09541381E-06 	 4.29496753E-07 
5.414900 	 0 	 1.26059791E-06 	 2.82117480E-07 
5.425600 	 0 	 2.37121817E-06 	 4.30824825E-07 
5.435900 	 0 	 1.99217333E-06 	 3.37559727E-07 
5.446900 	 0 	 2.37159586E-06 	 3.04344600E-07 
5.450800 	 0 	 1.74908823E-06 	 3.41787497E-07 
4.007500 	 15 	 1.23673738E-07 	 1.11478001E-07 
4.012500 	 15 	 1.70081463E-07 	 1.53309359E-07 
4.014400 	 15 	 1.79342496E-08 	 1.61657142E-08 
4.018500 	 15 	 3.52036321E-07 	 3.17321251E-07 
4.020600 	 15 	 3.23176786E-15 	 2.91307619E-15 
4.021500 	 15 	 5.83993651E-07 	 5.62168187E-07 
4.026600 	 15 	 4.51841176E-07 	 4.07284132E-07 
4.030600 	 15 	 6.11894746E-17 	 5.51554470E-17 
4.031400 	 15 	 6.20429118E-16 	 5.59247249E-16 
4.036500 	 15 	 2.26201409E-07 	 2.03895195E-07 
4.041500 	 15 	 2.22797933E-07 	 2.00827343E-07 
4.046600 	 15 	 5.36764763E-08 	 4.83833219E-08 
4.281500 	 15 	 2.89697186E-07 	 2.61129514E-07 
4.301600 	 15 	 5.94620558E-08 	 5.35983728E-08 
4.302600 	 15 	 2.83769536E-07 	 2.55786403E-07 
4.304700 	 15 	 3.00127803E-07 	 2.70531545E-07 
4.305700 	 15 	 6.03772187E-08 	 5.44232894E-08 
4.306600 	 15 	 7.18136002E-08 	 6.47319044E-08 
4.307700 	 15 	 5.45931820E-08 	 4.92096292E-08 
4.308700 	 15 	 1.59567912E-07 	 1.43832572E-07 
4.309600 	 15 	 3.48506328E-07 	 3.14139359E-07 
4.310600 	 15 	 4.97880430E-07 	 4.48783355E-07 
4.312600 	 15 	 2.92289692E-07 	 2.63466368E-07 
4.314600 	 15 	 2.88255657E-14 	 2.59830138E-14 
4.316700 	 15 	 8.28377374E-07 	 7.46689274E-07 
4.318700 	 15 	 1.15608662E-06 	 1.04208240E-06 
4.320800 	 15 	 2.73188164E-13 	 2.46248483E-13 
4.321500 	 15 	 1.18511513E-06 	 1.06824835E-06 
4.322700 	 15 	 5.96032968E-08 	 5.37256857E-08 
4.324600 	 15 	 9.10337943E-07 	 8.20567533E-07 
4.326600 	 15 	 1.63967332E-06 	 1.47798156E-06 
4.328700 	 15 	 6.24770547E-07 	 5.63160560E-07 
4.330700 	 15 	 5.86328160E-07 	 5.28509061E-07 
4.332700 	 15 	 1.77715809E-07 	 1.60190866E-07 
4.334500 	 15 	 1.14769318E-06 	 1.03451665E-06 
4.336700 	 15 	 8.03887409E-17 	 7.24614318E-17 
4.338600 	 15 	 5.77441421E-07 	 5.20498663E-07 
4.340600 	 15 	 1.40947907E-15 	 1.27048727E-15 
4.341600 	 15 	 7.89182061E-07 	 7.11359096E-07 
4.342700 	 15 	 8.78292653E-07 	 7.91682299E-07 
4.344700 	 15 	 8.21661963E-08 	 7.40636084E-08 
4.346700 	 15 	 1.72963810E-07 	 1.55907471E-07 
4.351500 	 15 	 4.59781389E-08 	 4.14441343E-08 
4.356400 	 15 	 3.49759625E-07 	 3.15269065E-07 
4.361500 	 15 	 2.39912718E-07 	 2.16254402E-07 
4.381600 	 15 	 4.88954486E-07 	 4.53902663E-07 
4.401600 	 15 	 3.63197752E-15 	 3.27382030E-15 
4.421500 	 15 	 2.74671547E-07 	 2.47585587E-07 
4.431700 	 15 	 1.25722789E-09 	 1.13324991E-09 
4.441700 	 15 	 9.29578205E-08 	 8.37910470E-08 
4.451500 	 15 	 1.84383467E-13 	 1.66201012E-13 
4.461400 	 15 	 1.61984977E-14 	 1.46011285E-14 
4.466500 	 15 	 2.19269714E-07 	 1.97647049E-07 
4.471600 	 15 	 1.25668612E-06 	 1.13276156E-06 
4.481500 	 15 	 5.69821964E-07 	 5.13630577E-07 
4.489500 	 15 	 4.99699169E-07 	 4.50422744E-07 
4.497600 	 15 	 1.02050735E-14 	 9.19872898E-15 
4.499700 	 15 	 2.01910286E-07 	 1.81999472E-07 
4.501600 	 15 	 9.76756225E-15 	 8.80436163E-15 
4.503700 	 15 	 7.77424179E-07 	 7.00760685E-07 
4.506500 	 15 	 1.49779482E-15 	 1.35009400E-15 
4.511500 	 15 	 9.35387163E-08 	 8.43146595E-08 
4.521700 	 15 	 5.77841088E-07 	 4.91956969E-07 
4.523700 	 15 	 1.42126404E-07 	 1.28111009E-07 
4.526600 	 15 	 3.03800068E-07 	 2.73841681E-07 
4.531600 	 15 	 2.11396862E-13 	 1.90550556E-13 
4.536700 	 15 	 1.54008471E-06 	 1.38821359E-06 
4.540900 	 15 	 8.12068624E-07 	 7.31988766E-07 
4.546600 	 15 	 3.12571551E-06 	 2.81748189E-06 
4.551700 	 15 	 1.85923585E-06 	 1.67589255E-06 
4.561300 	 15 	 1.79230666E-06 	 1.61556339E-06 
4.571700 	 15 	 1.94323023E-07 	 1.75160406E-07 
4.581600 	 15 	 1.28815775E-06 	 1.16112971E-06 
4.591500 	 15 	 8.08711975E-07 	 7.28963123E-07 
4.601600 	 15 	 3.57099409E-13 	 3.21885058E-13 
4.611800 	 15 	 1.13597327E-06 	 1.02395247E-06 
4.621500 	 15 	 9.77516981E-10 	 8.81121899E-10 
4.631700 	 15 	 4.91407050E-06 	 4.42948329E-06 
4.641400 	 15 	 4.42274725E-07 	 3.98661050E-07 
4.646700 	 15 	 2.82841412E-12 	 2.54949803E-12 
4.651500 	 15 	 3.43409627E-07 	 3.09545255E-07 
4.661500 	 15 	 2.89492448E-07 	 2.60944967E-07 
4.681600 	 15 	 5.70960070E-13 	 5.14656452E-13 
4.691700 	 15 	 2.37761816E-07 	 2.14315605E-07 
4.701400 	 15 	 1.77517870E-07 	 1.60012446E-07 
4.721500 	 15 	 5.83264813E-08 	 5.25747797E-08 
4.741500 	 15 	 9.68831570E-08 	 8.73292976E-08 
4.761500 	 15 	 6.00711492E-07 	 5.41474022E-07 
4.766700 	 15 	 3.41162957E-07 	 3.07520133E-07 
4.770400 	 15 	 7.16437103E-15 	 6.45787678E-15 
4.781500 	 15 	 2.57232308E-07 	 2.31866069E-07 
4.786500 	 15 	 1.96832239E-14 	 1.77422183E-14 
4.791700 	 15 	 6.22278433E-07 	 5.60914200E-07 
4.801600 	 15 	 2.74318084E-06 	 2.47266979E-06 
4.811400 	 15 	 8.13139174E-14 	 7.32953747E-14 
4.821500 	 15 	 2.42661247E-07 	 2.18731893E-07 
4.823700 	 15 	 1.85047741E-07 	 1.66799780E-07 
4.826800 	 15 	 1.20908214E-07 	 1.08985191E-07 
4.831600 	 15 	 2.89578115E-07 	 2.61022186E-07 
4.841400 	 15 	 3.20216574E-07 	 2.88639320E-07 
4.861500 	 15 	 1.37210723E-07 	 1.23680074E-07 
4.877800 	 15 	 4.33867446E-07 	 3.41503680E-07 
4.901400 	 15 	 5.17543190E-08 	 4.66507127E-08 
4.911400 	 15 	 3.35700894E-07 	 3.02596696E-07 
4.921600 	 15 	 4.52406087E-07 	 4.07793336E-07 
4.931500 	 15 	 5.26713444E-07 	 4.74773082E-07 
4.937700 	 15 	 4.60824324E-07 	 3.22433883E-07 
4.941700 	 15 	 5.67409306E-07 	 5.11455837E-07 
4.948400 	 15 	 3.34786572E-07 	 3.01772538E-07 
4.958200 	 15 	 4.20885448E-07 	 3.56116925E-07 
4.961800 	 15 	 1.48284883E-07 	 1.33662187E-07 
4.968300 	 15 	 6.65467672E-07 	 5.88872195E-07 
4.973400 	 15 	 8.96132144E-14 	 8.07762599E-14 
4.976200 	 15 	 5.75805539E-07 	 4.99962558E-07 
4.979400 	 15 	 7.07089076E-07 	 5.84836392E-07 
4.981500 	 15 	 6.75273243E-07 	 6.08683076E-07 
4.984300 	 15 	 4.26350049E-07 	 3.84306741E-07 
4.986100 	 15 	 2.27008532E-07 	 2.04622725E-07 
4.996200 	 15 	 5.23837067E-07 	 4.72180352E-07 
5.001600 	 15 	 4.72264556E-07 	 4.25693518E-07 
5.006200 	 15 	 2.89347859E-07 	 2.60814635E-07 
5.016100 	 15 	 3.13109826E-07 	 2.91604394E-07 
5.021500 	 15 	 2.57761115E-07 	 2.32342729E-07 
5.026300 	 15 	 9.57531721E-07 	 4.78806097E-07 
5.029200 	 15 	 3.33240042E-07 	 3.00378515E-07 
5.029400 	 15 	 5.50036617E-07 	 4.95796306E-07 
5.031300 	 15 	 7.59458999E-07 	 6.84567091E-07 
5.036300 	 15 	 3.84432842E-13 	 3.46523081E-13 
5.039300 	 15 	 4.01642556E-07 	 3.62035708E-07 
5.041600 	 15 	 1.61229532E-07 	 1.45330336E-07 
5.044300 	 15 	 4.16210292E-07 	 3.75166887E-07 
5.047400 	 15 	 7.40498473E-07 	 6.67476303E-07 
5.050200 	 15 	 9.18693629E-07 	 8.28099247E-07 
5.053500 	 15 	 3.97159512E-07 	 3.57994746E-07 
5.056300 	 15 	 1.58155434E-06 	 1.42559381E-06 
5.061500 	 15 	 1.43828680E-06 	 1.29645420E-06 
5.066300 	 15 	 6.09129607E-07 	 5.49062008E-07 
5.076400 	 15 	 6.34630810E-07 	 5.72048481E-07 
5.081400 	 15 	 7.64941141E-07 	 6.89508627E-07 
5.086000 	 15 	 6.69222091E-07 	 5.44945945E-07 
5.095700 	 15 	 1.13893845E-06 	 8.12067205E-07 
5.101500 	 15 	 2.46292243E-07 	 2.22004827E-07 
5.105200 	 15 	 1.28930282E-06 	 1.16216186E-06 
5.108300 	 15 	 7.18996559E-07 	 6.48094740E-07 
5.110400 	 15 	 5.50379928E-14 	 4.96105762E-14 
5.111500 	 15 	 2.15174354E-06 	 1.93955542E-06 
5.111900 	 15 	 1.48330916E-06 	 1.33703681E-06 
5.112200 	 15 	 1.95461122E-06 	 1.76186274E-06 
5.114400 	 15 	 1.94326483E-06 	 1.75163525E-06 
5.116400 	 15 	 2.62212308E-06 	 2.36354981E-06 
5.118400 	 15 	 2.19797761E-06 	 1.98123025E-06 
5.120300 	 15 	 4.44920290E-06 	 3.82815742E-06 
5.121500 	 15 	 2.65429966E-06 	 2.39255339E-06 
5.122300 	 15 	 2.52221715E-06 	 2.27349581E-06 
5.125300 	 15 	 2.07111431E-06 	 1.86687721E-06 
5.130300 	 15 	 2.38097901E-06 	 1.79760750E-06 
5.135300 	 15 	 2.79448248E-06 	 2.51891247E-06 
5.140000 	 15 	 1.12990512E-06 	 1.01848271E-06 
5.141400 	 15 	 7.19965700E-07 	 6.48968312E-07 
5.145300 	 15 	 6.74500473E-07 	 6.07986510E-07 
5.150400 	 15 	 3.23340466E-07 	 2.91455158E-07 
5.153200 	 15 	 6.57930287E-07 	 5.93050346E-07 
5.156200 	 15 	 5.19956321E-07 	 4.68682294E-07 
5.159500 	 15 	 7.47394266E-07 	 6.73692087E-07 
5.161500 	 15 	 4.61425745E-14 	 4.15923546E-14 
5.162500 	 15 	 4.92657582E-07 	 4.44075543E-07 
5.168500 	 15 	 4.05801336E-07 	 3.65784381E-07 
5.170900 	 15 	 5.65644891E-07 	 5.09865415E-07 
5.181500 	 15 	 1.35859868E-06 	 1.28426685E-06 
5.201300 	 15 	 4.18517290E-07 	 3.89317919E-07 
5.221500 	 15 	 3.31284974E-07 	 2.98616240E-07 
5.241500 	 15 	 7.06530997E-07 	 6.36858435E-07 
5.251000 	 15 	 6.23498843E-07 	 5.62014263E-07 
5.254600 	 15 	 2.44215861E-07 	 2.20133202E-07 
5.261600 	 15 	 7.65992923E-07 	 6.90456690E-07 
5.271400 	 15 	 1.25837894E-06 	 1.13428745E-06 
5.276500 	 15 	 1.16103434E-06 	 1.04654221E-06 
5.281500 	 15 	 9.56859769E-07 	 8.62501740E-07 
5.286500 	 15 	 1.79520343E-06 	 1.61817450E-06 
5.286500 	 15 	 9.61759369E-15 	 8.66918180E-15 
5.291300 	 15 	 1.91659045E-06 	 1.72759129E-06 
5.296500 	 15 	 1.73279054E-06 	 1.56191628E-06 
5.301700 	 15 	 1.61801281E-06 	 1.45845704E-06 
5.304400 	 15 	 2.23566946E-06 	 2.01520521E-06 
5.309200 	 15 	 2.19757340E-06 	 1.98086590E-06 
5.311200 	 15 	 3.48828457E-07 	 3.14429722E-07 
5.313900 	 15 	 2.90171693E-06 	 2.61557229E-06 
5.319700 	 15 	 8.23849252E-07 	 7.42607681E-07 
5.324400 	 15 	 1.12510817E-06 	 1.01415880E-06 
5.329000 	 15 	 1.22804636E-06 	 1.10694603E-06 
5.334300 	 15 	 1.07744284E-06 	 9.71193848E-07 
5.339200 	 15 	 1.92615443E-15 	 1.73621214E-15 
5.344400 	 15 	 7.05772373E-07 	 6.36174620E-07 
5.344400 	 15 	 4.47865132E-07 	 4.03700174E-07 
5.349000 	 15 	 1.89327390E-07 	 1.70657403E-07 
5.354200 	 15 	 1.48356430E-06 	 1.33726679E-06 
5.354400 	 15 	 1.30075049E-06 	 1.19286303E-06 
5.358400 	 15 	 5.87305808E-07 	 5.29390302E-07 
5.359800 	 15 	 9.20383673E-07 	 8.29622631E-07 
5.360100 	 15 	 9.44669784E-07 	 8.73326413E-07 
5.363600 	 15 	 8.04025882E-07 	 7.24739136E-07 
5.365100 	 15 	 6.75250382E-07 	 6.08662469E-07 
5.369400 	 15 	 1.60115095E-06 	 1.56114238E-06 
5.371300 	 15 	 1.35838308E-06 	 1.22442996E-06 
5.373400 	 15 	 1.51090772E-06 	 1.37304436E-06 
5.375400 	 15 	 9.52943542E-07 	 8.58971701E-07 
5.377500 	 15 	 7.66376873E-07 	 6.90802778E-07 
5.379500 	 15 	 1.79233368E-07 	 1.61558774E-07 
5.381200 	 15 	 1.15862515E-06 	 1.04437060E-06 
5.386300 	 15 	 1.08575172E-06 	 7.66648879E-07 
5.391600 	 15 	 4.33330783E-07 	 3.90599090E-07 
5.394400 	 15 	 8.31973476E-07 	 5.03808281E-07 
5.394800 	 15 	 9.12109124E-07 	 5.39626960E-07 
5.395400 	 15 	 4.36196658E-07 	 3.68756828E-07 
5.397500 	 15 	 5.21548212E-07 	 3.68650564E-07 
5.401400 	 15 	 1.81836177E-06 	 3.49370791E-07 
5.404600 	 15 	 9.55182818E-08 	 8.60990157E-08 
5.414900 	 15 	 9.03679370E-08 	 8.14565577E-08 
5.425600 	 15 	 1.06427779E-06 	 4.53778400E-07 
5.435900 	 15 	 8.87462507E-07 	 3.48678543E-07 
5.446900 	 15 	 1.37394803E-06 	 3.38580679E-07 
5.450800 	 15 	 9.00319175E-07 	 4.99286008E-07 
4.007500 	 30 	 7.31605045E-08 	 6.59459875E-08 
4.012500 	 30 	 2.89179892E-07 	 2.60663232E-07 
4.014400 	 30 	 9.71731543E-07 	 8.75906976E-07 
4.018500 	 30 	 1.02733605E-07 	 9.26028203E-08 
4.020600 	 30 	 1.31824395E-07 	 1.18824904E-07 
4.021500 	 30 	 1.16177045E-07 	 1.04720573E-07 
4.026600 	 30 	 2.17667527E-07 	 1.96202857E-07 
4.030600 	 30 	 3.62985482E-09 	 3.27190692E-09 
4.031400 	 30 	 5.34566195E-07 	 4.81851456E-07 
4.036500 	 30 	 2.97481040E-07 	 2.68145786E-07 
4.041500 	 30 	 2.04235180E-07 	 1.84095104E-07 
4.046600 	 30 	 1.96447714E-16 	 1.77075576E-16 
4.281500 	 30 	 2.44331699E-07 	 2.20237617E-07 
4.301600 	 30 	 3.57432102E-07 	 3.22184943E-07 
4.302600 	 30 	 1.31174972E-07 	 1.18239522E-07 
4.304700 	 30 	 2.93179336E-08 	 2.64268282E-08 
4.305700 	 30 	 4.24500126E-07 	 3.82639243E-07 
4.306600 	 30 	 3.25199352E-07 	 2.93130735E-07 
4.307700 	 30 	 8.16750779E-13 	 7.36209203E-13 
4.308700 	 30 	 7.41487102E-08 	 6.68367442E-08 
4.309600 	 30 	 1.91233319E-07 	 1.72375384E-07 
4.310600 	 30 	 8.98038866E-13 	 8.09481295E-13 
4.312600 	 30 	 3.89022867E-07 	 3.50660474E-07 
4.314600 	 30 	 1.02902181E-15 	 9.27547729E-16 
4.316700 	 30 	 7.16199951E-07 	 6.45573912E-07 
4.318700 	 30 	 6.09337254E-07 	 5.49249178E-07 
4.320800 	 30 	 3.36190650E-07 	 3.03038157E-07 
4.321500 	 30 	 4.11081716E-07 	 3.70544051E-07 
4.322700 	 30 	 8.84423845E-07 	 7.97208880E-07 
4.324600 	 30 	 3.40538092E-07 	 3.06956888E-07 
4.326600 	 30 	 1.70206954E-15 	 1.53422475E-15 
4.328700 	 30 	 1.28481072E-06 	 1.15811273E-06 
4.330700 	 30 	 1.93937234E-06 	 1.74812660E-06 
4.332700 	 30 	 4.58641093E-07 	 4.13413494E-07 
4.334500 	 30 	 2.09431449E-13 	 1.88778957E-13 
4.336700 	 30 	 6.91735119E-07 	 6.23521610E-07 
4.338600 	 30 	 4.80449781E-07 	 4.33071581E-07 
4.340600 	 30 	 5.37599852E-07 	 4.84585958E-07 
4.341600 	 30 	 5.91489369E-07 	 5.33161312E-07 
4.342700 	 30 	 6.33178714E-07 	 5.70739580E-07 
4.344700 	 30 	 2.00346325E-17 	 1.80589737E-17 
4.346700 	 30 	 6.91882978E-07 	 6.23654889E-07 
4.351500 	 30 	 6.26140624E-15 	 5.64395532E-15 
4.356400 	 30 	 9.50152244E-08 	 8.56455659E-08 
4.361500 	 30 	 9.51363877E-08 	 8.57547810E-08 
4.381600 	 30 	 5.30107847E-07 	 4.83838434E-07 
4.401600 	 30 	 6.29789547E-07 	 4.81538448E-07 
4.421500 	 30 	 3.60817317E-07 	 3.25236334E-07 
4.431700 	 30 	 5.56850188E-07 	 5.01937977E-07 
4.441700 	 30 	 8.29940698E-14 	 7.48098435E-14 
4.451500 	 30 	 3.82014245E-07 	 3.44342987E-07 
4.461400 	 30 	 7.07340224E-07 	 6.37587861E-07 
4.466500 	 30 	 1.88648966E-06 	 1.70045880E-06 
4.471600 	 30 	 1.93874970E-06 	 1.74756536E-06 
4.481500 	 30 	 2.04064011E-14 	 1.83940814E-14 
4.489500 	 30 	 6.48624492E-07 	 5.84662216E-07 
4.497600 	 30 	 1.29010708E-06 	 1.16288681E-06 
4.499700 	 30 	 2.49045794E-13 	 2.24486845E-13 
4.501600 	 30 	 1.03799643E-06 	 9.35637335E-07 
4.503700 	 30 	 1.66721501E-07 	 1.50280730E-07 
4.506500 	 30 	 9.55963275E-08 	 8.61693651E-08 
4.511500 	 30 	 3.89431787E-07 	 3.51029069E-07 
4.521700 	 30 	 1.09339211E-07 	 9.85570329E-08 
4.523700 	 30 	 6.97822222E-07 	 6.29008451E-07 
4.526600 	 30 	 5.63062157E-07 	 5.07537370E-07 
4.531600 	 30 	 2.28495807E-06 	 2.05963337E-06 
4.536700 	 30 	 5.72778578E-07 	 5.16295633E-07 
4.540900 	 30 	 1.75812549E-06 	 1.58475290E-06 
4.546600 	 30 	 1.53290155E-06 	 1.38173878E-06 
4.551700 	 30 	 4.49613358E-07 	 4.05276004E-07 
4.561300 	 30 	 1.40007277E-06 	 1.26200854E-06 
4.571700 	 30 	 2.36682531E-06 	 2.13342750E-06 
4.581600 	 30 	 1.08524855E-12 	 9.78229823E-13 
4.591500 	 30 	 6.48346640E-07 	 5.84411763E-07 
4.601600 	 30 	 1.10950061E-06 	 1.00009034E-06 
4.611800 	 30 	 2.22545354E-06 	 2.00599671E-06 
4.621500 	 30 	 8.57148667E-07 	 7.72623367E-07 
4.631700 	 30 	 9.72482774E-14 	 8.76584126E-14 
4.641400 	 30 	 6.02782485E-07 	 5.43340790E-07 
4.646700 	 30 	 1.05809393E-06 	 9.53752978E-07 
4.651500 	 30 	 1.73621682E-06 	 1.56500469E-06 
4.661500 	 30 	 2.36440248E-06 	 2.13124359E-06 
4.681600 	 30 	 1.16110635E-06 	 1.04660712E-06 
4.691700 	 30 	 3.54233910E-07 	 3.19302131E-07 
4.701400 	 30 	 3.72108951E-07 	 3.35414476E-07 
4.721500 	 30 	 3.09886894E-07 	 2.79328272E-07 
4.741500 	 30 	 4.41507804E-07 	 3.97969757E-07 
4.761500 	 30 	 5.19276249E-07 	 4.68069286E-07 
4.766700 	 30 	 1.13869124E-06 	 1.02640241E-06 
4.770400 	 30 	 7.15918154E-07 	 6.45319904E-07 
4.781500 	 30 	 6.89292943E-07 	 6.21320263E-07 
4.786500 	 30 	 1.28365235E-06 	 1.15706859E-06 
4.791700 	 30 	 1.05909142E-12 	 9.54652102E-13 
4.801600 	 30 	 5.49238905E-07 	 4.95077259E-07 
4.811400 	 30 	 6.11833971E-07 	 5.51499688E-07 
4.821500 	 30 	 7.66211948E-07 	 6.90654116E-07 
4.823700 	 30 	 3.40462675E-07 	 3.06888908E-07 
4.826800 	 30 	 3.96415485E-07 	 3.57324089E-07 
4.831600 	 30 	 4.60865571E-07 	 4.15418612E-07 
4.841400 	 30 	 2.05873994E-07 	 1.85572311E-07 
4.861500 	 30 	 1.88675700E-07 	 1.70069977E-07 
4.877800 	 30 	 1.64426859E-07 	 1.48212368E-07 
4.901400 	 30 	 2.55955102E-07 	 2.30714811E-07 
4.911400 	 30 	 7.42341631E-08 	 6.69137704E-08 
4.921600 	 30 	 3.04087601E-07 	 2.74100859E-07 
4.931500 	 30 	 5.63359187E-07 	 5.07805109E-07 
4.937700 	 30 	 4.76787670E-07 	 3.66388322E-07 
4.941700 	 30 	 1.45819818E-07 	 1.31440208E-07 
4.948400 	 30 	 2.68874056E-07 	 2.42359799E-07 
4.958200 	 30 	 2.92461543E-07 	 2.63621272E-07 
4.961800 	 30 	 8.24938761E-07 	 8.17996728E-07 
4.968300 	 30 	 4.02564251E-07 	 3.62866512E-07 
4.973400 	 30 	 3.37727443E-07 	 3.04423404E-07 
4.976200 	 30 	 4.15358469E-07 	 3.74399064E-07 
4.979400 	 30 	 5.95544303E-07 	 5.34769650E-07 
4.981500 	 30 	 9.42259766E-07 	 8.49341475E-07 
4.984300 	 30 	 3.63802527E-07 	 3.27927166E-07 
4.986100 	 30 	 4.28832668E-07 	 3.86544543E-07 
4.996200 	 30 	 6.12836783E-07 	 5.72519463E-07 
5.001600 	 30 	 7.53608918E-07 	 6.49348749E-07 
5.006200 	 30 	 5.41067031E-07 	 4.72712143E-07 
5.016100 	 30 	 1.32775246E-07 	 1.19681990E-07 
5.021500 	 30 	 7.24964679E-07 	 6.53474331E-07 
5.026300 	 30 	 8.15019701E-07 	 7.34648830E-07 
5.029200 	 30 	 5.92982806E-07 	 5.34507478E-07 
5.029400 	 30 	 3.74360395E-07 	 3.37443900E-07 
5.031300 	 30 	 6.36209977E-07 	 5.73471923E-07 
5.036300 	 30 	 5.97566098E-07 	 5.38638801E-07 
5.039300 	 30 	 7.71795796E-07 	 6.95687329E-07 
5.041600 	 30 	 3.10524035E-07 	 2.79902583E-07 
5.044300 	 30 	 8.43814048E-07 	 7.60603705E-07 
5.047400 	 30 	 5.15776682E-07 	 4.64914819E-07 
5.050200 	 30 	 4.36792103E-07 	 3.93719081E-07 
5.053500 	 30 	 1.65621477E-06 	 1.49289182E-06 
5.056300 	 30 	 1.12671360E-06 	 1.01560592E-06 
5.061500 	 30 	 8.72627475E-16 	 7.86575776E-16 
5.066300 	 30 	 9.83309723E-13 	 8.86343407E-13 
5.076400 	 30 	 4.68387196E-07 	 4.22198513E-07 
5.081400 	 30 	 1.87088030E-07 	 1.68638871E-07 
5.086000 	 30 	 5.48362284E-07 	 4.94287083E-07 
5.095700 	 30 	 1.15454055E-06 	 7.05076104E-07 
5.101500 	 30 	 3.73164199E-07 	 3.36365663E-07 
5.105200 	 30 	 1.12765657E-06 	 1.01645589E-06 
5.108300 	 30 	 6.00743015E-07 	 5.41502436E-07 
5.110400 	 30 	 1.31266909E-06 	 1.18322393E-06 
5.111500 	 30 	 1.83852501E-06 	 1.65722405E-06 
5.111900 	 30 	 2.45387262E-06 	 2.21778477E-06 
5.112200 	 30 	 1.68000473E-06 	 1.51433580E-06 
5.114400 	 30 	 4.12978413E-06 	 3.24388695E-06 
5.116400 	 30 	 4.86172780E-06 	 3.39133925E-06 
5.118400 	 30 	 3.35482520E-06 	 3.31148316E-06 
5.120300 	 30 	 3.15469789E-06 	 2.94623023E-06 
5.121500 	 30 	 1.67288364E-06 	 1.50791694E-06 
5.122300 	 30 	 4.54667610E-06 	 3.88386292E-06 
5.125300 	 30 	 2.43566254E-06 	 2.19547654E-06 
5.130300 	 30 	 3.80958018E-06 	 3.19043738E-06 
5.135300 	 30 	 1.67856147E-06 	 1.51303486E-06 
5.140000 	 30 	 3.35576330E-07 	 3.02484416E-07 
5.141400 	 30 	 1.17120490E-06 	 1.05570983E-06 
5.145300 	 30 	 9.85327896E-07 	 8.88162563E-07 
5.150400 	 30 	 9.12770377E-07 	 8.22760099E-07 
5.153200 	 30 	 6.67929903E-07 	 6.02063878E-07 
5.156200 	 30 	 8.99626809E-07 	 8.10912647E-07 
5.159500 	 30 	 1.44388800E-06 	 1.30150306E-06 
5.161500 	 30 	 6.79740167E-07 	 6.12709506E-07 
5.162500 	 30 	 1.46401732E-06 	 1.40172117E-06 
5.168500 	 30 	 7.70612447E-07 	 6.94620673E-07 
5.170900 	 30 	 2.94057911E-07 	 2.65060219E-07 
5.181500 	 30 	 4.97273259E-07 	 4.48236058E-07 
5.201300 	 30 	 6.22286042E-07 	 4.72291949E-07 
5.221500 	 30 	 7.48357506E-07 	 7.25349052E-07 
5.241500 	 30 	 7.11342446E-07 	 6.41195416E-07 
5.251000 	 30 	 2.39695739E-07 	 2.16058819E-07 
5.254600 	 30 	 6.84791564E-07 	 6.17262774E-07 
5.261600 	 30 	 1.06994793E-06 	 9.64438031E-07 
5.271400 	 30 	 2.00880023E-07 	 1.81070806E-07 
5.276500 	 30 	 2.33459150E-06 	 2.10437234E-06 
5.281500 	 30 	 1.78182362E-06 	 1.60611411E-06 
5.286500 	 30 	 1.36135716E-06 	 1.22711076E-06 
5.286500 	 30 	 9.95889492E-07 	 8.97682657E-07 
5.291300 	 30 	 1.88268331E-06 	 1.69702780E-06 
5.296500 	 30 	 3.68457903E-06 	 3.32123466E-06 
5.301700 	 30 	 7.70913015E-07 	 6.94891601E-07 
5.304400 	 30 	 2.66145969E-06 	 2.39900735E-06 
5.309200 	 30 	 1.26180371E-06 	 1.13737449E-06 
5.311200 	 30 	 2.40744770E-06 	 2.17004403E-06 
5.313900 	 30 	 2.24676401E-06 	 2.02520571E-06 
5.319700 	 30 	 3.69641708E-06 	 2.17524384E-06 
5.324400 	 30 	 2.42254890E-06 	 2.18365607E-06 
5.329000 	 30 	 1.05324043E-06 	 9.49378091E-07 
5.334300 	 30 	 2.17109764E-06 	 2.10503331E-06 
5.339200 	 30 	 8.72350920E-07 	 7.86326493E-07 
5.344400 	 30 	 2.01341790E-06 	 1.81487037E-06 
5.344400 	 30 	 4.29907445E-07 	 3.87513334E-07 
5.349000 	 30 	 7.55548191E-07 	 6.81041936E-07 
5.354200 	 30 	 1.30148718E-06 	 1.17314469E-06 
5.354400 	 30 	 1.76267690E-06 	 9.49823262E-07 
5.358400 	 30 	 7.43668409E-07 	 6.70333645E-07 
5.359800 	 30 	 1.20073365E-07 	 1.08232668E-07 
5.360100 	 30 	 1.35297310E-06 	 1.05988530E-06 
5.363600 	 30 	 4.38283079E-07 	 3.95063029E-07 
5.365100 	 30 	 4.92353551E-07 	 4.43801493E-07 
5.369400 	 30 	 3.65544153E-07 	 3.29497047E-07 
5.371300 	 30 	 1.36855322E-06 	 1.23359720E-06 
5.373400 	 30 	 1.13054902E-06 	 1.01906312E-06 
5.375400 	 30 	 1.13779752E-06 	 1.02559682E-06 
5.377500 	 30 	 1.01578368E-06 	 9.15615032E-07 
5.379500 	 30 	 1.18934535E-06 	 1.07206142E-06 
5.381200 	 30 	 2.61477729E-06 	 2.13185243E-06 
5.386300 	 30 	 3.64265009E-07 	 3.28344042E-07 
5.391600 	 30 	 4.23440097E-07 	 3.81683745E-07 
5.394400 	 30 	 1.00935713E-06 	 4.99784094E-07 
5.394800 	 30 	 1.06398844E-06 	 3.95093532E-07 
5.395400 	 30 	 1.11565467E-06 	 3.82343590E-07 
5.397500 	 30 	 8.33894466E-07 	 3.92657227E-07 
5.401400 	 30 	 1.46046731E-06 	 3.73986753E-07 
5.404600 	 30 	 5.28922065E-07 	 3.16794182E-07 
5.414900 	 30 	 7.71209663E-07 	 3.71175041E-07 
5.425600 	 30 	 8.07730438E-07 	 2.63543032E-07 
5.435900 	 30 	 1.35554060E-06 	 4.69991566E-07 
5.446900 	 30 	 7.87981929E-07 	 2.98079056E-07 
5.450800 	 30 	 9.78821974E-07 	 4.03839690E-07 
4.007500 	 45 	 9.26703618E-08 	 8.35319353E-08 
4.012500 	 45 	 3.81706757E-07 	 3.44065821E-07 
4.014400 	 45 	 5.14833437E-07 	 4.64064589E-07 
4.018500 	 45 	 9.41036400E-08 	 8.48238748E-08 
4.020600 	 45 	 1.47605852E-07 	 1.33050117E-07 
4.021500 	 45 	 4.88016554E-07 	 4.39892177E-07 
4.026600 	 45 	 4.21410030E-07 	 3.79853868E-07 
4.030600 	 45 	 7.24523997E-08 	 6.53077105E-08 
4.031400 	 45 	 3.75076580E-07 	 3.38089461E-07 
4.036500 	 45 	 6.86543566E-08 	 6.18842008E-08 
4.041500 	 45 	 6.77782337E-08 	 6.10944742E-08 
4.046600 	 45 	 2.19442762E-07 	 1.97803033E-07 
4.281500 	 45 	 2.02683173E-07 	 1.82696143E-07 
4.301600 	 45 	 1.99080724E-07 	 1.79448939E-07 
4.302600 	 45 	 1.44214707E-07 	 1.29993380E-07 
4.304700 	 45 	 1.78630982E-07 	 1.61015791E-07 
4.305700 	 45 	 2.64717337E-07 	 2.38612983E-07 
4.306600 	 45 	 6.38453443E-16 	 5.75494156E-16 
4.307700 	 45 	 1.11976172E-07 	 1.00933958E-07 
4.308700 	 45 	 1.78581742E-07 	 1.60971407E-07 
4.309600 	 45 	 3.96170803E-08 	 3.57103536E-08 
4.310600 	 45 	 5.80433177E-07 	 5.23195395E-07 
4.312600 	 45 	 4.75764618E-13 	 4.28848431E-13 
4.314600 	 45 	 5.55275758E-07 	 5.00518804E-07 
4.316700 	 45 	 3.53395567E-15 	 3.18546459E-15 
4.318700 	 45 	 1.10958642E-06 	 1.00016768E-06 
4.320800 	 45 	 6.72945208E-07 	 6.06584613E-07 
4.321500 	 45 	 3.98645077E-07 	 3.59333816E-07 
4.322700 	 45 	 8.70517957E-07 	 7.84674283E-07 
4.324600 	 45 	 2.94971035E-07 	 2.65883298E-07 
4.326600 	 45 	 4.05239194E-07 	 3.65277673E-07 
4.328700 	 45 	 7.25278508E-07 	 6.53757212E-07 
4.330700 	 45 	 1.65307330E-06 	 1.49006013E-06 
4.332700 	 45 	 8.44711050E-07 	 7.61412251E-07 
4.334500 	 45 	 8.05762142E-07 	 7.26304179E-07 
4.336700 	 45 	 1.62869332E-06 	 1.46808432E-06 
4.338600 	 45 	 8.84435106E-07 	 7.97219031E-07 
4.340600 	 45 	 9.18042953E-08 	 8.27512735E-08 
4.341600 	 45 	 2.26207020E-07 	 2.03900253E-07 
4.342700 	 45 	 9.30593138E-07 	 8.38825319E-07 
4.344700 	 45 	 7.37513964E-07 	 6.64786103E-07 
4.346700 	 45 	 1.40045315E-15 	 1.26235141E-15 
4.351500 	 45 	 1.10088486E-07 	 9.92324206E-08 
4.356400 	 45 	 3.32037478E-07 	 2.99294538E-07 
4.361500 	 45 	 1.96047997E-07 	 1.76715277E-07 
4.381600 	 45 	 1.62219033E-07 	 1.46222261E-07 
4.401600 	 45 	 3.63458873E-07 	 3.27617401E-07 
4.421500 	 45 	 1.32145483E-07 	 1.19114329E-07 
4.431700 	 45 	 1.36505079E-16 	 1.23044015E-16 
4.441700 	 45 	 2.26935178E-07 	 2.04556605E-07 
4.451500 	 45 	 5.45981675E-07 	 4.92141231E-07 
4.461400 	 45 	 7.72048400E-07 	 6.95915023E-07 
4.466500 	 45 	 6.54192224E-14 	 5.89680902E-14 
4.471600 	 45 	 4.92370026E-12 	 4.43816344E-12 
4.481500 	 45 	 1.24841953E-06 	 1.12531016E-06 
4.489500 	 45 	 1.39357903E-13 	 1.25615517E-13 
4.497600 	 45 	 5.20802847E-14 	 4.69445343E-14 
4.499700 	 45 	 1.40098889E-06 	 1.26283432E-06 
4.501600 	 45 	 9.51294895E-07 	 8.57485630E-07 
4.503700 	 45 	 3.32380387E-07 	 2.99603632E-07 
4.506500 	 45 	 2.04584061E-07 	 1.84409580E-07 
4.511500 	 45 	 4.40603821E-07 	 3.97154917E-07 
4.521700 	 45 	 2.67277024E-07 	 2.40920254E-07 
4.523700 	 45 	 3.68683764E-07 	 3.32327054E-07 
4.526600 	 45 	 7.39787592E-14 	 6.66835524E-14 
4.531600 	 45 	 9.60473311E-14 	 8.65758943E-14 
4.536700 	 45 	 4.60528350E-07 	 4.15114645E-07 
4.540900 	 45 	 1.48760079E-06 	 1.34090524E-06 
4.546600 	 45 	 1.34837079E-06 	 1.21540500E-06 
4.551700 	 45 	 1.19300181E-12 	 1.07535730E-12 
4.561300 	 45 	 4.06840873E-13 	 3.66721407E-13 
4.571700 	 45 	 8.15566587E-07 	 7.35141787E-07 
4.581600 	 45 	 7.01544793E-09 	 6.32363931E-09 
4.591500 	 45 	 7.14645336E-07 	 6.44172601E-07 
4.601600 	 45 	 1.56442339E-13 	 1.41015218E-13 
4.611800 	 45 	 8.10212313E-07 	 7.30315510E-07 
4.621500 	 45 	 2.08275263E-06 	 1.87736785E-06 
4.631700 	 45 	 8.10387761E-07 	 7.30473656E-07 
4.641400 	 45 	 8.31666424E-07 	 7.49653984E-07 
4.646700 	 45 	 1.34667094E-06 	 1.21387278E-06 
4.651500 	 45 	 1.25664481E-06 	 1.13272433E-06 
4.661500 	 45 	 1.13432044E-06 	 1.02246262E-06 
4.681600 	 45 	 6.13658998E-07 	 5.53144746E-07 
4.691700 	 45 	 1.66423338E-07 	 1.50011969E-07 
4.701400 	 45 	 4.71207294E-07 	 4.24740515E-07 
4.721500 	 45 	 8.03265049E-07 	 5.15250702E-07 
4.741500 	 45 	 4.91797073E-07 	 4.43299891E-07 
4.761500 	 45 	 6.21753032E-07 	 5.57490553E-07 
4.766700 	 45 	 6.25016535E-07 	 5.63382291E-07 
4.770400 	 45 	 5.56123792E-07 	 5.01283212E-07 
4.781500 	 45 	 1.46704722E-07 	 1.32237849E-07 
4.786500 	 45 	 7.36347633E-07 	 6.63734787E-07 
4.791700 	 45 	 1.89584706E-06 	 1.70889345E-06 
4.801600 	 45 	 7.92581081E-13 	 7.14422932E-13 
4.811400 	 45 	 1.24621093E-06 	 1.12331935E-06 
4.821500 	 45 	 1.47266708E-06 	 1.32744417E-06 
4.823700 	 45 	 5.24905242E-07 	 4.73143191E-07 
4.826800 	 45 	 4.23443995E-07 	 3.81687259E-07 
4.831600 	 45 	 6.29430846E-14 	 5.67361298E-14 
4.841400 	 45 	 4.48010964E-07 	 4.03831626E-07 
4.861500 	 45 	 6.51496373E-08 	 5.87250895E-08 
4.877800 	 45 	 3.52080850E-07 	 3.17361390E-07 
4.901400 	 45 	 5.89427149E-07 	 2.58218710E-07 
4.911400 	 45 	 7.48674437E-07 	 7.01567018E-07 
4.921600 	 45 	 3.82681417E-16 	 3.44944368E-16 
4.931500 	 45 	 8.57823660E-07 	 7.73231798E-07 
4.937700 	 45 	 1.95350664E-13 	 1.76086709E-13 
4.941700 	 45 	 6.47679137E-07 	 5.83810084E-07 
4.948400 	 45 	 4.45108420E-07 	 4.01215307E-07 
4.958200 	 45 	 3.39681772E-07 	 3.06185011E-07 
4.961800 	 45 	 4.47618200E-07 	 4.03477593E-07 
4.968300 	 45 	 4.09621749E-07 	 3.69228055E-07 
4.973400 	 45 	 4.56331325E-07 	 4.11331498E-07 
4.976200 	 45 	 5.79342482E-07 	 4.38619570E-07 
4.979400 	 45 	 8.98379212E-07 	 8.09788078E-07 
4.981500 	 45 	 4.87553118E-07 	 4.39474442E-07 
4.984300 	 45 	 2.87554051E-07 	 2.59197719E-07 
4.986100 	 45 	 6.03519212E-07 	 5.44004866E-07 
4.996200 	 45 	 8.46264983E-07 	 4.83306339E-07 
5.001600 	 45 	 2.40252958E-07 	 2.16561090E-07 
5.006200 	 45 	 1.90276550E-07 	 1.71512965E-07 
5.016100 	 45 	 4.40580516E-07 	 2.95021800E-07 
5.021500 	 45 	 3.80784399E-07 	 3.43234419E-07 
5.026300 	 45 	 1.31033348E-06 	 4.92348545E-07 
5.029200 	 45 	 3.57034498E-07 	 3.21826547E-07 
5.029400 	 45 	 2.16517980E-07 	 1.95166670E-07 
5.031300 	 45 	 1.27746164E-07 	 1.15148837E-07 
5.036300 	 45 	 6.70777781E-07 	 6.04630921E-07 
5.039300 	 45 	 8.29140654E-07 	 7.47377285E-07 
5.041600 	 45 	 7.01122349E-07 	 6.31983145E-07 
5.044300 	 45 	 1.16630604E-13 	 1.05129406E-13 
5.047400 	 45 	 1.38200202E-06 	 1.24571979E-06 
5.050200 	 45 	 8.00782659E-07 	 7.21815734E-07 
5.053500 	 45 	 4.29423887E-07 	 3.87077461E-07 
5.056300 	 45 	 1.47452749E-06 	 1.32912112E-06 
5.061500 	 45 	 4.09371610E-07 	 3.69002583E-07 
5.066300 	 45 	 9.51814575E-07 	 8.57954064E-07 
5.076400 	 45 	 3.34461551E-07 	 3.01479568E-07 
5.081400 	 45 	 5.01694284E-07 	 4.52221117E-07 
5.086000 	 45 	 1.22763939E-06 	 6.38948312E-07 
5.095700 	 45 	 3.07558075E-07 	 2.77229103E-07 
5.101500 	 45 	 1.49987045E-06 	 1.03223330E-06 
5.105200 	 45 	 1.93857217E-06 	 1.74740534E-06 
5.108300 	 45 	 7.72250344E-07 	 6.96097054E-07 
5.110400 	 45 	 2.02479084E-06 	 1.82512180E-06 
5.111500 	 45 	 1.58874955E-06 	 1.43207949E-06 
5.111900 	 45 	 2.30152027E-06 	 2.07456234E-06 
5.112200 	 45 	 1.73955295E-06 	 1.56801184E-06 
5.114400 	 45 	 1.22362221E-06 	 1.10295815E-06 
5.116400 	 45 	 2.78439703E-06 	 2.50982156E-06 
5.118400 	 45 	 1.77318794E-06 	 1.59833001E-06 
5.120300 	 45 	 1.19150484E-06 	 1.07400795E-06 
5.121500 	 45 	 2.80749317E-06 	 2.65258885E-06 
5.122300 	 45 	 2.12854820E-06 	 1.91864742E-06 
5.125300 	 45 	 3.23647056E-06 	 2.91731514E-06 
5.130300 	 45 	 1.49128231E-06 	 1.34422371E-06 
5.135300 	 45 	 7.84572098E-07 	 7.07203732E-07 
5.140000 	 45 	 1.16820195E-06 	 1.05300301E-06 
5.141400 	 45 	 3.28719825E-06 	 2.63207113E-06 
5.145300 	 45 	 8.33091722E-07 	 7.50938731E-07 
5.150400 	 45 	 1.23930345E-06 	 1.11709303E-06 
5.153200 	 45 	 8.13027492E-07 	 7.32853077E-07 
5.156200 	 45 	 7.56195709E-07 	 6.81625600E-07 
5.159500 	 45 	 9.09756139E-07 	 8.20043102E-07 
5.161500 	 45 	 1.70407761E-06 	 1.53603480E-06 
5.162500 	 45 	 7.27675880E-07 	 6.55918175E-07 
5.168500 	 45 	 2.11615814E-07 	 1.90747917E-07 
5.170900 	 45 	 4.90054133E-07 	 4.41728826E-07 
5.181500 	 45 	 5.90978251E-08 	 5.32700597E-08 
5.201300 	 45 	 1.24057900E-06 	 6.05948788E-07 
5.221500 	 45 	 1.38020986E-06 	 8.98757427E-07 
5.241500 	 45 	 2.36323796E-10 	 2.13019391E-10 
5.251000 	 45 	 1.12388000E-06 	 8.95986301E-07 
5.254600 	 45 	 4.76579589E-07 	 4.29583036E-07 
5.261600 	 45 	 6.01423395E-07 	 5.42115723E-07 
5.271400 	 45 	 3.49251246E-07 	 3.14810819E-07 
5.276500 	 45 	 2.11610949E-06 	 1.90743532E-06 
5.281500 	 45 	 7.80338699E-07 	 7.03387798E-07 
5.286500 	 45 	 2.30166069E-06 	 2.07468891E-06 
5.286500 	 45 	 1.57136393E-06 	 1.41640831E-06 
5.291300 	 45 	 2.15646228E-06 	 1.94380883E-06 
5.296500 	 45 	 7.01309023E-07 	 6.32151410E-07 
5.301700 	 45 	 3.62696330E-06 	 3.26930054E-06 
5.304400 	 45 	 1.19401761E-06 	 1.07627293E-06 
5.309200 	 45 	 8.05308390E-07 	 7.25895173E-07 
5.311200 	 45 	 2.58485254E-06 	 2.32995459E-06 
5.313900 	 45 	 3.32754070E-06 	 2.99940465E-06 
5.319700 	 45 	 1.38684850E-06 	 1.25008835E-06 
5.324400 	 45 	 2.73877830E-07 	 2.46870139E-07 
5.329000 	 45 	 1.44432948E-06 	 1.30190100E-06 
5.334300 	 45 	 2.17339605E-06 	 1.95907272E-06 
5.339200 	 45 	 1.84721187E-06 	 1.66505428E-06 
5.344400 	 45 	 6.23106778E-07 	 5.61660859E-07 
5.344400 	 45 	 1.71503715E-06 	 1.54591360E-06 
5.349000 	 45 	 1.16831699E-06 	 1.05310670E-06 
5.354200 	 45 	 5.72847380E-07 	 5.16357650E-07 
5.354400 	 45 	 9.26136294E-07 	 8.34807974E-07 
5.358400 	 45 	 7.42026148E-07 	 6.68853331E-07 
5.359800 	 45 	 3.30690070E-07 	 2.98080001E-07 
5.360100 	 45 	 1.21153032E-06 	 1.10607145E-06 
5.363600 	 45 	 1.25295266E-06 	 1.12939627E-06 
5.365100 	 45 	 6.56670305E-07 	 5.91914614E-07 
5.369400 	 45 	 1.40595241E-06 	 1.26730838E-06 
5.371300 	 45 	 2.29357539E-06 	 2.06740092E-06 
5.373400 	 45 	 4.99169960E-07 	 4.49945721E-07 
5.375400 	 45 	 2.09645712E-07 	 1.88972091E-07 
5.377500 	 45 	 4.99023792E-07 	 4.49813968E-07 
5.379500 	 45 	 4.00809725E-07 	 3.61285003E-07 
5.381200 	 45 	 1.14543591E-06 	 1.03248198E-06 
5.386300 	 45 	 9.22268209E-07 	 8.31321329E-07 
5.391600 	 45 	 1.03831022E-06 	 6.22406279E-07 
5.394400 	 45 	 7.96281812E-07 	 4.75332671E-07 
5.394800 	 45 	 7.74746761E-07 	 5.12245103E-07 
5.395400 	 45 	 6.02463811E-07 	 3.82724158E-07 
5.397500 	 45 	 1.27423713E-06 	 4.55491068E-07 
5.401400 	 45 	 1.34487656E-06 	 3.20720883E-07 
5.404600 	 45 	 3.91992475E-07 	 3.90501241E-07 
5.414900 	 45 	 6.14608027E-07 	 4.50106420E-07 
5.425600 	 45 	 4.19665691E-07 	 3.78281542E-07 
5.435900 	 45 	 1.10114601E-06 	 4.09059048E-07 
5.446900 	 45 	 1.48070140E-06 	 3.93750506E-07 
5.450800 	 45 	 1.06402656E-06 	 3.96947234E-07 
4.007500 	 90 	 2.06415731E-07 	 1.86060625E-07 
4.012500 	 90 	 9.55980425E-07 	 8.61709110E-07 
4.014400 	 90 	 1.04524872E-06 	 9.42174463E-07 
4.018500 	 90 	 5.24708655E-07 	 4.72965990E-07 
4.020600 	 90 	 1.67796374E-06 	 1.30012206E-06 
4.021500 	 90 	 4.71231522E-07 	 4.24762354E-07 
4.026600 	 90 	 5.39845542E-07 	 4.86610196E-07 
4.030600 	 90 	 3.89974998E-07 	 3.51518713E-07 
4.031400 	 90 	 7.47477422E-07 	 4.03756014E-07 
4.036500 	 90 	 1.13568287E-06 	 1.02369070E-06 
4.041500 	 90 	 5.13975388E-07 	 4.63291154E-07 
4.046600 	 90 	 1.10141367E-07 	 9.92800869E-08 
4.281500 	 90 	 4.55649572E-07 	 4.10716974E-07 
4.301600 	 90 	 4.10110905E-14 	 3.69668974E-14 
4.302600 	 90 	 5.86739128E-07 	 5.28879503E-07 
4.304700 	 90 	 4.14527122E-13 	 3.73649698E-13 
4.305700 	 90 	 2.33870919E-07 	 2.10808398E-07 
4.306600 	 90 	 4.34257564E-15 	 3.91434479E-15 
4.307700 	 90 	 1.55201777E-07 	 1.39896991E-07 
4.308700 	 90 	 1.43061705E-07 	 1.28954078E-07 
4.309600 	 90 	 8.06971959E-07 	 7.27394694E-07 
4.310600 	 90 	 1.73572097E-06 	 1.56455774E-06 
4.312600 	 90 	 1.67963976E-06 	 1.51400682E-06 
4.314600 	 90 	 2.50642798E-07 	 2.25926365E-07 
4.316700 	 90 	 1.23674403E-06 	 1.11478600E-06 
4.318700 	 90 	 1.15230232E-13 	 1.03867128E-13 
4.320800 	 90 	 7.76128495E-07 	 6.99592771E-07 
4.321500 	 90 	 1.26414604E-06 	 1.13948585E-06 
4.322700 	 90 	 2.34272667E-06 	 2.11170528E-06 
4.324600 	 90 	 7.13062658E-07 	 6.42745994E-07 
4.326600 	 90 	 7.77721805E-07 	 7.01028961E-07 
4.328700 	 90 	 5.76909476E-07 	 5.20019175E-07 
4.330700 	 90 	 1.15897344E-06 	 1.04468454E-06 
4.332700 	 90 	 3.64257904E-13 	 3.28337637E-13 
4.334500 	 90 	 1.02120505E-06 	 9.20501795E-07 
4.336700 	 90 	 9.30939683E-07 	 8.39137691E-07 
4.338600 	 90 	 4.36413316E-14 	 3.93377647E-14 
4.340600 	 90 	 1.38717522E-06 	 1.25038285E-06 
4.341600 	 90 	 7.44926342E-07 	 6.71467531E-07 
4.342700 	 90 	 1.09090193E-07 	 9.83325708E-08 
4.344700 	 90 	 8.09376719E-08 	 7.29562315E-08 
4.346700 	 90 	 6.24362734E-07 	 5.62792963E-07 
4.351500 	 90 	 2.83920917E-14 	 2.55922856E-14 
4.356400 	 90 	 4.93913552E-07 	 4.45207659E-07 
4.361500 	 90 	 1.62689532E-07 	 1.46646362E-07 
4.381600 	 90 	 1.71314139E-07 	 1.54420478E-07 
4.401600 	 90 	 8.58967001E-15 	 7.74262392E-15 
4.421500 	 90 	 4.24857975E-08 	 3.82961803E-08 
4.431700 	 90 	 1.12290529E-06 	 1.01217315E-06 
4.441700 	 90 	 7.53998783E-07 	 6.79645318E-07 
4.451500 	 90 	 1.71098256E-06 	 1.54225883E-06 
4.461400 	 90 	 1.40021539E-06 	 1.26213710E-06 
4.466500 	 90 	 1.57916383E-06 	 1.42343904E-06 
4.471600 	 90 	 1.59507132E-06 	 1.43777786E-06 
4.481500 	 90 	 4.67431261E-06 	 4.21336845E-06 
4.489500 	 90 	 1.10785063E-12 	 9.98603059E-13 
4.497600 	 90 	 6.26323807E-07 	 5.64560650E-07 
4.499700 	 90 	 7.56814591E-14 	 6.82183454E-14 
4.501600 	 90 	 4.54852558E-07 	 4.09998555E-07 
4.503700 	 90 	 1.05256180E-06 	 9.48766383E-07 
4.506500 	 90 	 6.45560855E-07 	 5.81900691E-07 
4.511500 	 90 	 2.54805045E-07 	 2.29678163E-07 
4.521700 	 90 	 2.35790769E-07 	 2.12538927E-07 
4.523700 	 90 	 6.28822468E-07 	 5.66812912E-07 
4.526600 	 90 	 2.63075083E-07 	 2.37132675E-07 
4.531600 	 90 	 3.08025904E-06 	 2.77650798E-06 
4.536700 	 90 	 3.68009604E-06 	 3.31719374E-06 
4.540900 	 90 	 9.70717005E-07 	 8.74992484E-07 
4.546600 	 90 	 1.25148978E-13 	 1.12807764E-13 
4.551700 	 90 	 1.53563099E-06 	 1.38419907E-06 
4.561300 	 90 	 2.61139272E-06 	 2.35387759E-06 
4.571700 	 90 	 3.43343563E-11 	 3.09485706E-11 
4.581600 	 90 	 2.86813836E-06 	 2.58530498E-06 
4.591500 	 90 	 2.68180911E-07 	 2.41735007E-07 
4.601600 	 90 	 1.92417306E-06 	 1.73442616E-06 
4.611800 	 90 	 5.14485954E-12 	 4.63751372E-12 
4.621500 	 90 	 1.24410270E-06 	 1.12141902E-06 
4.631700 	 90 	 1.47690889E-13 	 1.33126768E-13 
4.641400 	 90 	 3.88390381E-07 	 3.50090359E-07 
4.646700 	 90 	 1.43423030E-06 	 1.29279772E-06 
4.651500 	 90 	 1.78506867E-06 	 1.60903916E-06 
4.661500 	 90 	 7.06875797E-07 	 6.37169233E-07 
4.681600 	 90 	 8.86690800E-07 	 7.99252286E-07 
4.691700 	 90 	 6.43481436E-07 	 5.80026328E-07 
4.701400 	 90 	 5.47663235E-07 	 4.93656969E-07 
4.721500 	 90 	 1.05895113E-07 	 9.54525652E-08 
4.741500 	 90 	 2.73771927E-07 	 2.46774680E-07 
4.761500 	 90 	 1.18550247E-06 	 1.13011006E-06 
4.766700 	 90 	 4.48311453E-07 	 4.04102482E-07 
4.770400 	 90 	 4.23364568E-07 	 3.81615665E-07 
4.781500 	 90 	 2.62797309E-13 	 2.36882294E-13 
4.786500 	 90 	 2.47502157E-07 	 2.23095429E-07 
4.791700 	 90 	 6.95474618E-07 	 6.26892349E-07 
4.801600 	 90 	 6.31355359E-07 	 5.69096030E-07 
4.811400 	 90 	 4.07320259E-08 	 3.67153520E-08 
4.821500 	 90 	 6.27564312E-16 	 5.65678827E-16 
4.823700 	 90 	 3.13183728E-07 	 2.82299998E-07 
4.826800 	 90 	 4.35183134E-07 	 3.92268776E-07 
4.831600 	 90 	 5.21353199E-07 	 4.69941423E-07 
4.841400 	 90 	 1.73112221E-16 	 1.56041248E-16 
4.861500 	 90 	 4.27330201E-07 	 3.85190238E-07 
4.877800 	 90 	 6.06340745E-07 	 5.46548162E-07 
4.901400 	 90 	 1.27397248E-07 	 1.14834327E-07 
4.911400 	 90 	 2.15704294E-08 	 1.94433223E-08 
4.921600 	 90 	 7.30982804E-15 	 6.58898995E-15 
4.931500 	 90 	 8.59348068E-07 	 7.74605881E-07 
4.937700 	 90 	 3.99685698E-07 	 3.60271820E-07 
4.941700 	 90 	 3.05382698E-07 	 2.75268244E-07 
4.948400 	 90 	 6.53560359E-07 	 5.89111347E-07 
4.958200 	 90 	 8.41897865E-07 	 7.58876480E-07 
4.961800 	 90 	 5.28296555E-07 	 4.76200079E-07 
4.968300 	 90 	 3.47811484E-17 	 3.13513035E-17 
4.973400 	 90 	 4.51474596E-07 	 4.06953701E-07 
4.976200 	 90 	 3.41470055E-07 	 3.07796948E-07 
4.979400 	 90 	 9.53742149E-07 	 8.59691556E-07 
4.981500 	 90 	 8.37123697E-07 	 7.54573104E-07 
4.984300 	 90 	 9.14467560E-07 	 8.24289919E-07 
4.986100 	 90 	 1.53401001E-06 	 1.39138708E-06 
4.996200 	 90 	 2.08954274E-07 	 1.88348837E-07 
5.001600 	 90 	 2.25793165E-07 	 2.03527208E-07 
5.006200 	 90 	 6.36113626E-07 	 5.73385074E-07 
5.016100 	 90 	 2.58576450E-07 	 2.33077662E-07 
5.021500 	 90 	 5.16887840E-07 	 4.65916402E-07 
5.026300 	 90 	 7.35735298E-07 	 3.73325802E-07 
5.029200 	 90 	 4.51495976E-07 	 4.06972973E-07 
5.029400 	 90 	 4.68527290E-07 	 4.22324792E-07 
5.031300 	 90 	 7.51983542E-07 	 6.77828805E-07 
5.036300 	 90 	 1.35897246E-06 	 1.22496122E-06 
5.039300 	 90 	 1.48790702E-06 	 1.34118126E-06 
5.041600 	 90 	 1.93322878E-06 	 1.74258887E-06 
5.044300 	 90 	 7.39911024E-07 	 6.66946784E-07 
5.047400 	 90 	 1.80197833E-06 	 1.62428132E-06 
5.050200 	 90 	 7.16770083E-07 	 6.46087821E-07 
5.053500 	 90 	 2.11534453E-06 	 1.90674579E-06 
5.056300 	 90 	 2.19264347E-06 	 1.97642212E-06 
5.061500 	 90 	 1.17725146E-06 	 1.06116013E-06 
5.066300 	 90 	 1.90565637E-06 	 1.71773544E-06 
5.076400 	 90 	 1.03708775E-06 	 9.34818264E-07 
5.081400 	 90 	 1.12946249E-15 	 1.01808373E-15 
5.086000 	 90 	 3.45981012E-08 	 3.11863070E-08 
5.095700 	 90 	 9.53911321E-07 	 8.59844045E-07 
5.101500 	 90 	 1.25687524E-06 	 1.14037786E-06 
5.105200 	 90 	 1.52217598E-06 	 1.37207088E-06 
5.108300 	 90 	 8.27808811E-07 	 7.46176778E-07 
5.110400 	 90 	 1.71405732E-06 	 1.54503039E-06 
5.111500 	 90 	 1.02530041E-06 	 9.24193301E-07 
5.111900 	 90 	 8.45956822E-07 	 7.62535175E-07 
5.112200 	 90 	 1.42535888E-06 	 1.28480113E-06 
5.114400 	 90 	 1.18838264E-06 	 1.07119363E-06 
5.116400 	 90 	 1.35425556E-06 	 1.22070946E-06 
5.118400 	 90 	 1.15796864E-06 	 1.04377882E-06 
5.120300 	 90 	 6.07285399E-07 	 5.47399661E-07 
5.121500 	 90 	 1.50267533E-06 	 1.35449323E-06 
5.122300 	 90 	 4.32906133E-06 	 3.90216315E-06 
5.125300 	 90 	 1.70107067E-06 	 1.53332438E-06 
5.130300 	 90 	 2.15719803E-06 	 1.94447203E-06 
5.135300 	 90 	 2.33399124E-06 	 2.10383127E-06 
5.140000 	 90 	 5.16840023E-07 	 4.65873301E-07 
5.141400 	 90 	 1.83620012E-06 	 1.65512842E-06 
5.145300 	 90 	 1.82906395E-06 	 1.64869596E-06 
5.150400 	 90 	 8.37947048E-07 	 7.55315261E-07 
5.153200 	 90 	 4.37067139E-07 	 3.93966996E-07 
5.156200 	 90 	 2.04861638E-06 	 1.84659785E-06 
5.159500 	 90 	 1.16771164E-06 	 1.05256105E-06 
5.161500 	 90 	 5.21313294E-07 	 4.69905453E-07 
5.162500 	 90 	 3.07662823E-07 	 2.77323521E-07 
5.168500 	 90 	 2.02677937E-07 	 1.82691423E-07 
5.170900 	 90 	 6.21179047E-07 	 5.59923227E-07 
5.181500 	 90 	 1.40281978E-07 	 1.26448466E-07 
5.201300 	 90 	 7.69803042E-07 	 6.93891085E-07 
5.221500 	 90 	 8.56716768E-07 	 7.72234059E-07 
5.241500 	 90 	 1.69368043E-06 	 1.52666291E-06 
5.251000 	 90 	 6.35623813E-07 	 5.72943562E-07 
5.254600 	 90 	 1.60564266E-06 	 1.44730673E-06 
5.261600 	 90 	 5.85237091E-14 	 5.27525585E-14 
5.271400 	 90 	 7.15766654E-07 	 6.45183343E-07 
5.276500 	 90 	 1.25639686E-06 	 1.13250083E-06 
5.281500 	 90 	 2.67014315E-06 	 2.40683451E-06 
5.286500 	 90 	 2.01689627E-06 	 1.81800573E-06 
5.286500 	 90 	 1.17703470E-13 	 1.06096474E-13 
5.291300 	 90 	 4.81908617E-06 	 4.34386557E-06 
5.296500 	 90 	 9.81851360E-13 	 8.85028856E-13 
5.301700 	 90 	 1.85852841E-06 	 1.67525487E-06 
5.304400 	 90 	 1.65993892E-06 	 1.49624872E-06 
5.309200 	 90 	 1.06131309E-14 	 9.56654690E-15 
5.311200 	 90 	 5.12973474E-07 	 4.62388041E-07 
5.313900 	 90 	 6.83194555E-07 	 6.15823250E-07 
5.319700 	 90 	 9.60280898E-14 	 8.65585504E-14 
5.324400 	 90 	 1.52941942E-06 	 1.37860003E-06 
5.329000 	 90 	 5.32178460E-07 	 4.79699182E-07 
5.334300 	 90 	 1.01011558E-06 	 9.10505882E-07 
5.339200 	 90 	 2.20597456E-06 	 1.98843860E-06 
5.344400 	 90 	 1.72115091E-06 	 1.55142447E-06 
5.344400 	 90 	 8.43490862E-07 	 7.60312389E-07 
5.349000 	 90 	 2.96105120E-07 	 2.66905549E-07 
5.354200 	 90 	 1.18316063E-06 	 1.06648658E-06 
5.354400 	 90 	 7.44084613E-08 	 6.70708806E-08 
5.358400 	 90 	 1.45855940E-06 	 1.31472768E-06 
5.359800 	 90 	 8.66867631E-07 	 7.81383923E-07 
5.360100 	 90 	 1.18806662E-06 	 1.07090878E-06 
5.363600 	 90 	 9.38510288E-07 	 8.45961742E-07 
5.365100 	 90 	 4.53987246E-07 	 4.09218573E-07 
5.369400 	 90 	 2.24912207E-07 	 2.02733124E-07 
5.371300 	 90 	 8.11027138E-07 	 7.31049983E-07 
5.373400 	 90 	 1.10507292E-06 	 9.96099270E-07 
5.375400 	 90 	 2.06434727E-13 	 1.86077749E-13 
5.377500 	 90 	 5.63631631E-07 	 5.08050687E-07 
5.379500 	 90 	 3.97105952E-15 	 3.57946468E-15 
5.381200 	 90 	 1.84414101E-06 	 1.66228624E-06 
5.386300 	 90 	 4.03510137E-07 	 3.63719122E-07 
5.391600 	 90 	 4.85786042E-07 	 4.37881621E-07 
5.394400 	 90 	 8.13736238E-07 	 7.33491933E-07 
5.394800 	 90 	 1.55042590E-06 	 8.06276014E-07 
5.395400 	 90 	 5.53534570E-07 	 4.98949318E-07 
5.397500 	 90 	 7.00963590E-07 	 6.31840041E-07 
5.401400 	 90 	 1.11517566E-06 	 4.86951843E-07 
5.404600 	 90 	 3.75522584E-07 	 3.38491483E-07 
5.414900 	 90 	 2.77694779E-07 	 2.50310691E-07 
5.425600 	 90 	 9.44982447E-07 	 8.40213759E-07 
5.435900 	 90 	 4.98248487E-08 	 4.49115117E-08 
5.446900 	 90 	 5.51931009E-07 	 4.97503888E-07 
5.450800 	 90 	 1.20313447E-07 	 1.08449076E-07 
4.007500 	 75 	 7.80723415E-08 	 7.03734577E-08 
4.012500 	 75 	 1.68339439E-07 	 1.51739120E-07 
4.014400 	 75 	 3.63175494E-07 	 3.27361966E-07 
4.018500 	 75 	 2.70673019E-07 	 2.43981362E-07 
4.020600 	 75 	 2.07323089E-08 	 1.86878507E-08 
4.021500 	 75 	 1.90801041E-07 	 1.71985734E-07 
4.026600 	 75 	 2.40773006E-07 	 2.17029855E-07 
4.030600 	 75 	 1.31822441E-07 	 1.18823142E-07 
4.031400 	 75 	 2.50626063E-07 	 2.25911280E-07 
4.036500 	 75 	 1.80931776E-07 	 1.63089699E-07 
4.041500 	 75 	 3.06598960E-17 	 2.76364568E-17 
4.046600 	 75 	 2.32122991E-16 	 2.09232836E-16 
4.281500 	 75 	 1.70471010E-07 	 1.53660492E-07 
4.301600 	 75 	 4.19231792E-17 	 3.77890431E-17 
4.302600 	 75 	 6.67006049E-07 	 5.76458273E-07 
4.304700 	 75 	 1.37679314E-07 	 1.24102456E-07 
4.305700 	 75 	 9.05870079E-08 	 8.16540255E-08 
4.306600 	 75 	 1.42483044E-07 	 1.28432480E-07 
4.307700 	 75 	 2.32520140E-13 	 2.09590822E-13 
4.308700 	 75 	 2.22411717E-08 	 2.00479213E-08 
4.309600 	 75 	 2.69359847E-07 	 2.42797685E-07 
4.310600 	 75 	 9.69219182E-07 	 8.73642365E-07 
4.312600 	 75 	 2.59091227E-07 	 2.33541676E-07 
4.314600 	 75 	 2.75727213E-14 	 2.48537151E-14 
4.316700 	 75 	 1.09118316E-13 	 9.83579210E-14 
4.318700 	 75 	 1.26173612E-06 	 1.13731357E-06 
4.320800 	 75 	 2.25009240E-15 	 2.02820588E-15 
4.321500 	 75 	 8.22657540E-07 	 7.41533486E-07 
4.322700 	 75 	 1.38201015E-07 	 1.24572712E-07 
4.324600 	 75 	 5.42685388E-07 	 4.89169998E-07 
4.326600 	 75 	 9.54603119E-07 	 8.60467623E-07 
4.328700 	 75 	 4.42862753E-07 	 3.99191091E-07 
4.330700 	 75 	 2.37006540E-07 	 2.13634808E-07 
4.332700 	 75 	 2.74925297E-13 	 2.47814314E-13 
4.334500 	 75 	 2.57100969E-14 	 2.31747682E-14 
4.336700 	 75 	 2.40367169E-07 	 2.16664038E-07 
4.338600 	 75 	 4.39775037E-07 	 3.96407861E-07 
4.340600 	 75 	 2.70089397E-07 	 2.43455293E-07 
4.341600 	 75 	 2.21326486E-07 	 1.99500998E-07 
4.342700 	 75 	 1.81694617E-07 	 1.63777315E-07 
4.344700 	 75 	 7.25183749E-16 	 6.53671798E-16 
4.346700 	 75 	 1.02421957E-07 	 9.23219041E-08 
4.351500 	 75 	 7.35081505E-08 	 6.62593514E-08 
4.356400 	 75 	 2.06213745E-07 	 1.85878558E-07 
4.361500 	 75 	 1.32093142E-07 	 1.19067149E-07 
4.381600 	 75 	 5.09353007E-07 	 4.38520296E-07 
4.401600 	 75 	 3.19028696E-07 	 2.87568581E-07 
4.421500 	 75 	 3.34379813E-16 	 3.01405890E-16 
4.431700 	 75 	 1.22767636E-07 	 1.10661252E-07 
4.441700 	 75 	 2.49420602E-07 	 2.24824692E-07 
4.451500 	 75 	 6.57520372E-07 	 5.92680854E-07 
4.461400 	 75 	 3.18354013E-07 	 2.86960429E-07 
4.466500 	 75 	 6.58875331E-07 	 5.93902197E-07 
4.471600 	 75 	 9.33777691E-07 	 8.41695836E-07 
4.481500 	 75 	 1.56856552E-06 	 1.41388586E-06 
4.489500 	 75 	 3.88864060E-15 	 3.50517327E-15 
4.497600 	 75 	 3.77755992E-14 	 3.40504649E-14 
4.499700 	 75 	 2.34212233E-14 	 2.11116054E-14 
4.501600 	 75 	 1.11873276E-07 	 1.00841209E-07 
4.503700 	 75 	 1.51807301E-07 	 1.36837252E-07 
4.506500 	 75 	 7.22251825E-16 	 6.51028997E-16 
4.511500 	 75 	 6.12772708E-08 	 5.52345855E-08 
4.521700 	 75 	 2.40689365E-07 	 2.16954462E-07 
4.523700 	 75 	 7.44600480E-07 	 6.71173802E-07 
4.526600 	 75 	 3.33045112E-07 	 3.00202807E-07 
4.531600 	 75 	 5.87380218E-07 	 5.29457374E-07 
4.536700 	 75 	 2.19008407E-07 	 1.97411510E-07 
4.540900 	 75 	 1.08547384E-12 	 9.78432895E-13 
4.546600 	 75 	 3.52491118E-06 	 3.17731200E-06 
4.551700 	 75 	 4.70414436E-07 	 4.24025842E-07 
4.561300 	 75 	 4.08765818E-13 	 3.68456529E-13 
4.571700 	 75 	 1.61701085E-06 	 1.45755388E-06 
4.581600 	 75 	 2.01988676E-06 	 1.82070132E-06 
4.591500 	 75 	 1.08040554E-06 	 9.73864396E-07 
4.601600 	 75 	 5.79198591E-07 	 5.22082555E-07 
4.611800 	 75 	 1.67636563E-06 	 1.51105556E-06 
4.621500 	 75 	 4.21618463E-13 	 3.80041747E-13 
4.631700 	 75 	 1.60413542E-06 	 1.44594813E-06 
4.641400 	 75 	 9.17647554E-07 	 8.27156328E-07 
4.646700 	 75 	 5.96359123E-14 	 5.37550849E-14 
4.651500 	 75 	 3.20935050E-15 	 2.89286945E-15 
4.661500 	 75 	 1.43559331E-08 	 1.29402632E-08 
4.681600 	 75 	 2.66548642E-07 	 2.40263699E-07 
4.691700 	 75 	 1.97672039E-15 	 1.78179168E-15 
4.701400 	 75 	 2.91855478E-17 	 2.63074973E-17 
4.721500 	 75 	 2.61241626E-07 	 2.35480019E-07 
4.741500 	 75 	 5.01241303E-07 	 4.51812805E-07 
4.761500 	 75 	 5.86671171E-07 	 5.28818247E-07 
4.766700 	 75 	 7.20744330E-08 	 6.49670160E-08 
4.770400 	 75 	 4.19302182E-07 	 3.77953879E-07 
4.781500 	 75 	 4.11209154E-07 	 3.70658922E-07 
4.786500 	 75 	 3.34403446E-07 	 3.01427193E-07 
4.791700 	 75 	 5.74093980E-07 	 5.17481321E-07 
4.801600 	 75 	 1.78551926E-06 	 1.60944531E-06 
4.811400 	 75 	 1.05969156E-06 	 9.55193064E-07 
4.821500 	 75 	 6.78698550E-07 	 6.11770605E-07 
4.823700 	 75 	 7.96094266E-07 	 7.17589674E-07 
4.826800 	 75 	 4.21203440E-07 	 3.79667650E-07 
4.831600 	 75 	 6.03850495E-08 	 5.44303481E-08 
4.841400 	 75 	 4.39742749E-08 	 3.96378757E-08 
4.861500 	 75 	 1.71512427E-07 	 1.54599212E-07 
4.877800 	 75 	 1.42786316E-07 	 1.28705846E-07 
4.901400 	 75 	 1.98380735E-07 	 1.29991551E-07 
4.911400 	 75 	 2.27610953E-07 	 2.05165740E-07 
4.921600 	 75 	 4.10982584E-15 	 3.70454695E-15 
4.931500 	 75 	 2.59751883E-07 	 2.34137183E-07 
4.937700 	 75 	 5.72979985E-16 	 5.16477179E-16 
4.941700 	 75 	 7.40711829E-07 	 6.67668620E-07 
4.948400 	 75 	 2.27994153E-07 	 2.05511152E-07 
4.958200 	 75 	 3.38692871E-07 	 3.05293628E-07 
4.961800 	 75 	 1.69637818E-07 	 1.52909463E-07 
4.968300 	 75 	 7.29521612E-07 	 3.76130434E-07 
4.973400 	 75 	 3.72457520E-07 	 3.11609626E-07 
4.976200 	 75 	 5.40397493E-07 	 4.22979167E-07 
4.979400 	 75 	 3.92586716E-07 	 3.53872884E-07 
4.981500 	 75 	 2.65199044E-07 	 2.39047188E-07 
4.984300 	 75 	 5.21983687E-08 	 4.70509737E-08 
4.986100 	 75 	 3.19752033E-07 	 2.88220588E-07 
4.996200 	 75 	 1.91074509E-07 	 1.72232235E-07 
5.001600 	 75 	 7.63393158E-07 	 7.17407713E-07 
5.006200 	 75 	 4.37368898E-07 	 3.94238997E-07 
5.016100 	 75 	 2.44600880E-07 	 2.20480254E-07 
5.021500 	 75 	 3.78579440E-07 	 3.41246896E-07 
5.026300 	 75 	 4.67681481E-07 	 2.94871780E-07 
5.029200 	 75 	 1.54322775E-07 	 1.39104670E-07 
5.029400 	 75 	 2.94389508E-07 	 2.65359117E-07 
5.031300 	 75 	 9.33238269E-07 	 9.25628323E-07 
5.036300 	 75 	 4.79170475E-07 	 4.31918430E-07 
5.039300 	 75 	 3.35538704E-07 	 3.02450501E-07 
5.041600 	 75 	 8.13392366E-07 	 7.33181971E-07 
5.044300 	 75 	 4.22192880E-07 	 3.80559519E-07 
5.047400 	 75 	 4.54922637E-07 	 4.10061724E-07 
5.050200 	 75 	 6.32825757E-07 	 5.70421429E-07 
5.053500 	 75 	 5.15494604E-07 	 4.64660557E-07 
5.056300 	 75 	 2.20452683E-07 	 1.98713363E-07 
5.061500 	 75 	 1.98405240E-15 	 1.78840066E-15 
5.066300 	 75 	 3.28607482E-15 	 2.96202781E-15 
5.076400 	 75 	 4.45174997E-07 	 4.01275319E-07 
5.081400 	 75 	 4.05688439E-07 	 3.65682617E-07 
5.086000 	 75 	 3.37869072E-07 	 2.95525863E-07 
5.095700 	 75 	 6.50088671E-07 	 5.85982009E-07 
5.101500 	 75 	 1.57776625E-07 	 1.42217928E-07 
5.105200 	 75 	 6.95645877E-07 	 6.27046720E-07 
5.108300 	 75 	 5.04251096E-07 	 4.54525795E-07 
5.110400 	 75 	 4.07324566E-13 	 3.67157402E-13 
5.111500 	 75 	 2.34890106E-07 	 2.11727080E-07 
5.111900 	 75 	 2.36276921E-07 	 2.12977139E-07 
5.112200 	 75 	 4.86698704E-07 	 4.38704283E-07 
5.114400 	 75 	 8.58336758E-07 	 7.73694298E-07 
5.116400 	 75 	 3.49824983E-06 	 2.71402437E-06 
5.118400 	 75 	 3.90350154E-07 	 3.51856874E-07 
5.120300 	 75 	 1.59925611E-06 	 1.44154998E-06 
5.121500 	 75 	 1.09915887E-07 	 9.90768416E-08 
5.122300 	 75 	 1.47947426E-06 	 1.33358007E-06 
5.125300 	 75 	 2.36661791E-06 	 1.85408747E-06 
5.130300 	 75 	 1.18511262E-06 	 1.06824608E-06 
5.135300 	 75 	 1.81527571E-06 	 1.63626741E-06 
5.140000 	 75 	 5.72877698E-07 	 5.16384979E-07 
5.141400 	 75 	 1.71222324E-07 	 1.54337717E-07 
5.145300 	 75 	 3.73690814E-14 	 3.36840348E-14 
5.150400 	 75 	 9.17956184E-07 	 8.27434522E-07 
5.153200 	 75 	 9.40054167E-07 	 8.47353375E-07 
5.156200 	 75 	 2.37265579E-08 	 2.13868302E-08 
5.159500 	 75 	 1.14289079E-06 	 1.03018784E-06 
5.161500 	 75 	 6.59945171E-07 	 5.94866539E-07 
5.162500 	 75 	 1.21059957E-14 	 1.09121971E-14 
5.168500 	 75 	 5.59179984E-15 	 5.04038026E-15 
5.170900 	 75 	 1.17038016E-17 	 1.05496642E-17 
5.181500 	 75 	 2.23601895E-07 	 2.01552024E-07 
5.201300 	 75 	 5.77639372E-07 	 5.20677094E-07 
5.221500 	 75 	 2.07781239E-07 	 1.87291477E-07 
5.241500 	 75 	 1.11809762E-13 	 1.00783957E-13 
5.251000 	 75 	 1.67587037E-07 	 1.51060914E-07 
5.254600 	 75 	 1.59283906E-13 	 1.43576573E-13 
5.261600 	 75 	 8.43480134E-07 	 7.60302718E-07 
5.271400 	 75 	 5.53169230E-14 	 4.98620006E-14 
5.276500 	 75 	 2.51565358E-06 	 2.26757949E-06 
5.281500 	 75 	 1.33793737E-07 	 1.20600045E-07 
5.286500 	 75 	 5.08919499E-14 	 4.58733838E-14 
5.286500 	 75 	 2.50073340E-12 	 2.25413063E-12 
5.291300 	 75 	 4.46634735E-12 	 4.02591109E-12 
5.296500 	 75 	 9.95407819E-07 	 8.97248482E-07 
5.301700 	 75 	 6.83281647E-07 	 6.15901753E-07 
5.304400 	 75 	 1.19019266E-06 	 1.07282517E-06 
5.309200 	 75 	 2.81782253E-06 	 2.53995090E-06 
5.311200 	 75 	 1.28605103E-06 	 1.15923073E-06 
5.313900 	 75 	 1.86889032E-06 	 1.68459497E-06 
5.319700 	 75 	 5.71428017E-07 	 5.15078254E-07 
5.324400 	 75 	 1.31397745E-06 	 1.18440327E-06 
5.329000 	 75 	 4.45550479E-07 	 4.01613774E-07 
5.334300 	 75 	 8.73103263E-07 	 7.87004646E-07 
5.339200 	 75 	 9.03533289E-07 	 8.14433901E-07 
5.344400 	 75 	 7.72027993E-07 	 6.95896629E-07 
5.344400 	 75 	 9.71168124E-07 	 8.75399117E-07 
5.349000 	 75 	 8.78163852E-07 	 7.91566199E-07 
5.354200 	 75 	 7.88297705E-07 	 7.10561949E-07 
5.354400 	 75 	 4.60401116E-07 	 4.14999958E-07 
5.358400 	 75 	 3.19849606E-07 	 2.88308539E-07 
5.359800 	 75 	 6.64248403E-07 	 5.82938774E-07 
5.360100 	 75 	 4.81202385E-07 	 4.33749968E-07 
5.363600 	 75 	 3.10937650E-07 	 2.80275410E-07 
5.365100 	 75 	 1.30021754E-07 	 1.17200025E-07 
5.369400 	 75 	 2.11532903E-14 	 1.90673182E-14 
5.371300 	 75 	 8.87390418E-07 	 7.99882914E-07 
5.373400 	 75 	 5.35172236E-07 	 4.82397735E-07 
5.375400 	 75 	 7.77954767E-07 	 7.01238951E-07 
5.377500 	 75 	 3.69050116E-07 	 3.32657279E-07 
5.379500 	 75 	 6.00981801E-07 	 5.41717675E-07 
5.381200 	 75 	 1.98837704E-16 	 1.79229884E-16 
5.386300 	 75 	 6.28732121E-07 	 5.66731475E-07 
5.391600 	 75 	 2.04261121E-07 	 1.84118486E-07 
5.394400 	 75 	 2.63951900E-07 	 2.37923027E-07 
5.394800 	 75 	 6.56645637E-07 	 6.01362706E-07 
5.395400 	 75 	 5.28788234E-07 	 3.69622023E-07 
5.397500 	 75 	 3.69643562E-19 	 3.33192204E-19 
5.401400 	 75 	 6.90180568E-07 	 2.30198267E-07 
5.404600 	 75 	 7.53425796E-08 	 6.79128835E-08 
5.414900 	 75 	 1.34970169E-07 	 1.21660466E-07 
5.425600 	 75 	 3.80837657E-07 	 3.25834428E-07 
5.435900 	 75 	 3.54731309E-07 	 2.46483464E-07 
5.446900 	 75 	 3.52941071E-07 	 2.51401483E-07 
5.450800 	 75 	 3.17156768E-07 	 2.42883679E-07 
4.007500 	 60 	 2.19580908E-08 	 1.97927556E-08 
4.012500 	 60 	 3.21817570E-07 	 2.90082438E-07 
4.014400 	 60 	 7.84822819E-08 	 7.07429729E-08 
4.018500 	 60 	 2.61587752E-13 	 2.35792013E-13 
4.020600 	 60 	 6.39901704E-07 	 5.12010708E-07 
4.021500 	 60 	 4.90593327E-07 	 4.42214849E-07 
4.026600 	 60 	 1.82028828E-08 	 1.64078568E-08 
4.030600 	 60 	 1.29298952E-07 	 1.16548500E-07 
4.031400 	 60 	 1.81549273E-07 	 1.63646303E-07 
4.036500 	 60 	 7.51340608E-09 	 6.77249272E-09 
4.041500 	 60 	 3.66500204E-15 	 3.30358820E-15 
4.046600 	 60 	 5.53143863E-08 	 4.98597140E-08 
4.281500 	 60 	 6.21958687E-08 	 5.60625984E-08 
4.301600 	 60 	 2.16037448E-06 	 1.94733524E-06 
4.302600 	 60 	 1.94210715E-15 	 1.75059173E-15 
4.304700 	 60 	 1.36314062E-07 	 1.22871835E-07 
4.305700 	 60 	 1.02197661E-07 	 9.21197266E-08 
4.306600 	 60 	 6.52493802E-15 	 5.88149965E-15 
4.307700 	 60 	 5.44744480E-07 	 4.91026038E-07 
4.308700 	 60 	 7.86649628E-14 	 7.09076392E-14 
4.309600 	 60 	 8.18625465E-07 	 7.37899022E-07 
4.310600 	 60 	 1.83888057E-07 	 1.65754454E-07 
4.312600 	 60 	 3.94159709E-14 	 3.55290760E-14 
4.314600 	 60 	 8.22632815E-07 	 7.41511199E-07 
4.316700 	 60 	 1.70506391E-12 	 1.53692384E-12 
4.318700 	 60 	 3.65800127E-07 	 3.29727778E-07 
4.320800 	 60 	 9.37902310E-07 	 8.45413718E-07 
4.321500 	 60 	 4.93349099E-07 	 4.44698869E-07 
4.322700 	 60 	 1.95372328E-15 	 1.76106237E-15 
4.324600 	 60 	 8.01110098E-07 	 7.22110884E-07 
4.326600 	 60 	 1.38476456E-06 	 1.24820990E-06 
4.328700 	 60 	 4.50972141E-08 	 4.06500795E-08 
4.330700 	 60 	 8.22780591E-07 	 7.41644402E-07 
4.332700 	 60 	 1.72930182E-06 	 1.55877160E-06 
4.334500 	 60 	 5.99804873E-07 	 5.40656806E-07 
4.336700 	 60 	 2.83948602E-07 	 2.55947811E-07 
4.338600 	 60 	 7.08011164E-07 	 6.38192639E-07 
4.340600 	 60 	 2.61393984E-07 	 2.35617353E-07 
4.341600 	 60 	 1.54716802E-13 	 1.39459841E-13 
4.342700 	 60 	 1.00006363E-07 	 9.01445170E-08 
4.344700 	 60 	 1.93634778E-07 	 1.74540030E-07 
4.346700 	 60 	 1.49920069E-07 	 1.35136124E-07 
4.351500 	 60 	 4.49200510E-07 	 4.04903868E-07 
4.356400 	 60 	 4.26099204E-07 	 3.84080632E-07 
4.361500 	 60 	 1.35481035E-14 	 1.22120955E-14 
4.381600 	 60 	 2.42019256E-07 	 2.18153209E-07 
4.401600 	 60 	 1.23007583E-14 	 1.10877537E-14 
4.421500 	 60 	 2.87282848E-07 	 2.58953260E-07 
4.431700 	 60 	 1.90195467E-07 	 1.71439877E-07 
4.441700 	 60 	 4.04572964E-07 	 3.64677142E-07 
4.451500 	 60 	 3.23560366E-07 	 2.91653373E-07 
4.461400 	 60 	 1.04613574E-13 	 9.42974012E-14 
4.466500 	 60 	 6.38954413E-07 	 5.75945725E-07 
4.471600 	 60 	 5.29480451E-07 	 4.77267229E-07 
4.481500 	 60 	 5.65757465E-07 	 5.09966887E-07 
4.489500 	 60 	 1.47452915E-16 	 1.32912261E-16 
4.497600 	 60 	 1.50711232E-06 	 1.35849269E-06 
4.499700 	 60 	 4.73464547E-07 	 4.26775176E-07 
4.501600 	 60 	 6.00322957E-07 	 5.41123801E-07 
4.503700 	 60 	 3.19227824E-07 	 2.87748072E-07 
4.506500 	 60 	 2.33099738E-07 	 2.10113264E-07 
4.511500 	 60 	 1.62886536E-07 	 1.46823939E-07 
4.521700 	 60 	 1.76499449E-07 	 1.59094454E-07 
4.523700 	 60 	 2.32051398E-07 	 2.09168304E-07 
4.526600 	 60 	 2.07572921E-07 	 1.87103702E-07 
4.531600 	 60 	 4.65767627E-07 	 4.19837265E-07 
4.536700 	 60 	 4.98341642E-12 	 4.49199086E-12 
4.540900 	 60 	 1.53952540E-07 	 1.38770945E-07 
4.546600 	 60 	 1.21158086E-12 	 1.09210422E-12 
4.551700 	 60 	 1.59473796E-06 	 1.43747737E-06 
4.561300 	 60 	 1.43093466E-06 	 1.28982707E-06 
4.571700 	 60 	 2.15272522E-06 	 1.94044029E-06 
4.581600 	 60 	 1.67742765E-06 	 1.51201285E-06 
4.591500 	 60 	 1.74962629E-06 	 1.57709183E-06 
4.601600 	 60 	 5.83136025E-07 	 5.25631710E-07 
4.611800 	 60 	 3.15293383E-07 	 2.84201615E-07 
4.621500 	 60 	 2.85796736E-06 	 2.57613696E-06 
4.631700 	 60 	 6.33823657E-07 	 5.71320923E-07 
4.641400 	 60 	 9.20658802E-07 	 8.29870629E-07 
4.646700 	 60 	 4.73550629E-08 	 4.26852768E-08 
4.651500 	 60 	 2.89397986E-07 	 2.60859820E-07 
4.661500 	 60 	 8.72089446E-07 	 7.86090803E-07 
4.681600 	 60 	 6.38667494E-07 	 5.75687099E-07 
4.691700 	 60 	 1.77012573E-07 	 1.59556977E-07 
4.701400 	 60 	 3.72793602E-07 	 3.36031612E-07 
4.721500 	 60 	 4.18857962E-07 	 3.54603244E-07 
4.741500 	 60 	 2.24594132E-07 	 2.02446415E-07 
4.761500 	 60 	 3.58776139E-07 	 3.23396441E-07 
4.766700 	 60 	 7.96384498E-15 	 7.17851286E-15 
4.770400 	 60 	 4.92258603E-07 	 4.43715908E-07 
4.781500 	 60 	 1.01123876E-06 	 9.11518302E-07 
4.786500 	 60 	 4.93985106E-07 	 4.45272157E-07 
4.791700 	 60 	 1.70422667E-06 	 1.53616916E-06 
4.801600 	 60 	 7.60720310E-07 	 6.85704021E-07 
4.811400 	 60 	 8.67870879E-07 	 7.82288239E-07 
4.821500 	 60 	 1.33024248E-06 	 1.19906437E-06 
4.823700 	 60 	 4.09541551E-07 	 3.69155766E-07 
4.826800 	 60 	 2.66031152E-07 	 2.39797240E-07 
4.831600 	 60 	 1.70087207E-07 	 1.53314537E-07 
4.841400 	 60 	 4.62036811E-07 	 3.37960453E-07 
4.861500 	 60 	 5.53291706E-08 	 4.98730404E-08 
4.877800 	 60 	 1.17691177E-07 	 1.06085393E-07 
4.901400 	 60 	 2.12705528E-07 	 1.65467728E-07 
4.911400 	 60 	 4.51306913E-07 	 4.06802554E-07 
4.921600 	 60 	 1.00433146E-07 	 9.05292145E-08 
4.931500 	 60 	 3.66282116E-07 	 3.30162238E-07 
4.937700 	 60 	 5.83905128E-07 	 3.26339554E-07 
4.941700 	 60 	 5.94318357E-07 	 5.35711328E-07 
4.948400 	 60 	 5.67634610E-07 	 4.26918749E-07 
4.958200 	 60 	 3.73394094E-07 	 3.05711550E-07 
4.961800 	 60 	 2.63204931E-07 	 2.37249719E-07 
4.968300 	 60 	 8.37938890E-07 	 4.07190489E-07 
4.973400 	 60 	 9.00113185E-07 	 4.11025765E-07 
4.976200 	 60 	 7.28303462E-07 	 4.91882583E-07 
4.979400 	 60 	 7.73735178E-07 	 5.58719278E-07 
4.981500 	 60 	 3.41316593E-07 	 3.07658619E-07 
4.984300 	 60 	 3.89186083E-07 	 3.20748355E-07 
4.986100 	 60 	 4.04609908E-07 	 3.64710443E-07 
4.996200 	 60 	 3.41412446E-07 	 3.07745020E-07 
5.001600 	 60 	 3.56373983E-07 	 3.21231167E-07 
5.006200 	 60 	 4.23537648E-07 	 2.77107277E-07 
5.016100 	 60 	 5.77403336E-07 	 4.40286258E-07 
5.021500 	 60 	 5.14377779E-07 	 4.63653865E-07 
5.026300 	 60 	 7.93722809E-07 	 3.60428748E-07 
5.029200 	 60 	 4.98598704E-07 	 3.92365153E-07 
5.029400 	 60 	 9.76465361E-08 	 8.80173982E-08 
5.031300 	 60 	 8.45873766E-08 	 7.62460309E-08 
5.036300 	 60 	 5.99014502E-07 	 5.39944375E-07 
5.039300 	 60 	 9.18062052E-07 	 8.27529951E-07 
5.041600 	 60 	 2.30866871E-07 	 2.08100586E-07 
5.044300 	 60 	 3.60391313E-07 	 3.24852339E-07 
5.047400 	 60 	 2.37697543E-07 	 2.14257670E-07 
5.050200 	 60 	 6.37092562E-07 	 5.74267475E-07 
5.053500 	 60 	 1.08062033E-06 	 9.74058001E-07 
5.056300 	 60 	 7.76876881E-07 	 7.00267358E-07 
5.061500 	 60 	 1.83287504E-16 	 1.65213123E-16 
5.066300 	 60 	 7.34638344E-07 	 6.62194055E-07 
5.076400 	 60 	 7.47222605E-07 	 6.73537354E-07 
5.081400 	 60 	 7.44475528E-07 	 7.32198623E-07 
5.086000 	 60 	 8.36893507E-07 	 6.74982378E-07 
5.095700 	 60 	 1.13844018E-06 	 5.63942286E-07 
5.101500 	 60 	 5.12863260E-08 	 4.62288696E-08 
5.105200 	 60 	 5.89431090E-07 	 5.31306004E-07 
5.108300 	 60 	 6.49245470E-07 	 5.85221958E-07 
5.110400 	 60 	 6.26804158E-07 	 5.64993633E-07 
5.111500 	 60 	 1.44718156E-14 	 1.30447183E-14 
5.111900 	 60 	 5.83137742E-07 	 5.25633257E-07 
5.112200 	 60 	 5.13784060E-07 	 4.63118693E-07 
5.114400 	 60 	 2.48524321E-06 	 2.24016796E-06 
5.116400 	 60 	 1.51525411E-06 	 1.36583159E-06 
5.118400 	 60 	 6.30217311E-07 	 5.68070208E-07 
5.120300 	 60 	 4.31771421E-06 	 2.56732337E-06 
5.121500 	 60 	 9.24111799E-07 	 8.32983119E-07 
5.122300 	 60 	 7.37529703E-07 	 6.64800290E-07 
5.125300 	 60 	 6.57306169E-07 	 5.92487774E-07 
5.130300 	 60 	 2.80567859E-06 	 1.71757608E-06 
5.135300 	 60 	 1.02281150E-06 	 9.21949828E-07 
5.140000 	 60 	 1.85847617E-06 	 1.41112118E-06 
5.141400 	 60 	 8.15010393E-07 	 7.34640440E-07 
5.145300 	 60 	 8.40793115E-07 	 7.57880672E-07 
5.150400 	 60 	 4.93687732E-07 	 4.45004108E-07 
5.153200 	 60 	 6.09585563E-08 	 5.49473001E-08 
5.156200 	 60 	 3.73296930E-07 	 3.36485306E-07 
5.159500 	 60 	 1.39460857E-06 	 1.30306769E-06 
5.161500 	 60 	 6.35172980E-07 	 5.72537187E-07 
5.162500 	 60 	 1.38078969E-06 	 9.46552785E-07 
5.168500 	 60 	 7.55701761E-07 	 6.81180362E-07 
5.170900 	 60 	 8.11164681E-07 	 7.46508033E-07 
5.181500 	 60 	 4.63922262E-07 	 4.18173876E-07 
5.201300 	 60 	 7.47337072E-07 	 4.73787864E-07 
5.221500 	 60 	 1.09851228E-06 	 5.56407358E-07 
5.241500 	 60 	 1.45109943E-06 	 1.26595609E-06 
5.251000 	 60 	 5.94144858E-07 	 5.35554938E-07 
5.254600 	 60 	 1.18497663E-06 	 1.06812350E-06 
5.261600 	 60 	 6.89152428E-07 	 6.21193604E-07 
5.271400 	 60 	 4.07372087E-07 	 3.67200237E-07 
5.276500 	 60 	 2.62763949E-06 	 2.36852223E-06 
5.281500 	 60 	 6.36684056E-07 	 5.73899252E-07 
5.286500 	 60 	 1.19587947E-06 	 1.07795118E-06 
5.286500 	 60 	 4.35852418E-13 	 3.92872060E-13 
5.291300 	 60 	 9.98938046E-07 	 9.00430587E-07 
5.296500 	 60 	 2.56897568E-06 	 2.31564338E-06 
5.301700 	 60 	 4.56074087E-07 	 4.11099626E-07 
5.304400 	 60 	 4.62007265E-07 	 4.16447721E-07 
5.309200 	 60 	 1.71247502E-06 	 1.54360413E-06 
5.311200 	 60 	 3.09607944E-06 	 2.79076829E-06 
5.313900 	 60 	 8.34405918E-07 	 7.52123330E-07 
5.319700 	 60 	 2.26516839E-06 	 2.04179520E-06 
5.324400 	 60 	 2.16227904E-06 	 1.94905199E-06 
5.329000 	 60 	 6.99393858E-07 	 6.30425104E-07 
5.334300 	 60 	 1.05744032E-06 	 9.53163822E-07 
5.339200 	 60 	 7.79345006E-07 	 7.02492095E-07 
5.344400 	 60 	 6.48959851E-07 	 5.84964505E-07 
5.344400 	 60 	 1.03894763E-06 	 9.36494742E-07 
5.349000 	 60 	 1.10513714E-06 	 9.96157152E-07 
5.354200 	 60 	 7.48413124E-07 	 6.74610473E-07 
5.354400 	 60 	 7.71865623E-07 	 6.95750270E-07 
5.358400 	 60 	 8.80400895E-07 	 7.93582643E-07 
5.359800 	 60 	 1.27659889E-06 	 7.43007969E-07 
5.360100 	 60 	 7.35909837E-07 	 6.46516931E-07 
5.363600 	 60 	 2.41121937E-14 	 2.17344377E-14 
5.365100 	 60 	 4.58021668E-07 	 4.12855152E-07 
5.369400 	 60 	 1.36732406E-06 	 1.23248925E-06 
5.371300 	 60 	 1.08978176E-06 	 9.82316001E-07 
5.373400 	 60 	 1.11562887E-06 	 1.00561427E-06 
5.375400 	 60 	 9.38692238E-07 	 8.46125749E-07 
5.377500 	 60 	 1.27730410E-06 	 1.15134636E-06 
5.379500 	 60 	 6.44111514E-07 	 5.80594272E-07 
5.381200 	 60 	 2.35633697E-06 	 1.78918489E-06 
5.386300 	 60 	 2.61244210E-07 	 2.35482349E-07 
5.391600 	 60 	 1.18629140E-06 	 6.58277665E-07 
5.394400 	 60 	 1.13412464E-06 	 4.26841249E-07 
5.394800 	 60 	 6.68693044E-07 	 3.30431034E-07 
5.395400 	 60 	 1.01194076E-06 	 3.02956088E-07 
5.397500 	 60 	 8.74824397E-07 	 2.71634050E-07 
5.401400 	 60 	 1.67227778E-06 	 2.56599905E-07 
5.404600 	 60 	 7.54356180E-07 	 3.41357768E-07 
5.414900 	 60 	 1.32105457E-07 	 1.19078250E-07 
5.425600 	 60 	 7.15647863E-07 	 2.78567658E-07 
5.435900 	 60 	 4.31963442E-07 	 2.44693020E-07 
5.446900 	 60 	 1.23621398E-06 	 3.24077902E-07 
5.450800 	 60 	 8.97161898E-07 	 3.63444903E-07 
