3.996000 	 0 	 1.00743400E-11 	 3.84447533E-12 
4.001000 	 0 	 1.76792155E-11 	 7.44196965E-12 
4.002900 	 0 	 2.91178052E-11 	 1.09884338E-11 
4.007000 	 0 	 5.24347552E-11 	 2.05367436E-11 
4.009100 	 0 	 4.44165710E-11 	 1.76457761E-11 
4.010000 	 0 	 3.71924694E-11 	 1.46077586E-11 
4.015100 	 0 	 5.18033695E-11 	 2.13380467E-11 
4.019100 	 0 	 6.23468366E-11 	 2.61265398E-11 
4.019900 	 0 	 3.44991739E-11 	 1.64422485E-11 
4.025000 	 0 	 5.01947747E-11 	 1.95299187E-11 
4.030000 	 0 	 3.40041956E-11 	 1.34207575E-11 
4.035100 	 0 	 3.64237593E-11 	 1.42284028E-11 
4.270000 	 0 	 4.23100247E-11 	 1.60106441E-11 
4.290100 	 0 	 3.21068131E-11 	 1.43292883E-11 
4.291100 	 0 	 7.02719219E-11 	 2.89467513E-11 
4.293200 	 0 	 7.92211350E-11 	 3.12224744E-11 
4.294200 	 0 	 7.34656307E-11 	 2.69885401E-11 
4.295100 	 0 	 9.88343751E-11 	 4.00708226E-11 
4.296200 	 0 	 5.19387027E-11 	 2.27364259E-11 
4.297200 	 0 	 1.27566554E-10 	 4.95976239E-11 
4.298100 	 0 	 2.77182086E-10 	 1.07049993E-10 
4.299100 	 0 	 4.81824269E-10 	 1.91312368E-10 
4.301100 	 0 	 7.21022991E-10 	 2.94983266E-10 
4.303100 	 0 	 7.37854796E-10 	 2.81122340E-10 
4.305200 	 0 	 7.73132249E-10 	 2.90184281E-10 
4.307200 	 0 	 6.36653185E-10 	 2.38921916E-10 
4.309300 	 0 	 6.27341184E-10 	 2.40571006E-10 
4.310000 	 0 	 6.86231999E-10 	 2.64985829E-10 
4.311200 	 0 	 7.02566467E-10 	 2.74339148E-10 
4.313100 	 0 	 5.96181018E-10 	 2.31990255E-10 
4.315100 	 0 	 5.40096823E-10 	 2.08404998E-10 
4.319200 	 0 	 5.16306832E-10 	 2.05805037E-10 
4.321200 	 0 	 5.34779649E-10 	 2.07599304E-10 
4.323000 	 0 	 5.32989935E-10 	 2.09051688E-10 
4.325200 	 0 	 4.72409046E-10 	 1.89579370E-10 
4.327100 	 0 	 3.46992970E-10 	 1.41749390E-10 
4.329100 	 0 	 2.31318025E-10 	 9.30135145E-11 
4.330100 	 0 	 3.60649596E-10 	 1.42897523E-10 
4.331200 	 0 	 1.85475055E-10 	 7.33776598E-11 
4.333200 	 0 	 1.30018060E-10 	 5.23518302E-11 
4.335200 	 0 	 6.35284112E-11 	 2.50973075E-11 
4.340000 	 0 	 5.55062169E-11 	 2.22099698E-11 
4.344900 	 0 	 4.71167063E-11 	 2.09618321E-11 
4.350000 	 0 	 3.07831004E-11 	 1.27812111E-11 
4.370100 	 0 	 6.59131695E-11 	 2.58414678E-11 
4.390100 	 0 	 9.40981788E-11 	 3.72021012E-11 
4.410000 	 0 	 1.08356138E-10 	 4.34581140E-11 
4.420200 	 0 	 1.76111686E-10 	 6.93962684E-11 
4.430200 	 0 	 2.02635261E-10 	 7.79512245E-11 
4.440000 	 0 	 3.50018538E-10 	 1.39815375E-10 
4.449900 	 0 	 6.09959367E-10 	 2.33180187E-10 
4.455000 	 0 	 1.40768569E-09 	 5.48740151E-10 
4.460100 	 0 	 2.08042979E-09 	 8.05384517E-10 
4.470000 	 0 	 2.33320838E-09 	 9.05574032E-10 
4.478000 	 0 	 1.67604369E-09 	 6.53675633E-10 
4.486100 	 0 	 8.46604176E-10 	 3.27587808E-10 
4.488200 	 0 	 6.14868535E-10 	 2.33510166E-10 
4.490100 	 0 	 8.89594431E-10 	 3.44303275E-10 
4.492200 	 0 	 3.20325142E-10 	 1.27210289E-10 
4.495000 	 0 	 2.42053445E-10 	 9.28459659E-11 
4.500000 	 0 	 1.39195690E-10 	 5.26832121E-11 
4.510200 	 0 	 9.55855430E-11 	 3.97110805E-11 
4.512200 	 0 	 1.63419473E-10 	 6.69205568E-11 
4.515100 	 0 	 4.36299910E-10 	 1.69501996E-10 
4.520100 	 0 	 6.75273100E-10 	 2.62640743E-10 
4.525200 	 0 	 1.23954749E-09 	 4.76062520E-10 
4.529400 	 0 	 1.40319157E-09 	 5.38638596E-10 
4.535100 	 0 	 2.14095135E-09 	 8.40892184E-10 
4.540200 	 0 	 2.45442355E-09 	 9.47782133E-10 
4.549800 	 0 	 3.73774059E-09 	 1.42805068E-09 
4.560200 	 0 	 5.85828703E-09 	 2.26096567E-09 
4.570100 	 0 	 5.39014675E-09 	 2.07304690E-09 
4.580000 	 0 	 2.60361961E-09 	 1.02666337E-09 
4.590100 	 0 	 1.34178095E-09 	 5.16544661E-10 
4.600300 	 0 	 1.01765353E-09 	 3.92604161E-10 
4.610000 	 0 	 2.46592146E-09 	 9.34363107E-10 
4.620200 	 0 	 2.50892585E-09 	 9.77827403E-10 
4.629900 	 0 	 2.02451776E-09 	 7.84123939E-10 
4.635200 	 0 	 1.14613372E-09 	 4.39120946E-10 
4.640000 	 0 	 6.88374597E-10 	 2.62596499E-10 
4.650000 	 0 	 6.59602275E-10 	 2.50333341E-10 
4.670100 	 0 	 3.79846137E-10 	 1.44037693E-10 
4.680200 	 0 	 2.28210547E-10 	 8.97195681E-11 
4.689900 	 0 	 1.63052973E-10 	 7.03212554E-11 
4.710000 	 0 	 1.64605315E-10 	 6.43539345E-11 
4.730000 	 0 	 1.13829382E-10 	 4.70283756E-11 
4.750000 	 0 	 1.87687509E-10 	 7.57300673E-11 
4.755200 	 0 	 3.64110392E-10 	 1.35747117E-10 
4.758900 	 0 	 3.96566510E-10 	 1.48320086E-10 
4.770000 	 0 	 4.99770847E-10 	 1.90702496E-10 
4.775000 	 0 	 6.29020327E-10 	 2.42717548E-10 
4.780200 	 0 	 1.05730175E-09 	 4.00201211E-10 
4.790100 	 0 	 1.29606844E-09 	 4.93410767E-10 
4.799900 	 0 	 1.23080964E-09 	 4.68409084E-10 
4.810000 	 0 	 5.72533780E-10 	 2.11858472E-10 
4.812200 	 0 	 3.17039815E-10 	 1.22533347E-10 
4.815300 	 0 	 2.76273910E-10 	 1.09801269E-10 
4.820100 	 0 	 1.77738163E-10 	 7.12164227E-11 
4.829900 	 0 	 1.39799920E-10 	 5.31500426E-11 
4.850000 	 0 	 1.43976118E-10 	 5.60850116E-11 
4.866300 	 0 	 1.57564805E-10 	 6.04466447E-11 
4.889900 	 0 	 2.54428079E-10 	 1.00767106E-10 
4.899900 	 0 	 3.93296331E-10 	 1.50635729E-10 
4.910100 	 0 	 4.87445342E-10 	 1.87045736E-10 
4.920000 	 0 	 7.33606085E-10 	 2.79920075E-10 
4.926200 	 0 	 7.69923881E-10 	 2.93662495E-10 
4.930200 	 0 	 7.49398022E-10 	 2.87620923E-10 
4.936900 	 0 	 9.22973232E-10 	 3.51230966E-10 
4.946700 	 0 	 1.09032564E-09 	 4.11767005E-10 
4.950300 	 0 	 1.14027739E-09 	 4.39178275E-10 
4.956800 	 0 	 1.22853193E-09 	 4.67759763E-10 
4.961900 	 0 	 1.20253091E-09 	 4.58664658E-10 
4.964700 	 0 	 1.26153316E-09 	 4.77842940E-10 
4.967900 	 0 	 1.26302549E-09 	 4.83123841E-10 
4.970000 	 0 	 1.25657372E-09 	 4.79069626E-10 
4.972800 	 0 	 1.19499615E-09 	 4.56523946E-10 
4.974600 	 0 	 1.19509734E-09 	 4.55117945E-10 
4.984700 	 0 	 1.01382600E-09 	 3.84913412E-10 
4.990100 	 0 	 9.18156408E-10 	 3.50045742E-10 
4.994700 	 0 	 8.07627484E-10 	 3.08781442E-10 
5.004600 	 0 	 6.60690401E-10 	 2.52911889E-10 
5.010000 	 0 	 6.06256339E-10 	 2.30003507E-10 
5.014800 	 0 	 6.54208606E-10 	 2.52769479E-10 
5.017700 	 0 	 6.51228828E-10 	 2.49801145E-10 
5.017900 	 0 	 5.97114966E-10 	 2.29032477E-10 
5.019800 	 0 	 7.43990699E-10 	 2.84728010E-10 
5.024800 	 0 	 9.22722443E-10 	 3.52934770E-10 
5.027800 	 0 	 9.95674645E-10 	 3.81053344E-10 
5.030100 	 0 	 1.03206447E-09 	 3.92655192E-10 
5.032800 	 0 	 1.13815033E-09 	 4.34086699E-10 
5.035900 	 0 	 1.23415184E-09 	 4.64411164E-10 
5.038700 	 0 	 1.35742835E-09 	 5.16886055E-10 
5.042000 	 0 	 1.34201018E-09 	 5.06573399E-10 
5.044800 	 0 	 1.19082296E-09 	 4.54048054E-10 
5.050000 	 0 	 1.06746007E-09 	 4.00161544E-10 
5.054800 	 0 	 8.19479491E-10 	 3.11917786E-10 
5.064900 	 0 	 5.67328346E-10 	 2.15755211E-10 
5.069900 	 0 	 5.39631225E-10 	 2.06852047E-10 
5.074500 	 0 	 4.17295993E-10 	 1.60847994E-10 
5.084200 	 0 	 3.41433932E-10 	 1.30547140E-10 
5.090000 	 0 	 3.39231309E-10 	 1.28553896E-10 
5.093700 	 0 	 6.93719357E-10 	 2.63033111E-10 
5.096800 	 0 	 1.27106700E-09 	 4.79907122E-10 
5.098900 	 0 	 1.45289759E-09 	 5.49959196E-10 
5.100000 	 0 	 1.42673906E-09 	 5.40832179E-10 
5.100400 	 0 	 1.45308533E-09 	 5.50105698E-10 
5.100700 	 0 	 1.38539577E-09 	 5.27162185E-10 
5.102900 	 0 	 1.74035311E-09 	 6.54110007E-10 
5.104900 	 0 	 1.80218837E-09 	 6.77940338E-10 
5.106900 	 0 	 1.84883536E-09 	 7.03413514E-10 
5.108800 	 0 	 1.91969538E-09 	 7.25732307E-10 
5.110000 	 0 	 1.83183675E-09 	 6.85923459E-10 
5.110800 	 0 	 1.70731842E-09 	 6.43496873E-10 
5.113800 	 0 	 1.71727395E-09 	 6.42043746E-10 
5.118800 	 0 	 1.53953518E-09 	 5.86625126E-10 
5.123800 	 0 	 1.22458220E-09 	 4.66898716E-10 
5.128500 	 0 	 8.77301824E-10 	 3.32012552E-10 
5.129900 	 0 	 9.88899180E-10 	 3.80087960E-10 
5.133800 	 0 	 7.53467773E-10 	 2.83764293E-10 
5.138900 	 0 	 8.88758439E-10 	 3.39662870E-10 
5.141700 	 0 	 8.09023134E-10 	 3.07443794E-10 
5.144700 	 0 	 7.44005910E-10 	 2.79013343E-10 
5.148000 	 0 	 8.07265649E-10 	 3.03006151E-10 
5.150000 	 0 	 8.02048167E-10 	 3.07591782E-10 
5.151000 	 0 	 7.78828340E-10 	 2.97252030E-10 
5.157000 	 0 	 6.96712372E-10 	 2.66459098E-10 
5.159400 	 0 	 6.46893307E-10 	 2.41459264E-10 
5.170000 	 0 	 3.92173840E-10 	 1.45381859E-10 
5.189800 	 0 	 3.35101574E-10 	 1.31068310E-10 
5.210000 	 0 	 3.28862813E-10 	 1.25845801E-10 
5.230000 	 0 	 3.54876565E-10 	 1.36004087E-10 
5.239500 	 0 	 5.30765212E-10 	 2.02633597E-10 
5.243100 	 0 	 5.48566883E-10 	 2.03785257E-10 
5.250100 	 0 	 6.48724324E-10 	 2.43427244E-10 
5.259900 	 0 	 1.04077459E-09 	 4.00145877E-10 
5.265000 	 0 	 1.33273940E-09 	 5.02896214E-10 
5.270000 	 0 	 1.46604055E-09 	 5.55664247E-10 
5.275000 	 0 	 1.77975132E-09 	 4.73324731E-10 
5.279800 	 0 	 2.49206642E-09 	 9.43762120E-10 
5.285000 	 0 	 2.83666811E-09 	 1.06692885E-09 
5.290200 	 0 	 3.76324804E-09 	 1.43422370E-09 
5.292900 	 0 	 4.30710997E-09 	 1.63686172E-09 
5.297700 	 0 	 4.17544364E-09 	 1.57163390E-09 
5.299700 	 0 	 4.17902634E-09 	 1.59048990E-09 
5.302400 	 0 	 3.87597009E-09 	 1.46882820E-09 
5.308200 	 0 	 3.47156142E-09 	 1.30223735E-09 
5.312900 	 0 	 3.30803074E-09 	 1.24981370E-09 
5.317500 	 0 	 2.86531487E-09 	 1.07893981E-09 
5.322800 	 0 	 2.33842899E-09 	 8.83670917E-10 
5.327700 	 0 	 2.09190193E-09 	 7.89996126E-10 
5.332900 	 0 	 1.69683520E-09 	 4.56696175E-10 
5.337500 	 0 	 1.28012725E-09 	 4.82007320E-10 
5.342700 	 0 	 9.00233372E-10 	 3.42003362E-10 
5.342900 	 0 	 9.45159235E-10 	 3.56817899E-10 
5.346900 	 0 	 7.68610643E-10 	 2.96091051E-10 
5.348300 	 0 	 7.48719648E-10 	 2.85080643E-10 
5.348600 	 0 	 7.36335490E-10 	 2.82443285E-10 
5.352100 	 0 	 9.90146645E-10 	 3.76529599E-10 
5.353600 	 0 	 8.53402136E-10 	 3.21648402E-10 
5.357900 	 0 	 1.15513755E-09 	 4.32470064E-10 
5.359800 	 0 	 1.06729586E-09 	 3.98415031E-10 
5.361900 	 0 	 1.07120646E-09 	 4.08862283E-10 
5.363900 	 0 	 1.04054203E-09 	 3.97792451E-10 
5.366000 	 0 	 1.03074334E-09 	 3.93799470E-10 
5.368000 	 0 	 9.27935023E-10 	 3.51003465E-10 
5.369700 	 0 	 9.79724269E-10 	 3.67141292E-10 
5.374800 	 0 	 5.75647130E-10 	 2.17972959E-10 
5.380100 	 0 	 2.39296040E-10 	 9.31384267E-11 
5.382900 	 0 	 1.75853301E-10 	 7.03529828E-11 
5.383300 	 0 	 2.58096683E-10 	 9.89823930E-11 
5.383900 	 0 	 1.97397583E-10 	 7.49000200E-11 
5.386000 	 0 	 1.76122864E-10 	 6.81582266E-11 
5.389900 	 0 	 1.62210879E-10 	 6.21649875E-11 
5.393100 	 0 	 1.86475947E-10 	 7.38586591E-11 
5.403400 	 0 	 1.52621909E-10 	 6.10689339E-11 
5.414100 	 0 	 2.03629932E-10 	 7.94149099E-11 
5.424400 	 0 	 1.93126085E-10 	 7.39391125E-11 
5.435400 	 0 	 2.07368915E-10 	 7.93801027E-11 
5.439300 	 0 	 2.11093264E-10 	 8.27559380E-11 
