3.996021 	 0 	 97029808354935.34375000 	 3006328726777.88085938 
4.000967 	 0 	 150731022000998.53125000 	 4588066865443.54785156 
4.002940 	 0 	 180019726615134.81250000 	 5235007684985.42382812 
4.006972 	 0 	 253239386062493.46875000 	 6913554095054.61621094 
4.009086 	 0 	 270399961672894.09375000 	 7705778754731.32519531 
4.010032 	 0 	 272326133516420.59375000 	 7744900288778.03125000 
4.015070 	 0 	 311591131380740.87500000 	 8098244398176.95800781 
4.019108 	 0 	 305457218167791.56250000 	 7750463791125.87792969 
4.019916 	 0 	 278839387142261.09375000 	 7676140182246.70410156 
4.025044 	 0 	 277292242135556.21875000 	 7662924291505.44042969 
4.029979 	 0 	 237256185134062.81250000 	 6464595962786.37304688 
4.035141 	 0 	 181041625035068.65625000 	 5221436047364.42187500 
4.269958 	 0 	 103706972833203.29687500 	 3554871198437.41406250 
4.290051 	 0 	 147842849938236.09375000 	 4683988826501.25097656 
4.291116 	 0 	 202750495594597.65625000 	 6263195641214.23144531 
4.293189 	 0 	 237116038304677.21875000 	 7034388627257.50390625 
4.294196 	 0 	 279992176759526.90625000 	 8144172290849.93750000 
4.295147 	 0 	 336998402462735.87500000 	 9355380661346.93750000 
4.296155 	 0 	 378266256901486.00000000 	 10640614550221.39062500 
4.297220 	 0 	 572587029880750.62500000 	 15239351072993.60156250 
4.298084 	 0 	 1639307085495116.75000000 	 41730015951290.63281250 
4.299093 	 0 	 2590032414259255.50000000 	 65249769535836.28906250 
4.301052 	 0 	 3879532179109754.00000000 	 96285803833584.82812500 
4.303098 	 0 	 3928631621239348.00000000 	 95080996429261.87500000 
4.305231 	 0 	 3652393016611197.50000000 	 90353603175131.32812500 
4.307250 	 0 	 3471481541447705.00000000 	 87681715666194.81250000 
4.309297 	 0 	 3488234618776039.00000000 	 88096583349076.76562500 
4.309961 	 0 	 3543582579591275.50000000 	 87774787678905.00000000 
4.311172 	 0 	 3417166677177733.50000000 	 84986818572235.17187500 
4.313106 	 0 	 3450283213871802.00000000 	 85908313345396.96875000 
4.315126 	 0 	 3434769276943965.00000000 	 86524326745437.64062500 
4.317204 	 0 	 3335599074016488.00000000 	 82535122767360.43750000 
4.319168 	 0 	 3255126817834926.50000000 	 82397217404801.81250000 
4.321160 	 0 	 3032554433943385.00000000 	 75817115590308.12500000 
4.322980 	 0 	 2759120834358278.50000000 	 68824209233942.24218750 
4.325205 	 0 	 2242125734552186.00000000 	 55429581558011.94531250 
4.327112 	 0 	 1788493079100975.25000000 	 44071757602985.18750000 
4.329078 	 0 	 1202920117256114.75000000 	 29997942635564.60937500 
4.330119 	 0 	 1702237280193691.75000000 	 42791721246508.78125000 
4.331189 	 0 	 850834754238175.25000000 	 21812896230263.28515625 
4.333242 	 0 	 578069588613512.87500000 	 15006381517885.69726562 
4.335151 	 0 	 441797313335050.75000000 	 11650826802986.11914062 
4.340042 	 0 	 268176885524917.00000000 	 7648526560293.34179688 
4.344877 	 0 	 237975816749527.96875000 	 7147749788413.93554688 
4.349976 	 0 	 227133316104396.81250000 	 6678761384913.29882812 
4.370053 	 0 	 248417471177735.56250000 	 6985755523088.89257812 
4.390148 	 0 	 316044399730728.12500000 	 8525016134819.68164062 
4.410025 	 0 	 435732743301628.50000000 	 11423923169178.30859375 
4.420244 	 0 	 631176773722478.87500000 	 16200720111206.06835938 
4.430182 	 0 	 791937080913259.62500000 	 19589495989448.22656250 
4.440043 	 0 	 1487988334622465.25000000 	 38120023155940.78906250 
4.449945 	 0 	 2335118407784624.50000000 	 58159327075953.21093750 
4.454988 	 0 	 5470254538266834.00000000 	 138511373033007.26562500 
4.460121 	 0 	 8183862009654656.00000000 	 202381818909018.53125000 
4.469957 	 0 	 8629670156295158.00000000 	 209914016776742.46875000 
4.477981 	 0 	 6363179098594889.00000000 	 158186594004888.78125000 
4.486129 	 0 	 3023779567804327.50000000 	 76322622328239.34375000 
4.488189 	 0 	 2224789852890882.25000000 	 56652300675427.42187500 
4.490073 	 0 	 2969408856907633.00000000 	 73820406689696.04687500 
4.492223 	 0 	 1146307574205002.00000000 	 29782268230695.26953125 
4.494992 	 0 	 766932576140575.37500000 	 19577328502472.74609375 
4.499972 	 0 	 435773545384492.12500000 	 11832087792158.16796875 
4.510205 	 0 	 327046805061841.75000000 	 8948857240593.01171875 
4.512183 	 0 	 734595661716394.75000000 	 19423974959327.33203125 
4.515076 	 0 	 2178125974554165.25000000 	 55617192740119.89062500 
4.520067 	 0 	 3799589989745899.00000000 	 93240217333674.34375000 
4.525238 	 0 	 6919368679073844.00000000 	 170383388621640.28125000 
4.529406 	 0 	 6924948825758695.00000000 	 163862535598988.90625000 
4.535056 	 0 	 12021892752698836.00000000 	 287370310559202.93750000 
4.540236 	 0 	 13344777990728604.00000000 	 328870854395927.93750000 
4.549804 	 0 	 17241873980414234.00000000 	 384851421035153.18750000 
4.560183 	 0 	 26084868310490824.00000000 	 597818550937662.62500000 
4.570129 	 0 	 24060515400602952.00000000 	 556077354067900.75000000 
4.580025 	 0 	 12269327299439304.00000000 	 301214977833706.12500000 
4.590082 	 0 	 6569626958999345.00000000 	 159701395809262.50000000 
4.600268 	 0 	 5313721713624656.00000000 	 131366835143909.89062500 
4.609989 	 0 	 11997987435972878.00000000 	 282963646006749.50000000 
4.620227 	 0 	 13495996699820626.00000000 	 327071513685812.43750000 
4.629939 	 0 	 9811795072275776.00000000 	 232452336867597.09375000 
4.635173 	 0 	 5202790454132960.00000000 	 128652507988681.89062500 
4.639960 	 0 	 3070917392864957.50000000 	 77762345406895.87500000 
4.649962 	 0 	 2537068450080637.00000000 	 64758088708251.93750000 
4.670119 	 0 	 1331432092366497.25000000 	 34714882335582.44531250 
4.680153 	 0 	 700153382148468.75000000 	 19532954789357.58984375 
4.689928 	 0 	 534243298959384.25000000 	 14906957709267.10937500 
4.710020 	 0 	 426701248532250.00000000 	 11276943961434.59179688 
4.730004 	 0 	 396108536611588.31250000 	 11338202611076.16210938 
4.749999 	 0 	 536647713617443.37500000 	 15374764770583.35742188 
4.755179 	 0 	 963803691218541.37500000 	 27435195949692.12500000 
4.758876 	 0 	 1095783206956560.87500000 	 30495199664675.92187500 
4.770038 	 0 	 1335374222579782.00000000 	 36121357524145.10156250 
4.775016 	 0 	 2024603795412500.75000000 	 52414190666620.21875000 
4.780179 	 0 	 4297170196393819.00000000 	 109141467272155.73437500 
4.790118 	 0 	 5349668349450629.00000000 	 129107406158226.53125000 
4.799915 	 0 	 4421856213150114.00000000 	 106531861553040.67187500 
4.810027 	 0 	 2123371795085929.50000000 	 56141422319874.02343750 
4.812160 	 0 	 1019671490605657.75000000 	 28862535352758.69921875 
4.815270 	 0 	 630997392922863.25000000 	 18285937260387.35156250 
4.820058 	 0 	 346659500955007.62500000 	 10548947838929.20507812 
4.829886 	 0 	 224403526049648.78125000 	 6737521382819.68750000 
4.850030 	 0 	 154655909965784.81250000 	 5341268920623.85253906 
4.866293 	 0 	 149550807678083.40625000 	 5528281546499.71289062 
4.889892 	 0 	 180581733595240.25000000 	 5521178220989.94238281 
4.899914 	 0 	 340827647230824.68750000 	 10762632713801.70507812 
4.910130 	 0 	 486531793913264.68750000 	 13398624890759.92578125 
4.919957 	 0 	 621697899430558.62500000 	 17323465402271.38281250 
4.926154 	 0 	 631332157557135.62500000 	 15847276508558.62109375 
4.930195 	 0 	 638750933465227.87500000 	 17259390419423.86523438 
4.936923 	 0 	 613063458297904.25000000 	 15464394031011.77343750 
4.946745 	 0 	 633357386820361.12500000 	 16081423817059.75585938 
4.950269 	 0 	 642154544516471.37500000 	 17352760737249.57812500 
4.956763 	 0 	 678131326274693.62500000 	 17152941085262.35351562 
4.961869 	 0 	 709154803788173.50000000 	 17729398405771.62109375 
4.964748 	 0 	 757910411623545.75000000 	 19017991047778.88281250 
4.967875 	 0 	 767270619502857.50000000 	 19394336499171.43359375 
4.970043 	 0 	 787892620450619.00000000 	 20926342144492.47656250 
4.972800 	 0 	 766441902050752.50000000 	 18556790888874.41796875 
4.974629 	 0 	 764944966468028.75000000 	 19415723899631.58984375 
4.984706 	 0 	 635687817193963.87500000 	 16186226193971.15429688 
4.990074 	 0 	 624095397679345.00000000 	 17180360030252.80859375 
4.994669 	 0 	 496950758646435.00000000 	 12959287279031.11328125 
5.004642 	 0 	 398275373489959.43750000 	 10420415966777.46093750 
5.009990 	 0 	 423259483332949.50000000 	 12690490997000.75390625 
5.014843 	 0 	 536493798155423.75000000 	 14157648430134.97851562 
5.017737 	 0 	 730043264583044.12500000 	 18547438649803.60937500 
5.017861 	 0 	 705493220873086.12500000 	 17940322621480.92187500 
5.019822 	 0 	 1139153309086354.75000000 	 28536730108332.40234375 
5.024805 	 0 	 2105543614903022.25000000 	 52982287903069.80468750 
5.027826 	 0 	 2305601692014997.50000000 	 59023185430470.75000000 
5.030101 	 0 	 2415212409081355.50000000 	 63318739704855.46093750 
5.032781 	 0 	 2754227898755535.00000000 	 67921198982917.39062500 
5.035899 	 0 	 3149198419733259.50000000 	 76382145960408.90625000 
5.038706 	 0 	 3310759280250506.50000000 	 79918113626402.75000000 
5.041981 	 0 	 3198318987157729.00000000 	 79311674547788.54687500 
5.044789 	 0 	 2916509428684823.50000000 	 71928413433201.31250000 
5.049971 	 0 	 2336180125812374.00000000 	 59594531556122.13281250 
5.054843 	 0 	 1660518045490669.25000000 	 42268562008788.25000000 
5.064876 	 0 	 1123473087595722.62500000 	 29980957694738.24218750 
5.069912 	 0 	 910625534559210.62500000 	 26294311431537.92968750 
5.074481 	 0 	 743653752314733.75000000 	 20267513407438.61328125 
5.084189 	 0 	 628055944846522.50000000 	 18560224678919.16015625 
5.089986 	 0 	 697104838642763.62500000 	 20773540557221.82031250 
5.093717 	 0 	 2617428565884216.00000000 	 67946084539037.59375000 
5.096760 	 0 	 4955285346814320.00000000 	 114259772707026.98437500 
5.098893 	 0 	 5506234541975925.00000000 	 129773788732724.23437500 
5.099991 	 0 	 5800294371929936.00000000 	 138744336936999.48437500 
5.100431 	 0 	 5680074778497339.00000000 	 135819200359479.50000000 
5.100713 	 0 	 5668772075696408.00000000 	 135408703385923.82812500 
5.102879 	 0 	 7009123728560488.00000000 	 165180367420819.90625000 
5.104856 	 0 	 7328242073731877.00000000 	 171380240236392.84375000 
5.106897 	 0 	 7309309885978646.00000000 	 171798221500177.25000000 
5.108781 	 0 	 7405472846180979.00000000 	 172122109554487.68750000 
5.110037 	 0 	 7482052368559623.00000000 	 175152802786652.90625000 
5.110750 	 0 	 7388045648969640.00000000 	 172871413430035.93750000 
5.113839 	 0 	 7256342931887630.00000000 	 168260436847216.71875000 
5.118804 	 0 	 6060372525776004.00000000 	 139231127590296.67187500 
5.123773 	 0 	 4461058091979668.50000000 	 107519846410301.65625000 
5.128523 	 0 	 3244973118870264.50000000 	 76808414246729.67187500 
5.129939 	 0 	 3389649526614126.50000000 	 83056799889682.51562500 
5.133811 	 0 	 2606804904084865.50000000 	 62485225383916.70312500 
5.138881 	 0 	 2605565737119246.50000000 	 63161552999036.66406250 
5.141653 	 0 	 2523450756418722.50000000 	 60574020508321.33593750 
5.144741 	 0 	 2315492362872548.50000000 	 56238681117099.87500000 
5.147988 	 0 	 2158236803614850.50000000 	 53716803959865.10937500 
5.150006 	 0 	 2057227646021001.50000000 	 53519698723404.53125000 
5.150983 	 0 	 1964955723251256.00000000 	 47910922228351.69531250 
5.157040 	 0 	 1656705858655212.50000000 	 41080495447265.51562500 
5.159375 	 0 	 1488639316050218.75000000 	 36311146907045.17968750 
5.170048 	 0 	 949342729626180.87500000 	 26859156331053.41796875 
5.189844 	 0 	 698799276796954.25000000 	 18821453736259.17578125 
5.210028 	 0 	 768066125770185.37500000 	 21392015685736.10937500 
5.230028 	 0 	 1034119683747037.50000000 	 31542555728900.58593750 
5.239501 	 0 	 1340188225529655.25000000 	 35607524794721.10156250 
5.243064 	 0 	 1473136928591623.75000000 	 44499412174140.61718750 
5.250129 	 0 	 2019358451786331.75000000 	 64038864001066.91406250 
5.259940 	 0 	 3033847562737761.00000000 	 86664532225123.62500000 
5.265040 	 0 	 3606644396213801.00000000 	 106654465912476.98437500 
5.269983 	 0 	 4416710146408311.00000000 	 123609990827861.00000000 
5.274960 	 0 	 5918550804640881.00000000 	 156017147312176.50000000 
5.275024 	 0 	 5865643946989096.00000000 	 141851083512083.96875000 
5.279812 	 0 	 8849705554766559.00000000 	 227417530739801.81250000 
5.284953 	 0 	 11363958640474192.00000000 	 289726034182406.62500000 
5.290161 	 0 	 14796564871868966.00000000 	 344309730600325.00000000 
5.292942 	 0 	 17396196079034486.00000000 	 399795400334747.56250000 
5.297674 	 0 	 16941365400994262.00000000 	 378068351482109.75000000 
5.299721 	 0 	 16697389818119128.00000000 	 377518504013637.31250000 
5.302376 	 0 	 15689768779800504.00000000 	 358247497289891.31250000 
5.308233 	 0 	 13610292398158552.00000000 	 300693754187783.75000000 
5.312876 	 0 	 12928470232452306.00000000 	 287923842725088.93750000 
5.317521 	 0 	 11099262238301632.00000000 	 247968122365139.71875000 
5.322809 	 0 	 8828414114718915.00000000 	 198197343806251.50000000 
5.327683 	 0 	 7421575910107749.00000000 	 168714534312466.00000000 
5.332880 	 0 	 5467647658204900.00000000 	 128920702103256.03125000 
5.332912 	 0 	 5654683239216440.00000000 	 129392589927991.64062500 
5.337469 	 0 	 3799691300861490.00000000 	 88750125106690.57812500 
5.342735 	 0 	 2343445234964503.00000000 	 58699578970980.71875000 
5.342928 	 0 	 2360010905784169.00000000 	 57273945477758.82031250 
5.346943 	 0 	 1782113784798646.25000000 	 45161165382308.05468750 
5.348261 	 0 	 1685990038346516.75000000 	 41499986720807.77343750 
5.348582 	 0 	 1584075610236427.00000000 	 39196484893263.42968750 
5.352053 	 0 	 2673366592398573.50000000 	 67065556377150.08593750 
5.353596 	 0 	 2064375854574519.25000000 	 47961358146849.62500000 
5.357905 	 0 	 3245781619593475.00000000 	 80582799073131.65625000 
5.359835 	 0 	 3081851784258877.00000000 	 76496203921138.20312500 
5.361894 	 0 	 2960316543027730.00000000 	 74311727611147.23437500 
5.363857 	 0 	 2927611964191401.50000000 	 73132930151919.03125000 
5.366045 	 0 	 2862910497025032.00000000 	 72446785500964.85937500 
5.368041 	 0 	 2716237706691137.00000000 	 64223348916876.00000000 
5.369651 	 0 	 2749884691888520.50000000 	 68446679472674.07812500 
5.374804 	 0 	 1621354728425643.25000000 	 38986396025650.28906250 
5.380088 	 0 	 710997333454713.50000000 	 20364444193065.23437500 
5.382924 	 0 	 456803062232628.68750000 	 14531827911319.19140625 
5.383343 	 0 	 639607837740650.00000000 	 17305761787548.75976562 
5.383859 	 0 	 402299476840282.56250000 	 12337341309551.32031250 
5.385955 	 0 	 311020390065541.56250000 	 10387746563624.44726562 
5.389858 	 0 	 270569056774655.93750000 	 9048297965969.91406250 
5.393084 	 0 	 252213614472696.31250000 	 8967768434662.52343750 
5.403415 	 0 	 246273207953238.78125000 	 8903721064811.51757812 
5.414078 	 0 	 299399324994605.93750000 	 10290257231803.59570312 
5.424364 	 0 	 299502661596427.00000000 	 10531183588643.36523438 
5.435405 	 0 	 334322678202982.25000000 	 10008999458647.28320312 
5.439261 	 0 	 385805726143910.31250000 	 11689947949814.18359375 
