4.007500 	 0 	 8.67586226E-15 	 7.82031656E-15 
4.012500 	 0 	 1.39027708E-12 	 1.25317882E-12 
4.014400 	 0 	 3.77003590E-07 	 2.38075205E-07 
4.018500 	 0 	 9.60631834E-16 	 8.65901833E-16 
4.020600 	 0 	 1.36644164E-06 	 4.72590375E-07 
4.021500 	 0 	 1.01275426E-06 	 3.04052134E-07 
4.026600 	 0 	 8.20063489E-07 	 2.54567036E-07 
4.030600 	 0 	 3.61745355E-07 	 1.43112131E-07 
4.031400 	 0 	 2.83409871E-07 	 2.27906441E-07 
4.036500 	 0 	 9.64735262E-07 	 3.22302759E-07 
4.041500 	 0 	 4.82179495E-07 	 3.03540131E-07 
4.046600 	 0 	 3.88165064E-07 	 3.49887260E-07 
4.281500 	 0 	 1.12848724E-07 	 1.01720465E-07 
4.301600 	 0 	 9.49128902E-07 	 1.60307699E-07 
4.302600 	 0 	 1.89602832E-06 	 2.58748167E-07 
4.304700 	 0 	 2.76177023E-06 	 2.98672287E-07 
4.305700 	 0 	 3.70010726E-06 	 3.75594744E-07 
4.306600 	 0 	 1.63295709E-06 	 3.24652071E-07 
4.307700 	 0 	 3.50606843E-06 	 4.15955355E-07 
4.308700 	 0 	 3.86234082E-06 	 5.02461091E-07 
4.309600 	 0 	 2.40854208E-06 	 1.18671370E-06 
4.310600 	 0 	 1.34670963E-05 	 1.96336163E-06 
4.312600 	 0 	 1.44308094E-05 	 2.84521862E-06 
4.314600 	 0 	 2.05052907E-05 	 2.64219300E-06 
4.316700 	 0 	 1.48284864E-05 	 2.55890477E-06 
4.318700 	 0 	 1.89076201E-05 	 3.36276246E-06 
4.320800 	 0 	 1.59939638E-05 	 2.54182531E-06 
4.321500 	 0 	 2.40332762E-05 	 2.70619816E-06 
4.322700 	 0 	 1.79058355E-05 	 2.67153603E-06 
4.324600 	 0 	 1.21959964E-05 	 2.50397320E-06 
4.326600 	 0 	 1.98519271E-05 	 2.80750163E-06 
4.328700 	 0 	 1.91819721E-05 	 2.37165843E-06 
4.330700 	 0 	 1.63309041E-05 	 2.45472966E-06 
4.332700 	 0 	 1.75877087E-05 	 2.79684495E-06 
4.334500 	 0 	 1.52564577E-05 	 1.96346636E-06 
4.336700 	 0 	 1.67815406E-05 	 1.91087374E-06 
4.338600 	 0 	 1.30124601E-05 	 1.36004052E-06 
4.340600 	 0 	 9.58676409E-06 	 1.03301585E-06 
4.341600 	 0 	 1.52069795E-05 	 1.85840880E-06 
4.342700 	 0 	 1.63057206E-05 	 1.22714653E-06 
4.344700 	 0 	 1.74168313E-05 	 1.12647807E-06 
4.346700 	 0 	 1.44613999E-05 	 9.22903679E-07 
4.351500 	 0 	 1.23941313E-05 	 7.89391015E-07 
4.356400 	 0 	 1.24616823E-05 	 7.95198248E-07 
4.361500 	 0 	 1.29261696E-05 	 7.99322106E-07 
4.381600 	 0 	 1.04227821E-05 	 7.09249044E-07 
4.401600 	 0 	 1.08103116E-05 	 7.08678225E-07 
4.421500 	 0 	 2.28310605E-05 	 1.34133240E-06 
4.431700 	 0 	 3.16463208E-05 	 1.82333317E-06 
4.441700 	 0 	 4.42820655E-05 	 2.43988856E-06 
4.451500 	 0 	 1.01899829E-04 	 5.70238843E-06 
4.461400 	 0 	 1.54129657E-04 	 8.51334092E-06 
4.466500 	 0 	 4.83634213E-04 	 2.63090091E-05 
4.471600 	 0 	 7.50971829E-04 	 4.03127527E-05 
4.481500 	 0 	 8.44084099E-04 	 4.45888158E-05 
4.489500 	 0 	 7.00302636E-04 	 3.71568569E-05 
4.497600 	 0 	 3.49026208E-04 	 1.85321055E-05 
4.499700 	 0 	 2.68171634E-04 	 1.35818645E-05 
4.501600 	 0 	 3.61894234E-04 	 1.91127226E-05 
4.503700 	 0 	 1.57853111E-04 	 8.37574652E-06 
4.506500 	 0 	 1.05879562E-04 	 5.57591087E-06 
4.511500 	 0 	 6.24744744E-05 	 3.35019859E-06 
4.521700 	 0 	 3.08667435E-05 	 1.70581761E-06 
4.523700 	 0 	 2.22008806E-05 	 1.63761404E-06 
4.526600 	 0 	 2.51081670E-05 	 2.33023755E-06 
4.531600 	 0 	 2.60800277E-05 	 3.17637022E-06 
4.536700 	 0 	 3.95671226E-05 	 5.25175091E-06 
4.540900 	 0 	 4.23021243E-05 	 4.81106084E-06 
4.546600 	 0 	 8.31233109E-05 	 1.01090492E-05 
4.551700 	 0 	 1.22554739E-04 	 1.19720149E-05 
4.561300 	 0 	 3.12140535E-04 	 1.83865485E-05 
4.571700 	 0 	 8.05582979E-04 	 4.49684736E-05 
4.581600 	 0 	 7.55778914E-04 	 4.29884488E-05 
4.591500 	 0 	 3.64059274E-04 	 2.33776575E-05 
4.601600 	 0 	 2.02133843E-04 	 1.21230600E-05 
4.611800 	 0 	 9.37114893E-05 	 7.10253872E-06 
4.621500 	 0 	 8.80511284E-05 	 9.11270297E-06 
4.631700 	 0 	 6.35327737E-05 	 8.93608754E-06 
4.641400 	 0 	 4.96880731E-05 	 7.63577830E-06 
4.646700 	 0 	 4.77930892E-05 	 4.64295558E-06 
4.651500 	 0 	 5.09614692E-05 	 4.33711346E-06 
4.661500 	 0 	 1.11365860E-04 	 6.79744784E-06 
4.681600 	 0 	 7.23636626E-05 	 4.28701076E-06 
4.691700 	 0 	 3.12453848E-05 	 1.94428692E-06 
4.701400 	 0 	 2.38626950E-05 	 1.50731931E-06 
4.721500 	 0 	 2.71972120E-05 	 1.56788626E-06 
4.741500 	 0 	 3.19290426E-05 	 1.88782162E-06 
4.761500 	 0 	 6.44647112E-05 	 3.54009263E-06 
4.766700 	 0 	 1.45179887E-04 	 7.77902380E-06 
4.770400 	 0 	 1.55082186E-04 	 8.32073906E-06 
4.781500 	 0 	 1.98906652E-04 	 1.06464376E-05 
4.786500 	 0 	 1.90662761E-04 	 1.04814865E-05 
4.791700 	 0 	 1.58064208E-04 	 9.80196971E-06 
4.801600 	 0 	 1.51602419E-04 	 9.41691990E-06 
4.811400 	 0 	 1.10529620E-04 	 7.14389138E-06 
4.821500 	 0 	 9.95362836E-05 	 6.44135711E-06 
4.823700 	 0 	 1.04152270E-04 	 5.93609190E-06 
4.826800 	 0 	 9.48654860E-05 	 5.19481839E-06 
4.831600 	 0 	 1.03937470E-04 	 5.44010485E-06 
4.841400 	 0 	 1.00262902E-04 	 5.15809996E-06 
4.861500 	 0 	 1.21088171E-04 	 6.16975475E-06 
4.877800 	 0 	 1.60888463E-04 	 8.17968036E-06 
4.901400 	 0 	 2.61106182E-04 	 1.31544572E-05 
4.911400 	 0 	 3.82751353E-04 	 1.93842866E-05 
4.921600 	 0 	 5.20593955E-04 	 2.62509001E-05 
4.931500 	 0 	 6.56559646E-04 	 3.31471631E-05 
4.937700 	 0 	 8.61416269E-04 	 4.32371351E-05 
4.941700 	 0 	 9.34211384E-04 	 4.69979189E-05 
4.948400 	 0 	 1.14995987E-03 	 5.76740619E-05 
4.958200 	 0 	 1.38261833E-03 	 6.93159324E-05 
4.961800 	 0 	 1.42479328E-03 	 7.15197956E-05 
4.968300 	 0 	 1.54352605E-03 	 7.73781403E-05 
4.973400 	 0 	 1.57500542E-03 	 7.89518402E-05 
4.976200 	 0 	 1.58772309E-03 	 7.96080752E-05 
4.979400 	 0 	 1.56179149E-03 	 7.83218116E-05 
4.981500 	 0 	 1.62026164E-03 	 8.13525455E-05 
4.984300 	 0 	 1.49015186E-03 	 7.46775703E-05 
4.986100 	 0 	 1.42607467E-03 	 7.15400277E-05 
4.996200 	 0 	 1.16214424E-03 	 5.83012018E-05 
5.001600 	 0 	 1.15402626E-03 	 5.80017606E-05 
5.006200 	 0 	 9.41336832E-04 	 4.72328473E-05 
5.016100 	 0 	 7.07679919E-04 	 3.55018254E-05 
5.021500 	 0 	 6.71263844E-04 	 3.38297076E-05 
5.026300 	 0 	 5.82050571E-04 	 2.92781759E-05 
5.029200 	 0 	 5.26735765E-04 	 2.65685313E-05 
5.029400 	 0 	 5.24313705E-04 	 2.64311672E-05 
5.031300 	 0 	 4.96210406E-04 	 2.51826817E-05 
5.036300 	 0 	 4.79020448E-04 	 2.46937184E-05 
5.039300 	 0 	 4.94075734E-04 	 2.56010525E-05 
5.041600 	 0 	 5.45448583E-04 	 2.84381703E-05 
5.044300 	 0 	 5.56049353E-04 	 2.87477552E-05 
5.047400 	 0 	 5.78592285E-04 	 2.98676055E-05 
5.050200 	 0 	 5.99509400E-04 	 3.09560884E-05 
5.053500 	 0 	 6.46702529E-04 	 3.35727642E-05 
5.056300 	 0 	 5.99481254E-04 	 3.09758631E-05 
5.061500 	 0 	 6.50761516E-04 	 3.35570444E-05 
5.066300 	 0 	 5.07999985E-04 	 2.60930440E-05 
5.076400 	 0 	 3.22008021E-04 	 1.65765562E-05 
5.081400 	 0 	 3.11141343E-04 	 1.60879366E-05 
5.086000 	 0 	 2.16963959E-04 	 1.11584630E-05 
5.095700 	 0 	 1.82272954E-04 	 9.48284058E-06 
5.101500 	 0 	 1.73579463E-04 	 9.11527165E-06 
5.105200 	 0 	 1.50086966E-04 	 9.06028094E-06 
5.108300 	 0 	 1.64161577E-04 	 9.64383026E-06 
5.110400 	 0 	 1.77249587E-04 	 1.08292283E-05 
5.111500 	 0 	 1.78559129E-04 	 1.06661073E-05 
5.111900 	 0 	 1.57473137E-04 	 9.76380981E-06 
5.112200 	 0 	 1.63948258E-04 	 1.00852005E-05 
5.114400 	 0 	 1.45662818E-04 	 9.58290114E-06 
5.116400 	 0 	 1.70205615E-04 	 1.06364257E-05 
5.118400 	 0 	 1.39102517E-04 	 1.02079676E-05 
5.120300 	 0 	 1.56949468E-04 	 1.00421733E-05 
5.121500 	 0 	 1.57964955E-04 	 1.10593061E-05 
5.122300 	 0 	 1.38626253E-04 	 9.16487829E-06 
5.125300 	 0 	 1.29989055E-04 	 9.61486633E-06 
5.130300 	 0 	 1.27704764E-04 	 7.94734523E-06 
5.135300 	 0 	 1.09543020E-04 	 7.12682353E-06 
5.140000 	 0 	 9.77489962E-05 	 6.14322816E-06 
5.141400 	 0 	 1.06626919E-04 	 7.16761975E-06 
5.145300 	 0 	 1.15744085E-04 	 6.83667668E-06 
5.150400 	 0 	 2.08909685E-04 	 1.13965162E-05 
5.153200 	 0 	 2.48447773E-04 	 1.33076802E-05 
5.156200 	 0 	 2.79729377E-04 	 1.48313931E-05 
5.159500 	 0 	 2.79787892E-04 	 1.48593319E-05 
5.161500 	 0 	 3.16103973E-04 	 1.68997238E-05 
5.162500 	 0 	 2.83083967E-04 	 1.48545278E-05 
5.168500 	 0 	 2.83677260E-04 	 1.47617505E-05 
5.170900 	 0 	 2.68483465E-04 	 1.38777070E-05 
5.181500 	 0 	 1.86248243E-04 	 9.95114709E-06 
5.201300 	 0 	 1.25206413E-04 	 6.60463497E-06 
5.221500 	 0 	 1.08239403E-04 	 5.91383601E-06 
5.241500 	 0 	 1.26368557E-04 	 7.18419446E-06 
5.251000 	 0 	 1.57520541E-04 	 8.45713783E-06 
5.254600 	 0 	 1.93316657E-04 	 1.08701396E-05 
5.261600 	 0 	 2.79830111E-04 	 1.56280483E-05 
5.271400 	 0 	 4.07043797E-04 	 2.21739546E-05 
5.276500 	 0 	 3.60739496E-04 	 2.06794269E-05 
5.281500 	 0 	 3.71391374E-04 	 2.13415336E-05 
5.286500 	 0 	 3.31080746E-04 	 1.85252914E-05 
5.286500 	 0 	 3.22280596E-04 	 1.95696332E-05 
5.291300 	 0 	 2.70079654E-04 	 1.78769319E-05 
5.296500 	 0 	 2.67775364E-04 	 2.05835054E-05 
5.301700 	 0 	 2.20892585E-04 	 1.57064629E-05 
5.304400 	 0 	 2.40814951E-04 	 1.84787387E-05 
5.309200 	 0 	 2.45204286E-04 	 1.65576763E-05 
5.311200 	 0 	 2.07422377E-04 	 1.41659087E-05 
5.313900 	 0 	 2.57612343E-04 	 1.68937754E-05 
5.319700 	 0 	 2.48958109E-04 	 1.57571045E-05 
5.324400 	 0 	 2.86094876E-04 	 1.70409313E-05 
5.329000 	 0 	 3.20848099E-04 	 1.82303125E-05 
5.334300 	 0 	 3.75620720E-04 	 2.05367211E-05 
5.339200 	 0 	 4.38329845E-04 	 2.35688933E-05 
5.344400 	 0 	 4.59502499E-04 	 2.44988243E-05 
5.344400 	 0 	 4.78134582E-04 	 2.51853392E-05 
5.349000 	 0 	 4.66105019E-04 	 2.42228422E-05 
5.354200 	 0 	 3.93632845E-04 	 2.05787049E-05 
5.354400 	 0 	 4.19705910E-04 	 2.17435302E-05 
5.358400 	 0 	 3.32932474E-04 	 1.73550632E-05 
5.359800 	 0 	 3.49192123E-04 	 1.80039794E-05 
5.360100 	 0 	 3.19667438E-04 	 1.64916705E-05 
5.363600 	 0 	 4.09799167E-04 	 2.15685630E-05 
5.365100 	 0 	 3.83654996E-04 	 1.96031100E-05 
5.369400 	 0 	 3.79906358E-04 	 2.02551154E-05 
5.371300 	 0 	 3.43733230E-04 	 1.84284735E-05 
5.373400 	 0 	 3.34328676E-04 	 1.79806583E-05 
5.375400 	 0 	 3.21356954E-04 	 1.73095271E-05 
5.377500 	 0 	 2.91776717E-04 	 1.60074070E-05 
5.379500 	 0 	 2.67720553E-04 	 1.41251868E-05 
5.381200 	 0 	 2.60758798E-04 	 1.40702378E-05 
5.386300 	 0 	 1.46600533E-04 	 7.80994582E-06 
5.391600 	 0 	 6.56733708E-05 	 3.76974669E-06 
5.394400 	 0 	 3.84797882E-05 	 2.42882968E-06 
5.394800 	 0 	 5.88850115E-05 	 3.29622205E-06 
5.395400 	 0 	 3.27490617E-05 	 2.03039831E-06 
5.397500 	 0 	 2.96806750E-05 	 1.78572183E-06 
5.401400 	 0 	 2.42040795E-05 	 1.46875542E-06 
5.404600 	 0 	 2.84346845E-05 	 1.64584212E-06 
5.414900 	 0 	 4.28887516E-05 	 2.34696379E-06 
5.425600 	 0 	 6.90529218E-05 	 3.64804200E-06 
5.435900 	 0 	 7.78607011E-05 	 4.13996589E-06 
5.446900 	 0 	 6.88824888E-05 	 3.64973183E-06 
5.450800 	 0 	 5.97579159E-05 	 3.23838639E-06 
4.007500 	 15 	 1.68299725E-06 	 5.37080257E-07 
4.012500 	 15 	 4.88557480E-08 	 4.40379761E-08 
4.014400 	 15 	 7.34125199E-08 	 6.61731512E-08 
4.018500 	 15 	 6.29851512E-08 	 5.67740480E-08 
4.020600 	 15 	 5.25972687E-13 	 4.74105373E-13 
4.021500 	 15 	 4.69601065E-07 	 4.23292680E-07 
4.026600 	 15 	 1.88336389E-06 	 1.11120962E-06 
4.030600 	 15 	 1.69594898E-06 	 3.61827711E-07 
4.031400 	 15 	 4.20033444E-16 	 3.78613030E-16 
4.036500 	 15 	 3.56066493E-07 	 3.27168617E-07 
4.041500 	 15 	 4.93141478E-07 	 3.26466080E-07 
4.046600 	 15 	 7.10813400E-07 	 3.25215563E-07 
4.281500 	 15 	 9.89902385E-07 	 2.25888877E-07 
4.301600 	 15 	 6.40542682E-07 	 2.82992255E-07 
4.302600 	 15 	 1.26093677E-06 	 4.60691814E-07 
4.304700 	 15 	 2.34057165E-06 	 5.08004791E-07 
4.305700 	 15 	 8.80239195E-07 	 7.93436889E-07 
4.306600 	 15 	 6.52965733E-07 	 3.63011033E-07 
4.307700 	 15 	 2.22560628E-06 	 5.83804882E-07 
4.308700 	 15 	 5.68669981E-06 	 9.14648596E-07 
4.309600 	 15 	 1.16339973E-05 	 1.93249964E-06 
4.310600 	 15 	 1.16247607E-05 	 2.61228184E-06 
4.312600 	 15 	 1.65142155E-05 	 3.90959229E-06 
4.314600 	 15 	 3.08855309E-06 	 2.78398413E-06 
4.316700 	 15 	 1.32807522E-05 	 3.29498464E-06 
4.318700 	 15 	 1.92433757E-05 	 4.66682822E-06 
4.320800 	 15 	 1.80568661E-05 	 3.52269572E-06 
4.321500 	 15 	 1.54637302E-05 	 4.04580027E-06 
4.322700 	 15 	 1.22973384E-05 	 3.23092509E-06 
4.324600 	 15 	 1.60406471E-05 	 3.49064849E-06 
4.326600 	 15 	 2.24043649E-05 	 4.36658682E-06 
4.328700 	 15 	 1.35315133E-05 	 3.08964111E-06 
4.330700 	 15 	 1.66449032E-05 	 3.29893292E-06 
4.332700 	 15 	 2.22006315E-05 	 4.27212867E-06 
4.334500 	 15 	 1.76809092E-05 	 2.78297455E-06 
4.336700 	 15 	 1.25690872E-05 	 2.14902767E-06 
4.338600 	 15 	 9.77961183E-06 	 1.58265551E-06 
4.340600 	 15 	 8.14504926E-06 	 1.26201656E-06 
4.341600 	 15 	 1.25067544E-05 	 1.87333195E-06 
4.342700 	 15 	 1.47832451E-05 	 1.41907082E-06 
4.344700 	 15 	 1.65715703E-05 	 1.31014507E-06 
4.346700 	 15 	 1.32211342E-05 	 1.07581318E-06 
4.351500 	 15 	 1.03689467E-05 	 8.14876676E-07 
4.356400 	 15 	 1.15149550E-05 	 8.97500644E-07 
4.361500 	 15 	 1.32411275E-05 	 9.49932712E-07 
4.381600 	 15 	 7.62768387E-06 	 7.28026497E-07 
4.401600 	 15 	 9.52351546E-06 	 7.67146114E-07 
4.421500 	 15 	 1.69843109E-05 	 1.26674587E-06 
4.431700 	 15 	 2.86674252E-05 	 1.90630043E-06 
4.441700 	 15 	 3.99717271E-05 	 2.51459151E-06 
4.451500 	 15 	 9.00290529E-05 	 5.70734550E-06 
4.461400 	 15 	 1.57602328E-04 	 9.46641795E-06 
4.466500 	 15 	 4.33739584E-04 	 2.57709750E-05 
4.471600 	 15 	 6.89211906E-04 	 3.99330898E-05 
4.481500 	 15 	 7.48146234E-04 	 4.19484063E-05 
4.489500 	 15 	 6.24968382E-04 	 3.55775576E-05 
4.497600 	 15 	 3.14067577E-04 	 1.77818729E-05 
4.499700 	 15 	 2.49000905E-04 	 1.41693236E-05 
4.501600 	 15 	 3.06269716E-04 	 1.71790975E-05 
4.503700 	 15 	 1.37436260E-04 	 7.83858485E-06 
4.506500 	 15 	 9.60502970E-05 	 5.39921739E-06 
4.511500 	 15 	 5.31183012E-05 	 3.12040909E-06 
4.521700 	 15 	 2.63433718E-05 	 1.61397910E-06 
4.523700 	 15 	 2.11504099E-05 	 1.79030117E-06 
4.526600 	 15 	 2.46054044E-05 	 3.17195010E-06 
4.531600 	 15 	 2.68357812E-05 	 3.89808246E-06 
4.536700 	 15 	 3.58010548E-05 	 6.87713617E-06 
4.540900 	 15 	 3.32727255E-05 	 6.19639197E-06 
4.546600 	 15 	 6.65869046E-05 	 1.04913002E-05 
4.551700 	 15 	 1.06745232E-04 	 1.56712991E-05 
4.561300 	 15 	 2.62339113E-04 	 1.85979142E-05 
4.571700 	 15 	 6.82745587E-04 	 4.41126967E-05 
4.581600 	 15 	 6.69230291E-04 	 4.35391025E-05 
4.591500 	 15 	 3.90965866E-04 	 2.79926008E-05 
4.601600 	 15 	 2.13568853E-04 	 1.50477780E-05 
4.611800 	 15 	 9.49537283E-05 	 9.25929045E-06 
4.621500 	 15 	 8.31934584E-05 	 1.11760990E-05 
4.631700 	 15 	 6.96054545E-05 	 1.24003673E-05 
4.641400 	 15 	 6.07101416E-05 	 9.94134063E-06 
4.646700 	 15 	 4.19526077E-05 	 5.70658210E-06 
4.651500 	 15 	 4.26460246E-05 	 5.17829659E-06 
4.661500 	 15 	 1.01363735E-04 	 7.58905442E-06 
4.681600 	 15 	 7.12464642E-05 	 5.10891047E-06 
4.691700 	 15 	 2.80577859E-05 	 2.24014094E-06 
4.701400 	 15 	 2.89248287E-05 	 2.38517132E-06 
4.721500 	 15 	 2.48520871E-05 	 1.65198402E-06 
4.741500 	 15 	 2.96938385E-05 	 2.02657548E-06 
4.761500 	 15 	 5.38412209E-05 	 3.49698527E-06 
4.766700 	 15 	 1.33336994E-04 	 8.04141538E-06 
4.770400 	 15 	 1.46578158E-04 	 8.57904593E-06 
4.781500 	 15 	 1.73661613E-04 	 1.01102502E-05 
4.786500 	 15 	 1.75968857E-04 	 1.07702979E-05 
4.791700 	 15 	 1.54549156E-04 	 1.19131847E-05 
4.801600 	 15 	 1.47864535E-04 	 1.22174388E-05 
4.811400 	 15 	 1.06408504E-04 	 9.51816371E-06 
4.821500 	 15 	 1.02306913E-04 	 8.30720633E-06 
4.823700 	 15 	 9.59922571E-05 	 6.31948615E-06 
4.826800 	 15 	 9.49863291E-05 	 5.65584881E-06 
4.831600 	 15 	 9.05678968E-05 	 5.03479236E-06 
4.841400 	 15 	 8.96024261E-05 	 4.77485508E-06 
4.861500 	 15 	 1.07877392E-04 	 5.62962547E-06 
4.877800 	 15 	 1.48322634E-04 	 7.69815118E-06 
4.901400 	 15 	 2.36063265E-04 	 1.20082190E-05 
4.911400 	 15 	 3.55660336E-04 	 1.82714898E-05 
4.921600 	 15 	 4.69743403E-04 	 2.39568805E-05 
4.931500 	 15 	 6.28883618E-04 	 3.20619587E-05 
4.937700 	 15 	 7.77568510E-04 	 3.92269493E-05 
4.941700 	 15 	 8.61535480E-04 	 4.36456835E-05 
4.948400 	 15 	 1.06300326E-03 	 5.34972757E-05 
4.958200 	 15 	 1.26671846E-03 	 6.37071843E-05 
4.961800 	 15 	 1.27581552E-03 	 6.43759103E-05 
4.968300 	 15 	 1.43512248E-03 	 7.21665728E-05 
4.973400 	 15 	 1.45519868E-03 	 7.31546940E-05 
4.976200 	 15 	 1.45674195E-03 	 7.32754018E-05 
4.979400 	 15 	 1.42408702E-03 	 7.16798570E-05 
4.981500 	 15 	 1.41631421E-03 	 7.14985006E-05 
4.984300 	 15 	 1.37557764E-03 	 6.91192306E-05 
4.986100 	 15 	 1.31808880E-03 	 6.63721660E-05 
4.996200 	 15 	 1.08711518E-03 	 5.47429943E-05 
5.001600 	 15 	 1.01121636E-03 	 5.11673915E-05 
5.006200 	 15 	 8.68108096E-04 	 4.37357100E-05 
5.016100 	 15 	 6.70387953E-04 	 3.37561023E-05 
5.021500 	 15 	 6.00298791E-04 	 3.05593230E-05 
5.026300 	 15 	 5.33918251E-04 	 2.70631735E-05 
5.029200 	 15 	 4.95294747E-04 	 2.52446627E-05 
5.029400 	 15 	 5.04917699E-04 	 2.56829433E-05 
5.031300 	 15 	 5.08041143E-04 	 2.61603994E-05 
5.036300 	 15 	 4.87334145E-04 	 2.59630939E-05 
5.039300 	 15 	 4.87358082E-04 	 2.63065528E-05 
5.041600 	 15 	 4.70547969E-04 	 2.58498454E-05 
5.044300 	 15 	 5.64990079E-04 	 3.02153518E-05 
5.047400 	 15 	 5.98135364E-04 	 3.18756692E-05 
5.050200 	 15 	 6.33142621E-04 	 3.37111346E-05 
5.053500 	 15 	 6.42866589E-04 	 3.45588268E-05 
5.056300 	 15 	 6.21520121E-04 	 3.30695471E-05 
5.061500 	 15 	 5.84532049E-04 	 3.12962915E-05 
5.066300 	 15 	 5.12074725E-04 	 2.69942213E-05 
5.076400 	 15 	 3.15148873E-04 	 1.67840355E-05 
5.081400 	 15 	 2.62700463E-04 	 1.43182632E-05 
5.086000 	 15 	 2.19899481E-04 	 1.16872599E-05 
5.095700 	 15 	 1.73798055E-04 	 9.48851179E-06 
5.101500 	 15 	 1.57806739E-04 	 8.85053562E-06 
5.105200 	 15 	 1.52967084E-04 	 1.08493586E-05 
5.108300 	 15 	 1.62277881E-04 	 1.17478653E-05 
5.110400 	 15 	 1.49572646E-04 	 1.15453978E-05 
5.111500 	 15 	 1.58454363E-04 	 1.28964819E-05 
5.111900 	 15 	 1.56327341E-04 	 1.32520560E-05 
5.112200 	 15 	 1.53118434E-04 	 1.26213585E-05 
5.114400 	 15 	 1.46927951E-04 	 1.35496180E-05 
5.116400 	 15 	 1.37546258E-04 	 1.33530280E-05 
5.118400 	 15 	 1.38485290E-04 	 1.33127310E-05 
5.120300 	 15 	 1.37194689E-04 	 1.30621090E-05 
5.121500 	 15 	 1.26216185E-04 	 1.16640766E-05 
5.122300 	 15 	 1.21943252E-04 	 1.26761629E-05 
5.125300 	 15 	 1.24039696E-04 	 1.16935983E-05 
5.130300 	 15 	 1.28481234E-04 	 1.10164931E-05 
5.135300 	 15 	 9.69987900E-05 	 9.04706244E-06 
5.140000 	 15 	 1.00155720E-04 	 7.91258491E-06 
5.141400 	 15 	 9.80374028E-05 	 7.79061136E-06 
5.145300 	 15 	 1.18001928E-04 	 8.03812431E-06 
5.150400 	 15 	 2.03329855E-04 	 1.22647069E-05 
5.153200 	 15 	 2.57241992E-04 	 1.46856666E-05 
5.156200 	 15 	 2.74565673E-04 	 1.56668556E-05 
5.159500 	 15 	 2.65210071E-04 	 1.51367114E-05 
5.161500 	 15 	 2.81501384E-04 	 1.63863648E-05 
5.162500 	 15 	 2.80280428E-04 	 1.54347598E-05 
5.168500 	 15 	 2.68984866E-04 	 1.46943570E-05 
5.170900 	 15 	 2.55161186E-04 	 1.37732427E-05 
5.181500 	 15 	 1.49349907E-04 	 8.80916865E-06 
5.201300 	 15 	 1.00446064E-04 	 5.73020934E-06 
5.221500 	 15 	 9.34941415E-05 	 5.59688751E-06 
5.241500 	 15 	 1.15451570E-04 	 7.78729051E-06 
5.251000 	 15 	 1.52765246E-04 	 8.92397131E-06 
5.254600 	 15 	 1.65457495E-04 	 1.09550658E-05 
5.261600 	 15 	 2.51924271E-04 	 1.62600030E-05 
5.271400 	 15 	 3.41326020E-04 	 2.10907270E-05 
5.276500 	 15 	 3.34822005E-04 	 2.25751882E-05 
5.281500 	 15 	 3.34379484E-04 	 2.28461511E-05 
5.286500 	 15 	 3.27507535E-04 	 2.05733633E-05 
5.286500 	 15 	 3.21992745E-04 	 2.36131356E-05 
5.291300 	 15 	 2.58335725E-04 	 2.43854927E-05 
5.296500 	 15 	 2.16878647E-04 	 2.43291738E-05 
5.301700 	 15 	 2.06058348E-04 	 2.25111831E-05 
5.304400 	 15 	 2.26019923E-04 	 2.45752366E-05 
5.309200 	 15 	 1.96042880E-04 	 1.93475848E-05 
5.311200 	 15 	 1.98211556E-04 	 2.06407097E-05 
5.313900 	 15 	 1.87828402E-04 	 2.05318725E-05 
5.319700 	 15 	 2.05917705E-04 	 1.60834334E-05 
5.324400 	 15 	 2.56298359E-04 	 1.88950809E-05 
5.329000 	 15 	 2.58689704E-04 	 1.77594345E-05 
5.334300 	 15 	 3.08625648E-04 	 1.92350778E-05 
5.339200 	 15 	 3.71510463E-04 	 2.20946547E-05 
5.344400 	 15 	 4.31319860E-04 	 2.50535586E-05 
5.344400 	 15 	 4.06898463E-04 	 2.29864373E-05 
5.349000 	 15 	 4.03764458E-04 	 2.22109317E-05 
5.354200 	 15 	 3.82416963E-04 	 2.09517914E-05 
5.354400 	 15 	 3.69649021E-04 	 2.00174817E-05 
5.358400 	 15 	 3.42319399E-04 	 1.85290206E-05 
5.359800 	 15 	 3.12142313E-04 	 1.67648293E-05 
5.360100 	 15 	 3.07057270E-04 	 1.64177629E-05 
5.363600 	 15 	 3.91537471E-04 	 2.17239526E-05 
5.365100 	 15 	 3.37634933E-04 	 1.77651482E-05 
5.369400 	 15 	 3.49705048E-04 	 2.02228817E-05 
5.371300 	 15 	 3.34047838E-04 	 1.92274808E-05 
5.373400 	 15 	 3.11428103E-04 	 1.83687837E-05 
5.375400 	 15 	 2.94428476E-04 	 1.73519322E-05 
5.377500 	 15 	 2.72039435E-04 	 1.63678384E-05 
5.379500 	 15 	 2.51271721E-04 	 1.40667514E-05 
5.381200 	 15 	 2.59794550E-04 	 1.51109400E-05 
5.386300 	 15 	 1.30248046E-04 	 7.61995998E-06 
5.391600 	 15 	 5.51992129E-05 	 3.75178677E-06 
5.394400 	 15 	 3.35360595E-05 	 2.72890279E-06 
5.394800 	 15 	 5.26387299E-05 	 3.53654116E-06 
5.395400 	 15 	 3.23083961E-05 	 2.31780271E-06 
5.397500 	 15 	 2.59583490E-05 	 2.03226379E-06 
5.401400 	 15 	 2.20107305E-05 	 1.62097262E-06 
5.404600 	 15 	 2.22577434E-05 	 1.48734157E-06 
5.414900 	 15 	 3.57431140E-05 	 2.30723587E-06 
5.425600 	 15 	 6.40208220E-05 	 3.69044553E-06 
5.435900 	 15 	 6.76775348E-05 	 3.99601602E-06 
5.446900 	 15 	 5.82032960E-05 	 3.33694731E-06 
5.450800 	 15 	 5.33110042E-05 	 3.20169699E-06 
4.007500 	 30 	 1.64148996E-06 	 3.64427627E-07 
4.012500 	 30 	 7.45662923E-07 	 6.72131475E-07 
4.014400 	 30 	 1.40585501E-06 	 4.02901027E-07 
4.018500 	 30 	 5.59064449E-07 	 5.03933884E-07 
4.020600 	 30 	 9.49913971E-07 	 8.93648826E-07 
4.021500 	 30 	 8.08200395E-07 	 6.66482034E-07 
4.026600 	 30 	 2.16937408E-07 	 1.95544737E-07 
4.030600 	 30 	 1.81700381E-06 	 3.50843633E-07 
4.031400 	 30 	 4.11997282E-07 	 3.71369331E-07 
4.036500 	 30 	 5.60956569E-07 	 4.48849750E-07 
4.041500 	 30 	 9.08925278E-07 	 5.38808875E-07 
4.046600 	 30 	 4.14444308E-07 	 3.74295789E-07 
4.281500 	 30 	 2.58526067E-06 	 4.19140350E-07 
4.301600 	 30 	 4.39221774E-06 	 4.32545642E-07 
4.302600 	 30 	 1.81924433E-06 	 3.73667017E-07 
4.304700 	 30 	 2.66267907E-06 	 4.24009986E-07 
4.305700 	 30 	 2.34778357E-06 	 4.62140237E-07 
4.306600 	 30 	 2.69506817E-06 	 4.73195281E-07 
4.307700 	 30 	 2.42964959E-06 	 5.52724579E-07 
4.308700 	 30 	 5.00774917E-06 	 7.46004079E-07 
4.309600 	 30 	 1.21355509E-05 	 2.14148205E-06 
4.310600 	 30 	 1.21228924E-05 	 2.76107377E-06 
4.312600 	 30 	 2.18381645E-05 	 4.96889618E-06 
4.314600 	 30 	 1.14476501E-05 	 1.03187723E-05 
4.316700 	 30 	 2.19836954E-05 	 4.08417779E-06 
4.318700 	 30 	 1.89899341E-05 	 4.03837503E-06 
4.320800 	 30 	 2.10992423E-05 	 3.68868407E-06 
4.321500 	 30 	 1.66558873E-05 	 3.67909059E-06 
4.322700 	 30 	 2.05722615E-05 	 4.32530128E-06 
4.324600 	 30 	 1.99037343E-05 	 3.70331391E-06 
4.326600 	 30 	 2.19084456E-05 	 3.84609372E-06 
4.328700 	 30 	 2.25908533E-05 	 4.12068173E-06 
4.330700 	 30 	 1.95188804E-05 	 3.61495634E-06 
4.332700 	 30 	 2.25223522E-05 	 3.43516413E-06 
4.334500 	 30 	 1.71363137E-05 	 2.95912686E-06 
4.336700 	 30 	 6.60269767E-06 	 2.01253571E-06 
4.338600 	 30 	 1.05259398E-05 	 1.75285027E-06 
4.340600 	 30 	 8.15083181E-06 	 1.54349583E-06 
4.341600 	 30 	 1.15178917E-05 	 2.07740322E-06 
4.342700 	 30 	 1.28473487E-05 	 1.32440577E-06 
4.344700 	 30 	 1.41038676E-05 	 1.24493690E-06 
4.346700 	 30 	 1.42697415E-05 	 1.09654104E-06 
4.351500 	 30 	 1.21709486E-05 	 9.19637173E-07 
4.356400 	 30 	 1.11162149E-05 	 8.64414555E-07 
4.361500 	 30 	 1.35395769E-05 	 9.38264778E-07 
4.381600 	 30 	 6.13293390E-06 	 5.85571835E-07 
4.401600 	 30 	 1.10016929E-05 	 8.55408677E-07 
4.421500 	 30 	 1.75343793E-05 	 1.24987378E-06 
4.431700 	 30 	 2.78632267E-05 	 1.84768455E-06 
4.441700 	 30 	 4.20425684E-05 	 2.62971328E-06 
4.451500 	 30 	 8.81562252E-05 	 5.58359530E-06 
4.461400 	 30 	 1.65487636E-04 	 9.83253077E-06 
4.466500 	 30 	 4.26036216E-04 	 2.54834825E-05 
4.471600 	 30 	 6.91866124E-04 	 4.00109852E-05 
4.481500 	 30 	 7.73007715E-04 	 4.36344613E-05 
4.489500 	 30 	 6.43511453E-04 	 3.65595748E-05 
4.497600 	 30 	 3.29443339E-04 	 1.87158347E-05 
4.499700 	 30 	 2.49846915E-04 	 1.42238702E-05 
4.501600 	 30 	 3.17485701E-04 	 1.78374205E-05 
4.503700 	 30 	 1.41546229E-04 	 8.06124765E-06 
4.506500 	 30 	 1.02068534E-04 	 5.66889499E-06 
4.511500 	 30 	 5.35030622E-05 	 3.09388502E-06 
4.521700 	 30 	 2.75926038E-05 	 1.68775931E-06 
4.523700 	 30 	 2.42217406E-05 	 2.41358981E-06 
4.526600 	 30 	 2.03203847E-05 	 2.91352771E-06 
4.531600 	 30 	 2.98754720E-05 	 4.04588965E-06 
4.536700 	 30 	 3.32452885E-05 	 6.55488740E-06 
4.540900 	 30 	 3.91214434E-05 	 6.33048458E-06 
4.546600 	 30 	 7.32751146E-05 	 1.06073925E-05 
4.551700 	 30 	 1.20059947E-04 	 1.68817352E-05 
4.561300 	 30 	 2.90266540E-04 	 2.01349754E-05 
4.571700 	 30 	 7.05111948E-04 	 4.54806889E-05 
4.581600 	 30 	 7.01624301E-04 	 4.51857248E-05 
4.591500 	 30 	 3.83079497E-04 	 2.81189566E-05 
4.601600 	 30 	 2.01722803E-04 	 1.46445855E-05 
4.611800 	 30 	 1.00859687E-04 	 9.01789206E-06 
4.621500 	 30 	 9.87349849E-05 	 1.22438284E-05 
4.631700 	 30 	 8.01363961E-05 	 1.40911740E-05 
4.641400 	 30 	 6.40570963E-05 	 1.04921748E-05 
4.646700 	 30 	 4.78397596E-05 	 6.31326534E-06 
4.651500 	 30 	 5.28660957E-05 	 5.38804361E-06 
4.661500 	 30 	 9.94168254E-05 	 7.41790613E-06 
4.681600 	 30 	 7.40412535E-05 	 5.02154653E-06 
4.691700 	 30 	 3.53515390E-05 	 2.76880141E-06 
4.701400 	 30 	 2.74659347E-05 	 2.02487760E-06 
4.721500 	 30 	 2.47151963E-05 	 1.61224172E-06 
4.741500 	 30 	 3.31674236E-05 	 2.23057917E-06 
4.761500 	 30 	 5.82718322E-05 	 3.59554130E-06 
4.766700 	 30 	 1.39927196E-04 	 8.27012219E-06 
4.770400 	 30 	 1.47387311E-04 	 8.71516757E-06 
4.781500 	 30 	 1.77275397E-04 	 1.03671958E-05 
4.786500 	 30 	 1.89698975E-04 	 1.15659734E-05 
4.791700 	 30 	 1.61185677E-04 	 1.21689623E-05 
4.801600 	 30 	 1.36674852E-04 	 1.11310990E-05 
4.811400 	 30 	 1.04421947E-04 	 8.76113463E-06 
4.821500 	 30 	 1.05795269E-04 	 8.34392814E-06 
4.823700 	 30 	 9.74018121E-05 	 6.26152018E-06 
4.826800 	 30 	 9.50139625E-05 	 5.60177617E-06 
4.831600 	 30 	 9.51456069E-05 	 5.24856652E-06 
4.841400 	 30 	 8.97310420E-05 	 4.78206206E-06 
4.861500 	 30 	 1.07048840E-04 	 5.58324356E-06 
4.877800 	 30 	 1.47324818E-04 	 7.64160981E-06 
4.901400 	 30 	 2.38452757E-04 	 1.21237170E-05 
4.911400 	 30 	 3.58864023E-04 	 1.84324074E-05 
4.921600 	 30 	 4.79957762E-04 	 2.44519967E-05 
4.931500 	 30 	 6.22399998E-04 	 3.17617282E-05 
4.937700 	 30 	 7.84729310E-04 	 3.95885592E-05 
4.941700 	 30 	 8.53755696E-04 	 4.32740897E-05 
4.948400 	 30 	 1.05971285E-03 	 5.33426840E-05 
4.958200 	 30 	 1.28984865E-03 	 6.48599889E-05 
4.961800 	 30 	 1.31077843E-03 	 6.61224863E-05 
4.968300 	 30 	 1.46266704E-03 	 7.35396507E-05 
4.973400 	 30 	 1.48436599E-03 	 7.46225685E-05 
4.976200 	 30 	 1.48943249E-03 	 7.49114234E-05 
4.979400 	 30 	 1.46056964E-03 	 7.35115190E-05 
4.981500 	 30 	 1.45441673E-03 	 7.34000105E-05 
4.984300 	 30 	 1.40173630E-03 	 7.04268615E-05 
4.986100 	 30 	 1.35121857E-03 	 6.80533336E-05 
4.996200 	 30 	 1.11583091E-03 	 5.61763272E-05 
5.001600 	 30 	 1.03327310E-03 	 5.22715786E-05 
5.006200 	 30 	 8.72713870E-04 	 4.39714706E-05 
5.016100 	 30 	 6.77735409E-04 	 3.41262105E-05 
5.021500 	 30 	 6.20195954E-04 	 3.15627792E-05 
5.026300 	 30 	 5.32840770E-04 	 2.70130869E-05 
5.029200 	 30 	 5.13456198E-04 	 2.61509236E-05 
5.029400 	 30 	 5.11689534E-04 	 2.60327041E-05 
5.031300 	 30 	 5.13780606E-04 	 2.64451949E-05 
5.036300 	 30 	 4.87502704E-04 	 2.59247608E-05 
5.039300 	 30 	 4.91571558E-04 	 2.64804221E-05 
5.041600 	 30 	 4.94302598E-04 	 2.71258361E-05 
5.044300 	 30 	 5.57618676E-04 	 2.98686385E-05 
5.047400 	 30 	 5.96616260E-04 	 3.17649539E-05 
5.050200 	 30 	 6.36948993E-04 	 3.37940090E-05 
5.053500 	 30 	 6.48771293E-04 	 3.48450226E-05 
5.056300 	 30 	 6.39279276E-04 	 3.39896565E-05 
5.061500 	 30 	 6.08806949E-04 	 3.25513996E-05 
5.066300 	 30 	 5.16721063E-04 	 2.72050023E-05 
5.076400 	 30 	 3.20406207E-04 	 1.70398754E-05 
5.081400 	 30 	 2.71300194E-04 	 1.47029431E-05 
5.086000 	 30 	 2.21525366E-04 	 1.17341605E-05 
5.095700 	 30 	 1.76508445E-04 	 9.60754610E-06 
5.101500 	 30 	 1.64651823E-04 	 9.17736747E-06 
5.105200 	 30 	 1.53161088E-04 	 1.10186155E-05 
5.108300 	 30 	 1.60985430E-04 	 1.11617173E-05 
5.110400 	 30 	 1.47978876E-04 	 1.19160242E-05 
5.111500 	 30 	 1.58778787E-04 	 1.31043984E-05 
5.111900 	 30 	 1.49897720E-04 	 1.16594713E-05 
5.112200 	 30 	 1.52873473E-04 	 1.19737609E-05 
5.114400 	 30 	 1.46073172E-04 	 1.29548526E-05 
5.116400 	 30 	 1.51326360E-04 	 1.38956005E-05 
5.118400 	 30 	 1.32573928E-04 	 1.27509064E-05 
5.120300 	 30 	 1.34001342E-04 	 1.28786192E-05 
5.121500 	 30 	 1.36418380E-04 	 1.24910275E-05 
5.122300 	 30 	 1.28212308E-04 	 1.15739535E-05 
5.125300 	 30 	 1.26612491E-04 	 1.18269156E-05 
5.130300 	 30 	 1.12825463E-04 	 9.71469126E-06 
5.135300 	 30 	 1.05596338E-04 	 9.09986153E-06 
5.140000 	 30 	 1.02074826E-04 	 7.56711394E-06 
5.141400 	 30 	 1.02528110E-04 	 8.38964048E-06 
5.145300 	 30 	 1.26091228E-04 	 8.19595869E-06 
5.150400 	 30 	 2.09340561E-04 	 1.25755575E-05 
5.153200 	 30 	 2.56157652E-04 	 1.45648810E-05 
5.156200 	 30 	 2.68357285E-04 	 1.51426756E-05 
5.159500 	 30 	 2.75053550E-04 	 1.55608951E-05 
5.161500 	 30 	 2.91588695E-04 	 1.67679928E-05 
5.162500 	 30 	 2.87043102E-04 	 1.57834242E-05 
5.168500 	 30 	 2.75903474E-04 	 1.50411870E-05 
5.170900 	 30 	 2.57422572E-04 	 1.38530995E-05 
5.181500 	 30 	 1.66260766E-04 	 9.62790207E-06 
5.201300 	 30 	 1.07568798E-04 	 6.10258071E-06 
5.221500 	 30 	 9.93431011E-05 	 5.87425398E-06 
5.241500 	 30 	 1.12656483E-04 	 7.49812105E-06 
5.251000 	 30 	 1.61136060E-04 	 9.48088192E-06 
5.254600 	 30 	 1.66517945E-04 	 1.09273394E-05 
5.261600 	 30 	 2.55166628E-04 	 1.67763026E-05 
5.271400 	 30 	 3.76102388E-04 	 2.32679929E-05 
5.276500 	 30 	 3.69028630E-04 	 2.44061634E-05 
5.281500 	 30 	 3.48213651E-04 	 2.40312198E-05 
5.286500 	 30 	 3.29810122E-04 	 2.16270265E-05 
5.286500 	 30 	 3.01664974E-04 	 2.33912593E-05 
5.291300 	 30 	 2.85772762E-04 	 2.54468967E-05 
5.296500 	 30 	 2.21942016E-04 	 2.53055301E-05 
5.301700 	 30 	 2.23070826E-04 	 2.36418936E-05 
5.304400 	 30 	 2.10129210E-04 	 2.38994850E-05 
5.309200 	 30 	 1.39110940E-04 	 1.86817814E-05 
5.311200 	 30 	 2.30538868E-04 	 2.40501092E-05 
5.313900 	 30 	 1.81417997E-04 	 1.96421242E-05 
5.319700 	 30 	 1.58899591E-04 	 1.57023431E-05 
5.324400 	 30 	 2.49315041E-04 	 1.82406999E-05 
5.329000 	 30 	 2.77772189E-04 	 1.93639083E-05 
5.334300 	 30 	 3.28776614E-04 	 2.00957957E-05 
5.339200 	 30 	 3.85126432E-04 	 2.25971124E-05 
5.344400 	 30 	 4.51886352E-04 	 2.59882241E-05 
5.344400 	 30 	 4.16047561E-04 	 2.33247089E-05 
5.349000 	 30 	 4.10619410E-04 	 2.24037443E-05 
5.354200 	 30 	 3.83782464E-04 	 2.09977279E-05 
5.354400 	 30 	 3.68267201E-04 	 1.98872833E-05 
5.358400 	 30 	 3.33261926E-04 	 1.80427972E-05 
5.359800 	 30 	 3.22133723E-04 	 1.71573634E-05 
5.360100 	 30 	 3.14438362E-04 	 1.67276256E-05 
5.363600 	 30 	 3.91118667E-04 	 2.16793968E-05 
5.365100 	 30 	 3.45043782E-04 	 1.81201226E-05 
5.369400 	 30 	 3.58329411E-04 	 2.05266450E-05 
5.371300 	 30 	 3.27292696E-04 	 1.88290660E-05 
5.373400 	 30 	 3.09683574E-04 	 1.80881125E-05 
5.375400 	 30 	 2.92394805E-04 	 1.71679162E-05 
5.377500 	 30 	 2.76580901E-04 	 1.65400927E-05 
5.379500 	 30 	 2.61610386E-04 	 1.46135785E-05 
5.381200 	 30 	 2.59864509E-04 	 1.50637207E-05 
5.386300 	 30 	 1.39616797E-04 	 8.02244075E-06 
5.391600 	 30 	 5.91067246E-05 	 3.97852314E-06 
5.394400 	 30 	 3.61733601E-05 	 2.59926902E-06 
5.394800 	 30 	 5.05148402E-05 	 3.19578788E-06 
5.395400 	 30 	 3.31237258E-05 	 2.36959635E-06 
5.397500 	 30 	 2.51828988E-05 	 1.89852788E-06 
5.401400 	 30 	 2.27109017E-05 	 1.61624923E-06 
5.404600 	 30 	 2.44120129E-05 	 1.55541517E-06 
5.414900 	 30 	 3.51651628E-05 	 2.11729308E-06 
5.425600 	 30 	 6.27739772E-05 	 3.52234419E-06 
5.435900 	 30 	 6.60832174E-05 	 3.81017243E-06 
5.446900 	 30 	 5.95355235E-05 	 3.37925764E-06 
5.450800 	 30 	 5.35358752E-05 	 3.18089680E-06 
4.007500 	 45 	 9.93989335E-16 	 8.95969878E-16 
4.012500 	 45 	 2.28966881E-07 	 2.06387957E-07 
4.014400 	 45 	 5.99299064E-08 	 5.40200876E-08 
4.018500 	 45 	 1.06972506E-07 	 9.64237136E-08 
4.020600 	 45 	 3.94250696E-06 	 6.88010777E-07 
4.021500 	 45 	 1.04763609E-06 	 4.85200318E-07 
4.026600 	 45 	 6.14923411E-07 	 5.54284472E-07 
4.030600 	 45 	 5.65622559E-07 	 2.68074265E-07 
4.031400 	 45 	 3.32433485E-07 	 2.99651494E-07 
4.036500 	 45 	 7.65532890E-07 	 4.98664984E-07 
4.041500 	 45 	 1.01635684E-06 	 9.16131675E-07 
4.046600 	 45 	 2.20181217E-07 	 1.98468667E-07 
4.281500 	 45 	 1.68092778E-06 	 2.83239050E-07 
4.301600 	 45 	 3.39819548E-06 	 4.22955478E-07 
4.302600 	 45 	 2.03174482E-06 	 3.75066681E-07 
4.304700 	 45 	 1.55658302E-06 	 3.70878888E-07 
4.305700 	 45 	 1.32949527E-06 	 3.44472634E-07 
4.306600 	 45 	 3.83395265E-06 	 5.33355428E-07 
4.307700 	 45 	 3.22851539E-06 	 7.04429185E-07 
4.308700 	 45 	 2.91289512E-06 	 6.75214713E-07 
4.309600 	 45 	 8.29557976E-06 	 1.78172079E-06 
4.310600 	 45 	 1.44665500E-05 	 2.97246385E-06 
4.312600 	 45 	 1.75800485E-05 	 4.61490402E-06 
4.314600 	 45 	 2.49038766E-05 	 4.29682469E-06 
4.316700 	 45 	 2.38522151E-05 	 4.21788886E-06 
4.318700 	 45 	 1.57869972E-05 	 3.91522720E-06 
4.320800 	 45 	 2.67085137E-05 	 4.24672540E-06 
4.321500 	 45 	 2.25395068E-05 	 3.79016872E-06 
4.322700 	 45 	 1.74839599E-05 	 3.46175755E-06 
4.324600 	 45 	 2.42748915E-05 	 4.05824820E-06 
4.326600 	 45 	 1.97071335E-05 	 3.75957983E-06 
4.328700 	 45 	 2.03281029E-05 	 3.60443672E-06 
4.330700 	 45 	 1.70112768E-05 	 3.58062012E-06 
4.332700 	 45 	 1.54299810E-05 	 3.26211425E-06 
4.334500 	 45 	 1.69171968E-05 	 3.17718032E-06 
4.336700 	 45 	 9.92733713E-06 	 2.11231232E-06 
4.338600 	 45 	 1.69791906E-05 	 2.16126741E-06 
4.340600 	 45 	 9.99523915E-06 	 1.53812099E-06 
4.341600 	 45 	 1.05743882E-05 	 1.87741361E-06 
4.342700 	 45 	 1.64171877E-05 	 1.53835476E-06 
4.344700 	 45 	 1.56146059E-05 	 1.28033673E-06 
4.346700 	 45 	 1.24505596E-05 	 9.96704489E-07 
4.351500 	 45 	 1.13999086E-05 	 8.98536382E-07 
4.356400 	 45 	 1.10742599E-05 	 8.65361751E-07 
4.361500 	 45 	 1.25882197E-05 	 8.96362389E-07 
4.381600 	 45 	 6.09622353E-06 	 5.83198162E-07 
4.401600 	 45 	 9.48263543E-06 	 7.75616669E-07 
4.421500 	 45 	 1.76545805E-05 	 1.24611297E-06 
4.431700 	 45 	 2.75064210E-05 	 1.84140807E-06 
4.441700 	 45 	 4.38730610E-05 	 2.66907536E-06 
4.451500 	 45 	 9.10176237E-05 	 5.67632567E-06 
4.461400 	 45 	 1.53904405E-04 	 9.26619157E-06 
4.466500 	 45 	 4.38700095E-04 	 2.60614161E-05 
4.471600 	 45 	 6.80459250E-04 	 3.92802443E-05 
4.481500 	 45 	 7.63986777E-04 	 4.30884025E-05 
4.489500 	 45 	 6.15335244E-04 	 3.53054559E-05 
4.497600 	 45 	 3.19937332E-04 	 1.81986513E-05 
4.499700 	 45 	 2.44138550E-04 	 1.39705171E-05 
4.501600 	 45 	 3.02948391E-04 	 1.70697020E-05 
4.503700 	 45 	 1.36364817E-04 	 7.76669197E-06 
4.506500 	 45 	 9.75113967E-05 	 5.44996947E-06 
4.511500 	 45 	 5.43816120E-05 	 3.16097417E-06 
4.521700 	 45 	 2.73853378E-05 	 1.70904676E-06 
4.523700 	 45 	 1.97914964E-05 	 1.70162682E-06 
4.526600 	 45 	 1.69863759E-05 	 2.62734588E-06 
4.531600 	 45 	 2.83097823E-05 	 4.22051286E-06 
4.536700 	 45 	 3.54988724E-05 	 7.60670632E-06 
4.540900 	 45 	 2.69295683E-05 	 6.85513429E-06 
4.546600 	 45 	 7.38152292E-05 	 1.16099304E-05 
4.551700 	 45 	 1.04288982E-04 	 1.46886443E-05 
4.561300 	 45 	 2.79932510E-04 	 1.92264108E-05 
4.571700 	 45 	 7.06487511E-04 	 4.54655433E-05 
4.581600 	 45 	 6.66625206E-04 	 4.32463339E-05 
4.591500 	 45 	 3.73669204E-04 	 2.65505145E-05 
4.601600 	 45 	 1.98786725E-04 	 1.43360545E-05 
4.611800 	 45 	 1.04700520E-04 	 9.27484760E-06 
4.621500 	 45 	 9.21602859E-05 	 1.40194686E-05 
4.631700 	 45 	 7.88219577E-05 	 1.36680002E-05 
4.641400 	 45 	 5.38054290E-05 	 9.28578462E-06 
4.646700 	 45 	 4.05163702E-05 	 7.14969239E-06 
4.651500 	 45 	 5.31914910E-05 	 5.47776432E-06 
4.661500 	 45 	 1.06070908E-04 	 8.01345762E-06 
4.681600 	 45 	 7.01246995E-05 	 4.82797898E-06 
4.691700 	 45 	 3.00652666E-05 	 2.32588906E-06 
4.701400 	 45 	 2.57072017E-05 	 1.93647226E-06 
4.721500 	 45 	 2.38283283E-05 	 1.55785167E-06 
4.741500 	 45 	 2.98742773E-05 	 2.01606462E-06 
4.761500 	 45 	 6.04980663E-05 	 3.73902538E-06 
4.766700 	 45 	 1.28851524E-04 	 7.76038422E-06 
4.770400 	 45 	 1.46798256E-04 	 8.67972458E-06 
4.781500 	 45 	 1.76453059E-04 	 1.03780626E-05 
4.786500 	 45 	 1.81355321E-04 	 1.09894069E-05 
4.791700 	 45 	 1.65629474E-04 	 1.27970599E-05 
4.801600 	 45 	 1.42969906E-04 	 1.11825886E-05 
4.811400 	 45 	 1.03841975E-04 	 8.51079557E-06 
4.821500 	 45 	 9.79182795E-05 	 7.51447593E-06 
4.823700 	 45 	 9.59972183E-05 	 6.05161567E-06 
4.826800 	 45 	 9.59988925E-05 	 5.65921633E-06 
4.831600 	 45 	 8.97218409E-05 	 4.96080362E-06 
4.841400 	 45 	 9.06953062E-05 	 4.81018272E-06 
4.861500 	 45 	 1.05794285E-04 	 5.52046145E-06 
4.877800 	 45 	 1.43765340E-04 	 7.46021375E-06 
4.901400 	 45 	 2.31351346E-04 	 1.17692686E-05 
4.911400 	 45 	 3.52548389E-04 	 1.81229320E-05 
4.921600 	 45 	 4.67454682E-04 	 2.38277691E-05 
4.931500 	 45 	 6.08417431E-04 	 3.10681102E-05 
4.937700 	 45 	 7.72949551E-04 	 3.89947112E-05 
4.941700 	 45 	 8.42975695E-04 	 4.27397836E-05 
4.948400 	 45 	 1.04161456E-03 	 5.24335000E-05 
4.958200 	 45 	 1.26911086E-03 	 6.38271958E-05 
4.961800 	 45 	 1.27565306E-03 	 6.43649723E-05 
4.968300 	 45 	 1.43622367E-03 	 7.22259670E-05 
4.973400 	 45 	 1.46074612E-03 	 7.34437932E-05 
4.976200 	 45 	 1.46474113E-03 	 7.36857649E-05 
4.979400 	 45 	 1.42507543E-03 	 7.17533382E-05 
4.981500 	 45 	 1.39856283E-03 	 7.06159953E-05 
4.984300 	 45 	 1.37428445E-03 	 6.90598529E-05 
4.986100 	 45 	 1.32600111E-03 	 6.67955638E-05 
4.996200 	 45 	 1.09552463E-03 	 5.51686047E-05 
5.001600 	 45 	 9.95764242E-04 	 5.03960232E-05 
5.006200 	 45 	 8.61109498E-04 	 4.33921075E-05 
5.016100 	 45 	 6.67712187E-04 	 3.36282818E-05 
5.021500 	 45 	 5.98222661E-04 	 3.04501709E-05 
5.026300 	 45 	 5.29237134E-04 	 2.68345466E-05 
5.029200 	 45 	 4.99675647E-04 	 2.54573433E-05 
5.029400 	 45 	 5.00045007E-04 	 2.54575545E-05 
5.031300 	 45 	 5.09577980E-04 	 2.62473620E-05 
5.036300 	 45 	 4.93135306E-04 	 2.62373490E-05 
5.039300 	 45 	 4.91039429E-04 	 2.64264861E-05 
5.041600 	 45 	 4.79222450E-04 	 2.62989382E-05 
5.044300 	 45 	 5.52918549E-04 	 2.96142144E-05 
5.047400 	 45 	 6.05745376E-04 	 3.22069630E-05 
5.050200 	 45 	 6.25166282E-04 	 3.32845911E-05 
5.053500 	 45 	 6.36795705E-04 	 3.42572318E-05 
5.056300 	 45 	 6.33967496E-04 	 3.37407418E-05 
5.061500 	 45 	 5.84805343E-04 	 3.12999714E-05 
5.066300 	 45 	 5.22129562E-04 	 2.75000679E-05 
5.076400 	 45 	 3.23736855E-04 	 1.71962762E-05 
5.081400 	 45 	 2.69551830E-04 	 1.45780039E-05 
5.086000 	 45 	 2.21482542E-04 	 1.17405309E-05 
5.095700 	 45 	 1.69857372E-04 	 9.27127433E-06 
5.101500 	 45 	 1.54261865E-04 	 8.62905026E-06 
5.105200 	 45 	 1.59191411E-04 	 1.10053323E-05 
5.108300 	 45 	 1.57812553E-04 	 1.12071313E-05 
5.110400 	 45 	 1.45408163E-04 	 1.12979119E-05 
5.111500 	 45 	 1.58904761E-04 	 1.28474558E-05 
5.111900 	 45 	 1.52665946E-04 	 1.28578063E-05 
5.112200 	 45 	 1.41594122E-04 	 1.23013597E-05 
5.114400 	 45 	 1.54105463E-04 	 1.29917771E-05 
5.116400 	 45 	 1.51514316E-04 	 1.38659102E-05 
5.118400 	 45 	 1.44271667E-04 	 1.34073342E-05 
5.120300 	 45 	 1.36573168E-04 	 1.18181236E-05 
5.121500 	 45 	 1.30478763E-04 	 1.28465230E-05 
5.122300 	 45 	 1.38995703E-04 	 1.30234952E-05 
5.125300 	 45 	 1.34005950E-04 	 1.13146593E-05 
5.130300 	 45 	 1.17441146E-04 	 1.02194877E-05 
5.135300 	 45 	 1.05633719E-04 	 9.01872264E-06 
5.140000 	 45 	 1.01887937E-04 	 7.39613085E-06 
5.141400 	 45 	 1.05101111E-04 	 8.45548206E-06 
5.145300 	 45 	 1.19356785E-04 	 7.79648190E-06 
5.150400 	 45 	 2.16021304E-04 	 1.28771906E-05 
5.153200 	 45 	 2.51995480E-04 	 1.42674752E-05 
5.156200 	 45 	 2.68150709E-04 	 1.50435201E-05 
5.159500 	 45 	 2.71110049E-04 	 1.52787151E-05 
5.161500 	 45 	 2.77478594E-04 	 1.60401649E-05 
5.162500 	 45 	 2.80162586E-04 	 1.54153041E-05 
5.168500 	 45 	 2.74493417E-04 	 1.49699875E-05 
5.170900 	 45 	 2.55475905E-04 	 1.37532580E-05 
5.181500 	 45 	 1.56403666E-04 	 9.10824033E-06 
5.201300 	 45 	 1.03226512E-04 	 5.92029949E-06 
5.221500 	 45 	 9.57493162E-05 	 5.75328707E-06 
5.241500 	 45 	 1.11812620E-04 	 7.56190021E-06 
5.251000 	 45 	 1.56720407E-04 	 9.32080431E-06 
5.254600 	 45 	 1.72043930E-04 	 1.14590372E-05 
5.261600 	 45 	 2.69021707E-04 	 1.75833057E-05 
5.271400 	 45 	 3.41000631E-04 	 2.12698073E-05 
5.276500 	 45 	 3.53130550E-04 	 2.40210153E-05 
5.281500 	 45 	 3.49517065E-04 	 2.43055054E-05 
5.286500 	 45 	 3.16467011E-04 	 2.06424925E-05 
5.286500 	 45 	 3.05319936E-04 	 2.36903214E-05 
5.291300 	 45 	 2.49782403E-04 	 2.38060638E-05 
5.296500 	 45 	 2.41516648E-04 	 2.65101237E-05 
5.301700 	 45 	 2.04737543E-04 	 2.16373136E-05 
5.304400 	 45 	 2.24765034E-04 	 2.42505854E-05 
5.309200 	 45 	 1.68286459E-04 	 1.80705688E-05 
5.311200 	 45 	 2.09309534E-04 	 2.13500734E-05 
5.313900 	 45 	 1.92315453E-04 	 1.93458908E-05 
5.319700 	 45 	 2.27739844E-04 	 1.69237289E-05 
5.324400 	 45 	 2.49317085E-04 	 1.89912133E-05 
5.329000 	 45 	 2.84679424E-04 	 1.90056439E-05 
5.334300 	 45 	 3.25560085E-04 	 1.95022640E-05 
5.339200 	 45 	 3.77462964E-04 	 2.21183476E-05 
5.344400 	 45 	 4.33951968E-04 	 2.50253273E-05 
5.344400 	 45 	 4.00535504E-04 	 2.25472491E-05 
5.349000 	 45 	 4.07727055E-04 	 2.22088600E-05 
5.354200 	 45 	 3.78930151E-04 	 2.06633193E-05 
5.354400 	 45 	 3.65305239E-04 	 1.97112344E-05 
5.358400 	 45 	 3.34119977E-04 	 1.80313663E-05 
5.359800 	 45 	 3.10570154E-04 	 1.65850490E-05 
5.360100 	 45 	 3.06348273E-04 	 1.63100785E-05 
5.363600 	 45 	 3.88745494E-04 	 2.14648172E-05 
5.365100 	 45 	 3.34840572E-04 	 1.75681768E-05 
5.369400 	 45 	 3.65629780E-04 	 2.08008802E-05 
5.371300 	 45 	 3.32576921E-04 	 1.90447120E-05 
5.373400 	 45 	 3.06173682E-04 	 1.77281022E-05 
5.375400 	 45 	 2.94455108E-04 	 1.70682109E-05 
5.377500 	 45 	 2.71933469E-04 	 1.63682111E-05 
5.379500 	 45 	 2.59560002E-04 	 1.43901864E-05 
5.381200 	 45 	 2.65225882E-04 	 1.54171722E-05 
5.386300 	 45 	 1.39818477E-04 	 8.00234825E-06 
5.391600 	 45 	 5.64100481E-05 	 3.79581609E-06 
5.394400 	 45 	 3.36289159E-05 	 2.45492896E-06 
5.394800 	 45 	 4.79819894E-05 	 3.06341558E-06 
5.395400 	 45 	 3.02914515E-05 	 2.19379422E-06 
5.397500 	 45 	 2.53285135E-05 	 1.83048398E-06 
5.401400 	 45 	 2.20369915E-05 	 1.57511749E-06 
5.404600 	 45 	 2.33521842E-05 	 1.48518211E-06 
5.414900 	 45 	 3.39840423E-05 	 1.99648291E-06 
5.425600 	 45 	 6.07443993E-05 	 3.39428623E-06 
5.435900 	 45 	 6.46827711E-05 	 3.73474747E-06 
5.446900 	 45 	 5.78206928E-05 	 3.25488338E-06 
5.450800 	 45 	 5.23174232E-05 	 3.10607507E-06 
4.007500 	 90 	 2.91153846E-03 	 2.03408422E-03 
4.012500 	 90 	 1.22184271E-05 	 1.10135414E-05 
4.014400 	 90 	 1.34301019E-06 	 1.21057302E-06 
4.018500 	 90 	 2.53411770E-07 	 2.28422283E-07 
4.020600 	 90 	 1.20968536E-07 	 1.09039565E-07 
4.021500 	 90 	 3.72527572E-06 	 2.81319459E-06 
4.026600 	 90 	 2.57949931E-06 	 2.32512926E-06 
4.030600 	 90 	 9.93259805E-07 	 8.95312289E-07 
4.031400 	 90 	 2.86722399E-07 	 2.58448078E-07 
4.036500 	 90 	 9.43811617E-15 	 8.50740295E-15 
4.041500 	 90 	 1.20370921E-06 	 1.08500882E-06 
4.046600 	 90 	 1.82986067E-06 	 1.64941412E-06 
4.281500 	 90 	 5.08978429E-07 	 4.58786956E-07 
4.301600 	 90 	 1.16867350E-07 	 1.05342806E-07 
4.302600 	 90 	 2.37443473E-07 	 2.14028654E-07 
4.304700 	 90 	 1.50500703E-06 	 1.30528750E-06 
4.305700 	 90 	 1.04001939E-14 	 9.37460808E-15 
4.306600 	 90 	 1.10278077E-06 	 9.21454935E-07 
4.307700 	 90 	 6.82048115E-07 	 6.14789862E-07 
4.308700 	 90 	 1.14943829E-06 	 1.03608967E-06 
4.309600 	 90 	 1.87608049E-06 	 1.69107610E-06 
4.310600 	 90 	 6.19461414E-06 	 4.15776557E-06 
4.312600 	 90 	 9.49188695E-06 	 4.69809651E-06 
4.314600 	 90 	 6.72033736E-06 	 3.66862283E-06 
4.316700 	 90 	 5.62947943E-06 	 3.95294077E-06 
4.318700 	 90 	 8.02251111E-06 	 4.26516129E-06 
4.320800 	 90 	 6.68771683E-06 	 4.53757904E-06 
4.321500 	 90 	 9.19519920E-06 	 3.75619615E-06 
4.322700 	 90 	 3.37105043E-06 	 3.03862379E-06 
4.324600 	 90 	 9.82001117E-06 	 4.16944426E-06 
4.326600 	 90 	 8.69516672E-06 	 4.26068769E-06 
4.328700 	 90 	 5.68151326E-06 	 3.77722348E-06 
4.330700 	 90 	 1.37589908E-05 	 5.72091033E-06 
4.332700 	 90 	 7.63065115E-06 	 3.52831524E-06 
4.334500 	 90 	 6.79206944E-06 	 4.67162870E-06 
4.336700 	 90 	 3.93691405E-06 	 2.59953755E-06 
4.338600 	 90 	 3.89507265E-06 	 1.88823015E-06 
4.340600 	 90 	 2.92568718E-06 	 1.88965793E-06 
4.341600 	 90 	 4.72063124E-06 	 2.00273479E-06 
4.342700 	 90 	 5.44784624E-06 	 1.45503220E-06 
4.344700 	 90 	 3.30723016E-06 	 9.27114049E-07 
4.346700 	 90 	 4.98727377E-06 	 1.03101123E-06 
4.351500 	 90 	 3.02819157E-06 	 7.57234958E-07 
4.356400 	 90 	 3.39114397E-06 	 7.24720090E-07 
4.361500 	 90 	 5.61755178E-06 	 7.88717390E-07 
4.381600 	 90 	 1.07846489E-06 	 7.42596544E-07 
4.401600 	 90 	 3.64177692E-06 	 6.79095692E-07 
4.421500 	 90 	 8.19538277E-06 	 9.82073265E-07 
4.431700 	 90 	 1.95444323E-05 	 1.73690067E-06 
4.441700 	 90 	 3.17053662E-05 	 2.35650481E-06 
4.451500 	 90 	 6.80070287E-05 	 5.41170892E-06 
4.461400 	 90 	 1.43944399E-04 	 9.89834336E-06 
4.466500 	 90 	 3.76941471E-04 	 2.61387596E-05 
4.471600 	 90 	 6.36212234E-04 	 4.18287270E-05 
4.481500 	 90 	 7.26213436E-04 	 4.52384052E-05 
4.489500 	 90 	 5.66844545E-04 	 3.62170946E-05 
4.497600 	 90 	 2.87168932E-04 	 1.81073282E-05 
4.499700 	 90 	 2.04004067E-04 	 1.30905579E-05 
4.501600 	 90 	 2.82967959E-04 	 1.75816992E-05 
4.503700 	 90 	 1.15419097E-04 	 7.35128180E-06 
4.506500 	 90 	 7.95454468E-05 	 4.93277606E-06 
4.511500 	 90 	 3.62699875E-05 	 2.57159529E-06 
4.521700 	 90 	 1.61115234E-05 	 1.33063993E-06 
4.523700 	 90 	 1.14570080E-05 	 1.65351887E-06 
4.526600 	 90 	 1.19566928E-05 	 3.29973645E-06 
4.531600 	 90 	 1.18478670E-05 	 4.21218573E-06 
4.536700 	 90 	 2.52452308E-05 	 7.75317156E-06 
4.540900 	 90 	 2.24444154E-05 	 7.20794343E-06 
4.546600 	 90 	 6.72627647E-05 	 1.51743307E-05 
4.551700 	 90 	 7.14383991E-05 	 1.89169862E-05 
4.561300 	 90 	 2.48885119E-04 	 2.09838683E-05 
4.571700 	 90 	 6.55366135E-04 	 5.07495985E-05 
4.581600 	 90 	 6.33036513E-04 	 4.95985993E-05 
4.591500 	 90 	 3.23246952E-04 	 3.00781373E-05 
4.601600 	 90 	 1.52248111E-04 	 1.49541302E-05 
4.611800 	 90 	 8.19480966E-05 	 9.64293996E-06 
4.621500 	 90 	 8.22343609E-05 	 1.60752183E-05 
4.631700 	 90 	 5.05822198E-05 	 1.50671938E-05 
4.641400 	 90 	 3.65735182E-05 	 9.43252699E-06 
4.646700 	 90 	 2.04972570E-05 	 6.29595169E-06 
4.651500 	 90 	 3.25424699E-05 	 5.72749893E-06 
4.661500 	 90 	 9.05295947E-05 	 8.10961093E-06 
4.681600 	 90 	 5.44966659E-05 	 4.59690431E-06 
4.691700 	 90 	 1.87737990E-05 	 2.04721046E-06 
4.701400 	 90 	 1.60442549E-05 	 1.81455034E-06 
4.721500 	 90 	 1.81041546E-05 	 1.67378665E-06 
4.741500 	 90 	 2.11772638E-05 	 1.76705998E-06 
4.761500 	 90 	 5.06389980E-05 	 3.53649284E-06 
4.766700 	 90 	 1.12754777E-04 	 7.32781351E-06 
4.770400 	 90 	 1.33633847E-04 	 8.41003388E-06 
4.781500 	 90 	 1.59180178E-04 	 1.01526692E-05 
4.786500 	 90 	 1.60302868E-04 	 1.09540578E-05 
4.791700 	 90 	 1.38177201E-04 	 1.28988114E-05 
4.801600 	 90 	 1.22485411E-04 	 1.28840930E-05 
4.811400 	 90 	 1.11701758E-04 	 1.09189165E-05 
4.821500 	 90 	 8.75778608E-05 	 7.60895519E-06 
4.823700 	 90 	 8.00692851E-05 	 5.87198868E-06 
4.826800 	 90 	 7.77264284E-05 	 5.19641995E-06 
4.831600 	 90 	 6.89746487E-05 	 4.24046630E-06 
4.841400 	 90 	 7.57286917E-05 	 4.29881151E-06 
4.861500 	 90 	 9.40948412E-05 	 5.08916125E-06 
4.877800 	 90 	 1.25283620E-04 	 6.71618375E-06 
4.901400 	 90 	 2.16479667E-04 	 1.11703474E-05 
4.911400 	 90 	 3.27100120E-04 	 1.71957485E-05 
4.921600 	 90 	 4.36555134E-04 	 2.26068755E-05 
4.931500 	 90 	 5.88259618E-04 	 3.04838496E-05 
4.937700 	 90 	 7.22142452E-04 	 3.67052614E-05 
4.941700 	 90 	 7.70058329E-04 	 3.95274493E-05 
4.948400 	 90 	 9.55629517E-04 	 4.84067166E-05 
4.958200 	 90 	 1.19104444E-03 	 6.02044169E-05 
4.961800 	 90 	 1.20730820E-03 	 6.13756803E-05 
4.968300 	 90 	 1.37671169E-03 	 6.95411906E-05 
4.973400 	 90 	 1.38812114E-03 	 7.01111576E-05 
4.976200 	 90 	 1.37076808E-03 	 6.93038388E-05 
4.979400 	 90 	 1.36476254E-03 	 6.90531797E-05 
4.981500 	 90 	 1.36886413E-03 	 6.96221293E-05 
4.984300 	 90 	 1.29715215E-03 	 6.54514209E-05 
4.986100 	 90 	 1.26752965E-03 	 6.42126274E-05 
4.996200 	 90 	 1.04650194E-03 	 5.30090700E-05 
5.001600 	 90 	 9.57602967E-04 	 4.89172744E-05 
5.006200 	 90 	 7.97450396E-04 	 4.04590622E-05 
5.016100 	 90 	 6.28343531E-04 	 3.18271794E-05 
5.021500 	 90 	 5.81012884E-04 	 2.99938643E-05 
5.026300 	 90 	 4.93012759E-04 	 2.53246882E-05 
5.029200 	 90 	 4.78472229E-04 	 2.47197593E-05 
5.029400 	 90 	 4.72021549E-04 	 2.43568670E-05 
5.031300 	 90 	 4.62684868E-04 	 2.44120204E-05 
5.036300 	 90 	 4.61234636E-04 	 2.56870517E-05 
5.039300 	 90 	 4.58437811E-04 	 2.60081835E-05 
5.041600 	 90 	 4.67569129E-04 	 2.71653163E-05 
5.044300 	 90 	 5.11266454E-04 	 2.88564211E-05 
5.047400 	 90 	 5.69762602E-04 	 3.16948859E-05 
5.050200 	 90 	 5.96388719E-04 	 3.32791975E-05 
5.053500 	 90 	 6.01153541E-04 	 3.41089049E-05 
5.056300 	 90 	 5.96027556E-04 	 3.31728999E-05 
5.061500 	 90 	 5.51700796E-04 	 3.09839267E-05 
5.066300 	 90 	 4.80671954E-04 	 2.63136311E-05 
5.076400 	 90 	 3.09811293E-04 	 1.70732479E-05 
5.081400 	 90 	 2.67806392E-04 	 1.53454666E-05 
5.086000 	 90 	 2.07847597E-04 	 1.14356825E-05 
5.095700 	 90 	 1.56497264E-04 	 9.04194333E-06 
5.101500 	 90 	 1.55593971E-04 	 9.22221640E-06 
5.105200 	 90 	 1.55450517E-04 	 1.24014819E-05 
5.108300 	 90 	 1.57034961E-04 	 1.23720077E-05 
5.110400 	 90 	 1.44796099E-04 	 1.25344749E-05 
5.111500 	 90 	 1.39253495E-04 	 1.34066473E-05 
5.111900 	 90 	 1.34613316E-04 	 1.28271842E-05 
5.112200 	 90 	 1.47199956E-04 	 1.40731583E-05 
5.114400 	 90 	 1.47749982E-04 	 1.66671792E-05 
5.116400 	 90 	 1.38003275E-04 	 1.54121772E-05 
5.118400 	 90 	 1.44530713E-04 	 1.53254525E-05 
5.120300 	 90 	 1.25666982E-04 	 1.40873219E-05 
5.121500 	 90 	 1.37463337E-04 	 1.34555731E-05 
5.122300 	 90 	 1.36581328E-04 	 1.84090699E-05 
5.125300 	 90 	 1.34549034E-04 	 1.28980721E-05 
5.130300 	 90 	 1.21874542E-04 	 1.06794067E-05 
5.135300 	 90 	 9.72655992E-05 	 1.03485736E-05 
5.140000 	 90 	 8.88931640E-05 	 7.86554857E-06 
5.141400 	 90 	 8.65660449E-05 	 8.82564450E-06 
5.145300 	 90 	 1.14389628E-04 	 9.04762082E-06 
5.150400 	 90 	 1.74832052E-04 	 1.19788123E-05 
5.153200 	 90 	 2.37247876E-04 	 1.46937896E-05 
5.156200 	 90 	 2.51622706E-04 	 1.53468645E-05 
5.159500 	 90 	 2.53108322E-04 	 1.55550643E-05 
5.161500 	 90 	 2.68556253E-04 	 1.70734711E-05 
5.162500 	 90 	 2.69916560E-04 	 1.58166890E-05 
5.168500 	 90 	 2.58664679E-04 	 1.50721639E-05 
5.170900 	 90 	 2.37737517E-04 	 1.35536796E-05 
5.181500 	 90 	 1.46314970E-04 	 9.50964535E-06 
5.201300 	 90 	 9.62539255E-05 	 5.88557296E-06 
5.221500 	 90 	 8.61285110E-05 	 5.60940773E-06 
5.241500 	 90 	 9.50230127E-05 	 7.37315851E-06 
5.251000 	 90 	 1.36741508E-04 	 8.83112014E-06 
5.254600 	 90 	 1.65409715E-04 	 1.18469496E-05 
5.261600 	 90 	 2.30459398E-04 	 1.69972187E-05 
5.271400 	 90 	 3.07009333E-04 	 2.13602220E-05 
5.276500 	 90 	 3.39627701E-04 	 2.55557763E-05 
5.281500 	 90 	 3.21603100E-04 	 2.62485346E-05 
5.286500 	 90 	 2.87935450E-04 	 2.13222774E-05 
5.286500 	 90 	 2.92208028E-04 	 2.41104747E-05 
5.291300 	 90 	 2.66498558E-04 	 3.05402952E-05 
5.296500 	 90 	 2.54664741E-04 	 2.87563264E-05 
5.301700 	 90 	 1.84526366E-04 	 2.02851071E-05 
5.304400 	 90 	 1.84889882E-04 	 2.70841232E-05 
5.309200 	 90 	 1.78155051E-04 	 2.17781943E-05 
5.311200 	 90 	 1.89366300E-04 	 2.34140722E-05 
5.313900 	 90 	 1.93407307E-04 	 2.46831369E-05 
5.319700 	 90 	 2.09254533E-04 	 2.01602649E-05 
5.324400 	 90 	 2.31948562E-04 	 1.96437744E-05 
5.329000 	 90 	 2.74137996E-04 	 2.10704302E-05 
5.334300 	 90 	 3.21355386E-04 	 2.23056799E-05 
5.339200 	 90 	 3.59049511E-04 	 2.33310728E-05 
5.344400 	 90 	 3.97567699E-04 	 2.53808141E-05 
5.344400 	 90 	 3.81770970E-04 	 2.33259707E-05 
5.349000 	 90 	 3.89675161E-04 	 2.28665339E-05 
5.354200 	 90 	 3.47698501E-04 	 2.03348652E-05 
5.354400 	 90 	 3.45159208E-04 	 1.98421888E-05 
5.358400 	 90 	 3.09610277E-04 	 1.78353577E-05 
5.359800 	 90 	 2.90732817E-04 	 1.64078080E-05 
5.360100 	 90 	 2.86370635E-04 	 1.60704473E-05 
5.363600 	 90 	 3.65363318E-04 	 2.16252700E-05 
5.365100 	 90 	 3.24382492E-04 	 1.77193260E-05 
5.369400 	 90 	 3.56728489E-04 	 2.18898059E-05 
5.371300 	 90 	 3.05063028E-04 	 1.94575082E-05 
5.373400 	 90 	 2.90311660E-04 	 1.86632720E-05 
5.375400 	 90 	 2.81431210E-04 	 1.79337802E-05 
5.377500 	 90 	 2.57182274E-04 	 1.70366748E-05 
5.379500 	 90 	 2.40505294E-04 	 1.45855318E-05 
5.381200 	 90 	 2.36814707E-04 	 1.50496818E-05 
5.386300 	 90 	 1.25611734E-04 	 8.02093896E-06 
5.391600 	 90 	 6.05292191E-05 	 4.49716148E-06 
5.394400 	 90 	 3.36418093E-05 	 2.71425320E-06 
5.394800 	 90 	 4.78037546E-05 	 3.58045801E-06 
5.395400 	 90 	 3.13238923E-05 	 2.45540070E-06 
5.397500 	 90 	 2.72120966E-05 	 2.16388862E-06 
5.401400 	 90 	 2.36375742E-05 	 1.84302135E-06 
5.404600 	 90 	 8.74582229E-06 	 9.80245128E-07 
5.414900 	 90 	 2.10705155E-05 	 1.45575740E-06 
5.425600 	 90 	 4.35955260E-05 	 2.65429683E-06 
5.435900 	 90 	 6.27523001E-05 	 3.97073923E-06 
5.446900 	 90 	 5.63029371E-05 	 3.45267686E-06 
5.450800 	 90 	 4.88874126E-05 	 3.15838256E-06 
4.007500 	 75 	 1.25229713E-06 	 1.12880538E-06 
4.012500 	 75 	 5.22534212E-07 	 2.35721419E-07 
4.014400 	 75 	 2.91855151E-07 	 2.70529269E-07 
4.018500 	 75 	 2.28201973E-07 	 2.05698478E-07 
4.020600 	 75 	 5.33757754E-07 	 3.74650101E-07 
4.021500 	 75 	 1.09215129E-15 	 9.84451866E-16 
4.026600 	 75 	 7.52236653E-07 	 3.47349668E-07 
4.030600 	 75 	 1.14979723E-06 	 3.83820484E-07 
4.031400 	 75 	 1.38672016E-06 	 9.49839455E-07 
4.036500 	 75 	 1.36473062E-06 	 3.77129326E-07 
4.041500 	 75 	 1.59020567E-07 	 1.43339202E-07 
4.046600 	 75 	 1.64033005E-07 	 1.47857353E-07 
4.281500 	 75 	 4.45082181E-06 	 3.73995106E-07 
4.301600 	 75 	 2.67880786E-06 	 3.03709007E-07 
4.302600 	 75 	 1.15514614E-06 	 2.49558448E-07 
4.304700 	 75 	 7.28662202E-07 	 2.62951538E-07 
4.305700 	 75 	 5.95157833E-07 	 3.30984925E-07 
4.306600 	 75 	 1.38363140E-06 	 3.88212811E-07 
4.307700 	 75 	 1.52314422E-06 	 4.28037872E-07 
4.308700 	 75 	 4.03309209E-06 	 6.21901388E-07 
4.309600 	 75 	 5.73208383E-06 	 1.30114177E-06 
4.310600 	 75 	 8.87742636E-06 	 1.94700031E-06 
4.312600 	 75 	 2.20510646E-05 	 4.49891422E-06 
4.314600 	 75 	 2.04205104E-05 	 2.89825196E-06 
4.316700 	 75 	 2.54726975E-05 	 3.80585464E-06 
4.318700 	 75 	 2.10980333E-05 	 3.10026496E-06 
4.320800 	 75 	 1.76101368E-05 	 3.34671305E-06 
4.321500 	 75 	 2.36550540E-05 	 3.78383040E-06 
4.322700 	 75 	 1.48764006E-05 	 2.63270798E-06 
4.324600 	 75 	 2.42014970E-05 	 4.18118186E-06 
4.326600 	 75 	 1.26336823E-05 	 2.61453127E-06 
4.328700 	 75 	 1.26131906E-05 	 3.06383176E-06 
4.330700 	 75 	 1.90962324E-05 	 2.89717080E-06 
4.332700 	 75 	 1.25843175E-05 	 2.28984458E-06 
4.334500 	 75 	 1.47644110E-05 	 2.87333590E-06 
4.336700 	 75 	 8.80220620E-06 	 1.60754621E-06 
4.338600 	 75 	 1.04932939E-05 	 1.50623727E-06 
4.340600 	 75 	 8.92711451E-06 	 1.12589970E-06 
4.341600 	 75 	 8.12681783E-06 	 1.48126896E-06 
4.342700 	 75 	 1.40630341E-05 	 1.27922502E-06 
4.344700 	 75 	 1.38992510E-05 	 1.17285452E-06 
4.346700 	 75 	 1.31440583E-05 	 9.64919923E-07 
4.351500 	 75 	 1.05888645E-05 	 8.10245046E-07 
4.356400 	 75 	 1.14850936E-05 	 8.76048340E-07 
4.361500 	 75 	 1.18830677E-05 	 8.51189535E-07 
4.381600 	 75 	 6.73103407E-06 	 5.66814767E-07 
4.401600 	 75 	 1.06980033E-05 	 8.02977144E-07 
4.421500 	 75 	 1.78740608E-05 	 1.20781080E-06 
4.431700 	 75 	 2.97262867E-05 	 1.86684500E-06 
4.441700 	 75 	 4.07716031E-05 	 2.41626547E-06 
4.451500 	 75 	 8.48284120E-05 	 5.22025206E-06 
4.461400 	 75 	 1.46757349E-04 	 8.64859946E-06 
4.466500 	 75 	 4.00859973E-04 	 2.36042364E-05 
4.471600 	 75 	 6.52300129E-04 	 3.71400540E-05 
4.481500 	 75 	 7.47983057E-04 	 4.14850009E-05 
4.489500 	 75 	 5.93788794E-04 	 3.31978370E-05 
4.497600 	 75 	 3.05027724E-04 	 1.70687739E-05 
4.499700 	 75 	 2.41232285E-04 	 1.34473694E-05 
4.501600 	 75 	 3.06236025E-04 	 1.68772693E-05 
4.503700 	 75 	 1.30744072E-04 	 7.35765187E-06 
4.506500 	 75 	 9.48263209E-05 	 5.20845836E-06 
4.511500 	 75 	 5.09329267E-05 	 2.88601345E-06 
4.521700 	 75 	 2.79813792E-05 	 1.66399708E-06 
4.523700 	 75 	 1.95510246E-05 	 1.67004682E-06 
4.526600 	 75 	 2.05494960E-05 	 2.44427394E-06 
4.531600 	 75 	 2.69981724E-05 	 3.80098763E-06 
4.536700 	 75 	 3.58127854E-05 	 6.27957640E-06 
4.540900 	 75 	 3.26226136E-05 	 4.76945783E-06 
4.546600 	 75 	 5.21343097E-05 	 8.62647599E-06 
4.551700 	 75 	 9.95182964E-05 	 1.43320774E-05 
4.561300 	 75 	 2.62729759E-04 	 1.76782374E-05 
4.571700 	 75 	 6.95308303E-04 	 4.30813709E-05 
4.581600 	 75 	 6.90922426E-04 	 4.29384419E-05 
4.591500 	 75 	 3.68772869E-04 	 2.57170692E-05 
4.601600 	 75 	 1.90610674E-04 	 1.32709572E-05 
4.611800 	 75 	 8.80499442E-05 	 8.18709399E-06 
4.621500 	 75 	 9.95032563E-05 	 1.42783646E-05 
4.631700 	 75 	 7.83996335E-05 	 1.38608597E-05 
4.641400 	 75 	 7.18780494E-05 	 8.40690331E-06 
4.646700 	 75 	 4.17334992E-05 	 5.23407431E-06 
4.651500 	 75 	 4.89534399E-05 	 5.21711650E-06 
4.661500 	 75 	 9.68930164E-05 	 7.10043537E-06 
4.681600 	 75 	 6.81580262E-05 	 4.32466298E-06 
4.691700 	 75 	 2.81407691E-05 	 2.14653230E-06 
4.701400 	 75 	 2.39914296E-05 	 1.71805097E-06 
4.721500 	 75 	 2.33961166E-05 	 1.46772125E-06 
4.741500 	 75 	 2.69683482E-05 	 1.74297721E-06 
4.761500 	 75 	 5.42356962E-05 	 3.29133637E-06 
4.766700 	 75 	 1.28460973E-04 	 7.38502793E-06 
4.770400 	 75 	 1.43395450E-04 	 8.14796188E-06 
4.781500 	 75 	 1.66860847E-04 	 9.60605281E-06 
4.786500 	 75 	 1.72387304E-04 	 1.02389758E-05 
4.791700 	 75 	 1.50728953E-04 	 1.09604851E-05 
4.801600 	 75 	 1.30890614E-04 	 9.88802470E-06 
4.811400 	 75 	 1.03090151E-04 	 8.45513852E-06 
4.821500 	 75 	 9.52802429E-05 	 7.24799531E-06 
4.823700 	 75 	 8.85756874E-05 	 5.59334759E-06 
4.826800 	 75 	 8.79642896E-05 	 5.08059831E-06 
4.831600 	 75 	 8.66847221E-05 	 4.80093621E-06 
4.841400 	 75 	 8.38915408E-05 	 4.44138313E-06 
4.861500 	 75 	 1.00773224E-04 	 5.23040918E-06 
4.877800 	 75 	 1.33701826E-04 	 6.90124757E-06 
4.901400 	 75 	 2.22935542E-04 	 1.13141858E-05 
4.911400 	 75 	 3.36758603E-04 	 1.72373192E-05 
4.921600 	 75 	 4.43859772E-04 	 2.25532521E-05 
4.931500 	 75 	 5.93477091E-04 	 3.01920955E-05 
4.937700 	 75 	 7.38760862E-04 	 3.72119926E-05 
4.941700 	 75 	 7.86607000E-04 	 3.97986950E-05 
4.948400 	 75 	 9.83060252E-04 	 4.94398786E-05 
4.958200 	 75 	 1.22872728E-03 	 6.17296770E-05 
4.961800 	 75 	 1.23446128E-03 	 6.21758164E-05 
4.968300 	 75 	 1.39775588E-03 	 7.02075002E-05 
4.973400 	 75 	 1.41657268E-03 	 7.11499928E-05 
4.976200 	 75 	 1.41675110E-03 	 7.11931101E-05 
4.979400 	 75 	 1.38509592E-03 	 6.96362602E-05 
4.981500 	 75 	 1.38859599E-03 	 6.99604996E-05 
4.984300 	 75 	 1.31431116E-03 	 6.59838248E-05 
4.986100 	 75 	 1.27539538E-03 	 6.41563866E-05 
4.996200 	 75 	 1.06304104E-03 	 5.34595953E-05 
5.001600 	 75 	 9.79273401E-04 	 4.94324322E-05 
5.006200 	 75 	 8.20480242E-04 	 4.12909130E-05 
5.016100 	 75 	 6.42601869E-04 	 3.23211045E-05 
5.021500 	 75 	 5.90405297E-04 	 2.99500573E-05 
5.026300 	 75 	 4.99687078E-04 	 2.52744100E-05 
5.029200 	 75 	 4.76007505E-04 	 2.41880218E-05 
5.029400 	 75 	 4.83079058E-04 	 2.45188584E-05 
5.031300 	 75 	 4.65505007E-04 	 2.38775282E-05 
5.036300 	 75 	 4.50520442E-04 	 2.38064971E-05 
5.039300 	 75 	 4.58111122E-04 	 2.44208432E-05 
5.041600 	 75 	 4.89497064E-04 	 2.63597940E-05 
5.044300 	 75 	 5.20612366E-04 	 2.75678590E-05 
5.047400 	 75 	 5.68066885E-04 	 2.99473408E-05 
5.050200 	 75 	 5.97691203E-04 	 3.15071378E-05 
5.053500 	 75 	 5.90742986E-04 	 3.14324497E-05 
5.056300 	 75 	 5.81940305E-04 	 3.07317780E-05 
5.061500 	 75 	 5.61422544E-04 	 2.96366421E-05 
5.066300 	 75 	 4.76919116E-04 	 2.49728994E-05 
5.076400 	 75 	 3.04376537E-04 	 1.60180676E-05 
5.081400 	 75 	 2.58347212E-04 	 1.38403449E-05 
5.086000 	 75 	 2.06904177E-04 	 1.08551368E-05 
5.095700 	 75 	 1.57716283E-04 	 8.46906461E-06 
5.101500 	 75 	 1.49743239E-04 	 8.19744522E-06 
5.105200 	 75 	 1.47334729E-04 	 9.56269499E-06 
5.108300 	 75 	 1.48948119E-04 	 9.78264345E-06 
5.110400 	 75 	 1.46813768E-04 	 1.07636256E-05 
5.111500 	 75 	 1.38653398E-04 	 1.04386386E-05 
5.111900 	 75 	 1.45108002E-04 	 1.12720928E-05 
5.112200 	 75 	 1.47319027E-04 	 1.09181363E-05 
5.114400 	 75 	 1.41088436E-04 	 1.11679275E-05 
5.116400 	 75 	 1.31974445E-04 	 1.10206860E-05 
5.118400 	 75 	 1.37921122E-04 	 1.18567875E-05 
5.120300 	 75 	 1.19291026E-04 	 1.02086291E-05 
5.121500 	 75 	 1.22018444E-04 	 1.02872412E-05 
5.122300 	 75 	 1.31714031E-04 	 1.10221369E-05 
5.125300 	 75 	 1.28480153E-04 	 1.11633893E-05 
5.130300 	 75 	 1.06140643E-04 	 8.04440048E-06 
5.135300 	 75 	 9.90880758E-05 	 8.36928351E-06 
5.140000 	 75 	 9.82000051E-05 	 6.81476591E-06 
5.141400 	 75 	 9.35343256E-05 	 7.03786017E-06 
5.145300 	 75 	 1.14048299E-04 	 7.22830026E-06 
5.150400 	 75 	 1.99420956E-04 	 1.16395395E-05 
5.153200 	 75 	 2.38767208E-04 	 1.33425413E-05 
5.156200 	 75 	 2.54414139E-04 	 1.41163828E-05 
5.159500 	 75 	 2.65339173E-04 	 1.47587181E-05 
5.161500 	 75 	 2.56902618E-04 	 1.46938837E-05 
5.162500 	 75 	 2.69422094E-04 	 1.46487800E-05 
5.168500 	 75 	 2.57284113E-04 	 1.38676895E-05 
5.170900 	 75 	 2.34119165E-04 	 1.25322854E-05 
5.181500 	 75 	 1.52109946E-04 	 8.67549708E-06 
5.201300 	 75 	 1.01952184E-04 	 5.68669674E-06 
5.221500 	 75 	 9.23876451E-05 	 5.33298190E-06 
5.241500 	 75 	 1.04638569E-04 	 6.70654939E-06 
5.251000 	 75 	 1.46310069E-04 	 8.25404464E-06 
5.254600 	 75 	 1.62912972E-04 	 1.02394653E-05 
5.261600 	 75 	 2.48604517E-04 	 1.53903983E-05 
5.271400 	 75 	 3.35495586E-04 	 2.04928656E-05 
5.276500 	 75 	 3.45170353E-04 	 2.15441293E-05 
5.281500 	 75 	 3.19138309E-04 	 2.07995627E-05 
5.286500 	 75 	 2.73240559E-04 	 1.70771010E-05 
5.286500 	 75 	 2.97651504E-04 	 2.03785633E-05 
5.291300 	 75 	 2.57055731E-04 	 2.09730200E-05 
5.296500 	 75 	 2.27044028E-04 	 2.19663078E-05 
5.301700 	 75 	 2.18883249E-04 	 1.93412294E-05 
5.304400 	 75 	 1.95748724E-04 	 1.90826420E-05 
5.309200 	 75 	 2.02466432E-04 	 1.58430840E-05 
5.311200 	 75 	 1.93638366E-04 	 1.70253869E-05 
5.313900 	 75 	 2.02987788E-04 	 1.85786240E-05 
5.319700 	 75 	 2.07982055E-04 	 1.47604637E-05 
5.324400 	 75 	 2.40050737E-04 	 1.59846355E-05 
5.329000 	 75 	 2.75036790E-04 	 1.73000216E-05 
5.334300 	 75 	 3.06679916E-04 	 1.80830091E-05 
5.339200 	 75 	 3.57115353E-04 	 2.04767841E-05 
5.344400 	 75 	 4.00843871E-04 	 2.27380960E-05 
5.344400 	 75 	 3.99706977E-04 	 2.19879419E-05 
5.349000 	 75 	 3.88678044E-04 	 2.09692843E-05 
5.354200 	 75 	 3.48220448E-04 	 1.89106517E-05 
5.354400 	 75 	 3.46862389E-04 	 1.85133732E-05 
5.358400 	 75 	 2.98320982E-04 	 1.59453695E-05 
5.359800 	 75 	 2.95687965E-04 	 1.56474570E-05 
5.360100 	 75 	 2.87227886E-04 	 1.51538407E-05 
5.363600 	 75 	 3.64382079E-04 	 1.99742991E-05 
5.365100 	 75 	 3.22362546E-04 	 1.67873881E-05 
5.369400 	 75 	 3.34689691E-04 	 1.87615740E-05 
5.371300 	 75 	 3.10890586E-04 	 1.74633027E-05 
5.373400 	 75 	 2.90106340E-04 	 1.64681042E-05 
5.375400 	 75 	 2.71227820E-04 	 1.54498480E-05 
5.377500 	 75 	 2.62230537E-04 	 1.51918012E-05 
5.379500 	 75 	 2.41663704E-04 	 1.32998826E-05 
5.381200 	 75 	 2.48864983E-04 	 1.41119992E-05 
5.386300 	 75 	 1.29228165E-04 	 7.29528190E-06 
5.391600 	 75 	 5.42617076E-05 	 3.50798655E-06 
5.394400 	 75 	 3.31171278E-05 	 2.24881266E-06 
5.394800 	 75 	 4.85986649E-05 	 2.98543374E-06 
5.395400 	 75 	 2.98937677E-05 	 1.97973842E-06 
5.397500 	 75 	 2.30848309E-05 	 1.67987496E-06 
5.401400 	 75 	 1.97806271E-05 	 1.34206524E-06 
5.404600 	 75 	 1.70388508E-05 	 1.09993592E-06 
5.414900 	 75 	 3.12037448E-05 	 1.81691483E-06 
5.425600 	 75 	 5.84240098E-05 	 3.26082731E-06 
5.435900 	 75 	 6.30901799E-05 	 3.56636564E-06 
5.446900 	 75 	 5.47393584E-05 	 3.04830079E-06 
5.450800 	 75 	 5.02575246E-05 	 2.89495904E-06 
4.007500 	 60 	 1.10595689E-07 	 9.96896072E-08 
4.012500 	 60 	 2.26724659E-07 	 2.18372350E-07 
4.014400 	 60 	 2.11820317E-07 	 1.90932253E-07 
4.018500 	 60 	 3.77621129E-07 	 3.40383086E-07 
4.020600 	 60 	 9.73605355E-08 	 8.77596008E-08 
4.021500 	 60 	 3.36549063E-07 	 3.11809138E-07 
4.026600 	 60 	 4.26301809E-07 	 2.36288637E-07 
4.030600 	 60 	 1.70182208E-06 	 2.53952338E-07 
4.031400 	 60 	 1.14780302E-06 	 3.63397914E-07 
4.036500 	 60 	 4.23919546E-07 	 3.23120229E-07 
4.041500 	 60 	 1.19720550E-06 	 3.91276625E-07 
4.046600 	 60 	 7.98913602E-07 	 2.69787617E-07 
4.281500 	 60 	 2.26232113E-06 	 2.84942903E-07 
4.301600 	 60 	 1.03859486E-06 	 2.07059209E-07 
4.302600 	 60 	 1.31536205E-06 	 2.77639982E-07 
4.304700 	 60 	 2.51329870E-06 	 4.23514604E-07 
4.305700 	 60 	 9.44158163E-07 	 3.08057364E-07 
4.306600 	 60 	 3.09884483E-06 	 4.42203010E-07 
4.307700 	 60 	 1.54326205E-06 	 3.74034163E-07 
4.308700 	 60 	 3.84958071E-06 	 5.94354167E-07 
4.309600 	 60 	 1.11658576E-05 	 1.82606060E-06 
4.310600 	 60 	 1.57464507E-05 	 2.45935072E-06 
4.312600 	 60 	 1.95859683E-05 	 4.50940977E-06 
4.314600 	 60 	 2.16536033E-05 	 3.36484285E-06 
4.316700 	 60 	 1.02345835E-05 	 4.20044795E-06 
4.318700 	 60 	 2.47704401E-05 	 4.26674044E-06 
4.320800 	 60 	 2.14022055E-05 	 3.27595517E-06 
4.321500 	 60 	 2.49290433E-05 	 3.34179897E-06 
4.322700 	 60 	 2.17949278E-05 	 3.33651664E-06 
4.324600 	 60 	 2.25072919E-05 	 3.19497650E-06 
4.326600 	 60 	 2.18455137E-05 	 3.47459212E-06 
4.328700 	 60 	 1.87582508E-05 	 3.14066516E-06 
4.330700 	 60 	 1.90609157E-05 	 3.61171373E-06 
4.332700 	 60 	 2.05451608E-05 	 2.93001839E-06 
4.334500 	 60 	 1.76695583E-05 	 2.48001647E-06 
4.336700 	 60 	 1.40617286E-05 	 1.91140097E-06 
4.338600 	 60 	 9.58024953E-06 	 1.54015705E-06 
4.340600 	 60 	 9.25126125E-06 	 1.11282663E-06 
4.341600 	 60 	 1.54959495E-05 	 1.78955317E-06 
4.342700 	 60 	 1.70887377E-05 	 1.40408148E-06 
4.344700 	 60 	 1.64690570E-05 	 1.23604408E-06 
4.346700 	 60 	 1.34282187E-05 	 9.63065453E-07 
4.351500 	 60 	 1.15288592E-05 	 8.33232022E-07 
4.356400 	 60 	 1.24799555E-05 	 8.74645080E-07 
4.361500 	 60 	 1.27961966E-05 	 8.47026993E-07 
4.381600 	 60 	 8.11125927E-06 	 6.20075208E-07 
4.401600 	 60 	 1.34760037E-05 	 9.32235091E-07 
4.421500 	 60 	 1.95912005E-05 	 1.25196690E-06 
4.431700 	 60 	 3.20100129E-05 	 1.97449572E-06 
4.441700 	 60 	 4.55032660E-05 	 2.64133547E-06 
4.451500 	 60 	 9.21760126E-05 	 5.50567289E-06 
4.461400 	 60 	 1.61647343E-04 	 9.28225818E-06 
4.466500 	 60 	 4.36085177E-04 	 2.51341572E-05 
4.471600 	 60 	 7.12883889E-04 	 3.96702382E-05 
4.481500 	 60 	 7.88195662E-04 	 4.31643743E-05 
4.489500 	 60 	 6.14847831E-04 	 3.40582015E-05 
4.497600 	 60 	 3.37569145E-04 	 1.85084964E-05 
4.499700 	 60 	 2.52841667E-04 	 1.39592233E-05 
4.501600 	 60 	 3.29148033E-04 	 1.79297428E-05 
4.503700 	 60 	 1.40537558E-04 	 7.76163935E-06 
4.506500 	 60 	 1.00325174E-04 	 5.45554068E-06 
4.511500 	 60 	 5.55043241E-05 	 3.08638976E-06 
4.521700 	 60 	 3.08306897E-05 	 1.79141062E-06 
4.523700 	 60 	 2.29588542E-05 	 1.71673834E-06 
4.526600 	 60 	 1.81370516E-05 	 2.50052125E-06 
4.531600 	 60 	 2.81219570E-05 	 3.85596335E-06 
4.536700 	 60 	 4.29808818E-05 	 6.34677415E-06 
4.540900 	 60 	 2.84600887E-05 	 5.32769800E-06 
4.546600 	 60 	 6.93616061E-05 	 1.02035009E-05 
4.551700 	 60 	 1.18084520E-04 	 1.47695766E-05 
4.561300 	 60 	 2.78609608E-04 	 1.74349193E-05 
4.571700 	 60 	 7.03146694E-04 	 4.19957638E-05 
4.581600 	 60 	 7.23634262E-04 	 4.36912372E-05 
4.591500 	 60 	 3.84829720E-04 	 2.55395887E-05 
4.601600 	 60 	 1.98262759E-04 	 1.31121293E-05 
4.611800 	 60 	 1.02177632E-04 	 8.28986741E-06 
4.621500 	 60 	 1.10470897E-04 	 1.16858238E-05 
4.631700 	 60 	 7.58431780E-05 	 1.12729835E-05 
4.641400 	 60 	 3.30571223E-05 	 8.00046649E-06 
4.646700 	 60 	 3.99023836E-05 	 5.15064747E-06 
4.651500 	 60 	 4.65187460E-05 	 4.29257028E-06 
4.661500 	 60 	 1.08321316E-04 	 7.05346737E-06 
4.681600 	 60 	 7.12961073E-05 	 4.55610172E-06 
4.691700 	 60 	 3.18902342E-05 	 2.24614965E-06 
4.701400 	 60 	 2.81501303E-05 	 1.91002018E-06 
4.721500 	 60 	 2.60297423E-05 	 1.62584959E-06 
4.741500 	 60 	 3.04832520E-05 	 1.90196172E-06 
4.761500 	 60 	 5.97795060E-05 	 3.49567440E-06 
4.766700 	 60 	 1.34675201E-04 	 7.63416951E-06 
4.770400 	 60 	 1.53215455E-04 	 8.58336914E-06 
4.781500 	 60 	 1.80883957E-04 	 1.01039055E-05 
4.786500 	 60 	 1.79770102E-04 	 1.05089854E-05 
4.791700 	 60 	 1.56145972E-04 	 1.07774768E-05 
4.801600 	 60 	 1.47409190E-04 	 1.03131289E-05 
4.811400 	 60 	 1.10093148E-04 	 7.96813503E-06 
4.821500 	 60 	 1.00476726E-04 	 6.67880774E-06 
4.823700 	 60 	 9.86593882E-05 	 5.87215864E-06 
4.826800 	 60 	 9.17914510E-05 	 5.16332782E-06 
4.831600 	 60 	 8.90961761E-05 	 4.82528818E-06 
4.841400 	 60 	 9.04461123E-05 	 4.72677544E-06 
4.861500 	 60 	 1.07822269E-04 	 5.56108699E-06 
4.877800 	 60 	 1.43242908E-04 	 7.35846065E-06 
4.901400 	 60 	 2.37700350E-04 	 1.20298209E-05 
4.911400 	 60 	 3.59617387E-04 	 1.83358602E-05 
4.921600 	 60 	 4.72382248E-04 	 2.39487552E-05 
4.931500 	 60 	 6.31691578E-04 	 3.20563954E-05 
4.937700 	 60 	 7.77655500E-04 	 3.91377921E-05 
4.941700 	 60 	 8.27162745E-04 	 4.17796511E-05 
4.948400 	 60 	 1.04458731E-03 	 5.24910867E-05 
4.958200 	 60 	 1.28433614E-03 	 6.44889706E-05 
4.961800 	 60 	 1.30354268E-03 	 6.56057870E-05 
4.968300 	 60 	 1.47004314E-03 	 7.38048971E-05 
4.973400 	 60 	 1.49563194E-03 	 7.50787724E-05 
4.976200 	 60 	 1.49060726E-03 	 7.48705768E-05 
4.979400 	 60 	 1.46326053E-03 	 7.35140682E-05 
4.981500 	 60 	 1.46390282E-03 	 7.37005004E-05 
4.984300 	 60 	 1.38503349E-03 	 6.95085107E-05 
4.986100 	 60 	 1.35638943E-03 	 6.81723467E-05 
4.996200 	 60 	 1.12152873E-03 	 5.63583714E-05 
5.001600 	 60 	 1.04327097E-03 	 5.26025465E-05 
5.006200 	 60 	 8.70923075E-04 	 4.37885735E-05 
5.016100 	 60 	 6.77175667E-04 	 3.40338076E-05 
5.021500 	 60 	 6.27062991E-04 	 3.17418457E-05 
5.026300 	 60 	 5.33221089E-04 	 2.69186601E-05 
5.029200 	 60 	 5.07201234E-04 	 2.57019307E-05 
5.029400 	 60 	 5.11736277E-04 	 2.59057102E-05 
5.031300 	 60 	 5.06979667E-04 	 2.58921604E-05 
5.036300 	 60 	 4.85360841E-04 	 2.53822947E-05 
5.039300 	 60 	 4.98894361E-04 	 2.62894111E-05 
5.041600 	 60 	 4.98542609E-04 	 2.65908407E-05 
5.044300 	 60 	 5.54138067E-04 	 2.90612551E-05 
5.047400 	 60 	 6.02416123E-04 	 3.14831769E-05 
5.050200 	 60 	 6.36119656E-04 	 3.32119467E-05 
5.053500 	 60 	 6.55794498E-04 	 3.44495137E-05 
5.056300 	 60 	 6.20280116E-04 	 3.24589873E-05 
5.061500 	 60 	 5.95983270E-04 	 3.12663951E-05 
5.066300 	 60 	 5.18506658E-04 	 2.68964979E-05 
5.076400 	 60 	 3.24035961E-04 	 1.68887507E-05 
5.081400 	 60 	 2.71837191E-04 	 1.43941759E-05 
5.086000 	 60 	 2.19490965E-04 	 1.14261269E-05 
5.095700 	 60 	 1.73714734E-04 	 9.21586424E-06 
5.101500 	 60 	 1.62880022E-04 	 8.81821040E-06 
5.105200 	 60 	 1.57406068E-04 	 9.86779630E-06 
5.108300 	 60 	 1.59611843E-04 	 9.89721509E-06 
5.110400 	 60 	 1.54112189E-04 	 1.06275504E-05 
5.111500 	 60 	 1.50846289E-04 	 1.10691577E-05 
5.111900 	 60 	 1.58706983E-04 	 1.05151214E-05 
5.112200 	 60 	 1.53892814E-04 	 1.09611830E-05 
5.114400 	 60 	 1.50502214E-04 	 1.13010774E-05 
5.116400 	 60 	 1.40115792E-04 	 1.04563163E-05 
5.118400 	 60 	 1.42123796E-04 	 1.07376724E-05 
5.120300 	 60 	 1.36037644E-04 	 1.03627241E-05 
5.121500 	 60 	 1.35649740E-04 	 1.03979959E-05 
5.122300 	 60 	 1.40695403E-04 	 1.04907697E-05 
5.125300 	 60 	 1.35663637E-04 	 9.91469927E-06 
5.130300 	 60 	 1.24960800E-04 	 8.66850120E-06 
5.135300 	 60 	 1.13645158E-04 	 8.17597177E-06 
5.140000 	 60 	 9.90297401E-05 	 6.58086172E-06 
5.141400 	 60 	 9.54824789E-05 	 6.91594023E-06 
5.145300 	 60 	 1.23501972E-04 	 7.62899050E-06 
5.150400 	 60 	 2.15619010E-04 	 1.21720232E-05 
5.153200 	 60 	 2.52860020E-04 	 1.38552683E-05 
5.156200 	 60 	 2.69750111E-04 	 1.46819914E-05 
5.159500 	 60 	 2.74983838E-04 	 1.50314160E-05 
5.161500 	 60 	 2.85635308E-04 	 1.59013954E-05 
5.162500 	 60 	 2.85144370E-04 	 1.52464081E-05 
5.168500 	 60 	 2.75472724E-04 	 1.46236774E-05 
5.170900 	 60 	 2.55057249E-04 	 1.34329328E-05 
5.181500 	 60 	 1.59195275E-04 	 8.90164120E-06 
5.201300 	 60 	 1.04884338E-04 	 5.75768243E-06 
5.221500 	 60 	 9.73501070E-05 	 5.53561311E-06 
5.241500 	 60 	 1.12026162E-04 	 6.83345309E-06 
5.251000 	 60 	 1.56950708E-04 	 8.78218125E-06 
5.254600 	 60 	 1.71032326E-04 	 1.04339925E-05 
5.261600 	 60 	 2.52822886E-04 	 1.53801225E-05 
5.271400 	 60 	 3.54484941E-04 	 2.07676670E-05 
5.276500 	 60 	 3.68108510E-04 	 2.27807249E-05 
5.281500 	 60 	 3.53166497E-04 	 2.22908559E-05 
5.286500 	 60 	 3.05170600E-04 	 1.84768225E-05 
5.286500 	 60 	 3.10533627E-04 	 2.15179757E-05 
5.291300 	 60 	 2.92808973E-04 	 2.29304491E-05 
5.296500 	 60 	 2.29763476E-04 	 1.96379209E-05 
5.301700 	 60 	 2.24785960E-04 	 1.94074453E-05 
5.304400 	 60 	 2.15412892E-04 	 1.97773495E-05 
5.309200 	 60 	 2.15605338E-04 	 1.72412514E-05 
5.311200 	 60 	 2.06287922E-04 	 1.67802357E-05 
5.313900 	 60 	 2.04624691E-04 	 1.72156591E-05 
5.319700 	 60 	 2.31056274E-04 	 1.54605455E-05 
5.324400 	 60 	 2.66173536E-04 	 1.68025002E-05 
5.329000 	 60 	 3.01982070E-04 	 1.81455246E-05 
5.334300 	 60 	 3.24530147E-04 	 1.86624726E-05 
5.339200 	 60 	 3.75061705E-04 	 2.10081736E-05 
5.344400 	 60 	 4.28015708E-04 	 2.36879607E-05 
5.344400 	 60 	 4.11861632E-04 	 2.22870802E-05 
5.349000 	 60 	 4.08595082E-04 	 2.16896850E-05 
5.354200 	 60 	 3.70409547E-04 	 1.97287772E-05 
5.354400 	 60 	 3.71351883E-04 	 1.95492425E-05 
5.358400 	 60 	 3.33212478E-04 	 1.75750432E-05 
5.359800 	 60 	 3.19540647E-04 	 1.67113587E-05 
5.360100 	 60 	 3.10213947E-04 	 1.61867163E-05 
5.363600 	 60 	 3.93379301E-04 	 2.11587868E-05 
5.365100 	 60 	 3.43020743E-04 	 1.77510537E-05 
5.369400 	 60 	 3.58557533E-04 	 1.96756455E-05 
5.371300 	 60 	 3.28920718E-04 	 1.81754417E-05 
5.373400 	 60 	 3.13286544E-04 	 1.72858915E-05 
5.375400 	 60 	 2.95367546E-04 	 1.64844444E-05 
5.377500 	 60 	 2.72764441E-04 	 1.54604733E-05 
5.379500 	 60 	 2.52998243E-04 	 1.36506734E-05 
5.381200 	 60 	 2.71683529E-04 	 1.50598177E-05 
5.386300 	 60 	 1.36659428E-04 	 7.52781564E-06 
5.391600 	 60 	 5.77258713E-05 	 3.55536702E-06 
5.394400 	 60 	 3.56352619E-05 	 2.35885216E-06 
5.394800 	 60 	 4.98715964E-05 	 2.96761444E-06 
5.395400 	 60 	 3.18518461E-05 	 2.02942872E-06 
5.397500 	 60 	 2.55331463E-05 	 1.69539341E-06 
5.401400 	 60 	 1.99357147E-05 	 1.30279168E-06 
5.404600 	 60 	 2.04480360E-05 	 1.28585767E-06 
5.414900 	 60 	 3.31501020E-05 	 1.90593336E-06 
5.425600 	 60 	 5.78313902E-05 	 3.16203178E-06 
5.435900 	 60 	 6.53972564E-05 	 3.60402027E-06 
5.446900 	 60 	 5.66377167E-05 	 3.07764195E-06 
5.450800 	 60 	 5.00667230E-05 	 2.83519362E-06 
