3.424536 	 0 	 0.00031088 	 0.00000759 
3.428778 	 0 	 0.00028259 	 0.00000763 
3.430467 	 0 	 0.00028107 	 0.00000777 
3.433920 	 0 	 0.00025372 	 0.00000743 
3.435737 	 0 	 0.00025810 	 0.00000827 
3.436543 	 0 	 0.00025895 	 0.00000828 
3.440862 	 0 	 0.00024226 	 0.00000721 
3.444324 	 0 	 0.00021175 	 0.00000636 
3.445018 	 0 	 0.00018975 	 0.00000667 
3.449406 	 0 	 0.00012434 	 0.00000525 
3.453640 	 0 	 0.00007388 	 0.00000360 
3.458062 	 0 	 0.00006128 	 0.00000333 
3.659299 	 0 	 0.00025038 	 0.00000703 
3.676516 	 0 	 0.00039379 	 0.00001005 
3.677433 	 0 	 0.00054135 	 0.00001367 
3.679207 	 0 	 0.00050646 	 0.00001307 
3.680073 	 0 	 0.00049409 	 0.00001326 
3.680887 	 0 	 0.00050092 	 0.00001384 
3.681744 	 0 	 0.00049154 	 0.00001409 
3.682661 	 0 	 0.00054021 	 0.00001651 
3.683398 	 0 	 0.00055426 	 0.00002338 
3.684263 	 0 	 0.00074570 	 0.00003370 
3.685943 	 0 	 0.00085466 	 0.00004391 
3.687700 	 0 	 0.00075400 	 0.00003749 
3.689525 	 0 	 0.00084290 	 0.00004127 
3.691256 	 0 	 0.00053581 	 0.00003205 
3.693013 	 0 	 0.00091035 	 0.00004437 
3.693579 	 0 	 0.00072215 	 0.00003595 
3.694616 	 0 	 0.00062306 	 0.00003363 
3.696278 	 0 	 0.00048320 	 0.00003016 
3.698009 	 0 	 0.00042853 	 0.00002804 
3.699783 	 0 	 0.00040878 	 0.00002592 
3.701472 	 0 	 0.00049465 	 0.00003166 
3.703177 	 0 	 0.00041880 	 0.00002610 
3.704737 	 0 	 0.00061908 	 0.00003164 
3.706648 	 0 	 0.00035758 	 0.00002090 
3.708276 	 0 	 0.00041138 	 0.00001995 
3.709964 	 0 	 0.00034162 	 0.00001520 
3.710856 	 0 	 0.00034937 	 0.00001844 
3.711773 	 0 	 0.00039020 	 0.00001600 
3.713529 	 0 	 0.00037567 	 0.00001218 
3.715166 	 0 	 0.00036511 	 0.00001120 
3.719357 	 0 	 0.00034156 	 0.00001015 
3.723505 	 0 	 0.00032809 	 0.00000986 
3.727875 	 0 	 0.00032479 	 0.00000917 
3.745075 	 0 	 0.00027742 	 0.00000823 
3.762301 	 0 	 0.00027546 	 0.00000840 
3.779337 	 0 	 0.00030724 	 0.00000956 
3.788087 	 0 	 0.00032018 	 0.00001096 
3.796606 	 0 	 0.00031019 	 0.00001038 
3.805056 	 0 	 0.00024587 	 0.00001445 
3.813540 	 0 	 0.00028664 	 0.00001793 
3.817868 	 0 	 0.00016804 	 0.00002820 
3.822264 	 0 	 0.00011840 	 0.00002368 
3.830697 	 0 	 0.00015920 	 0.00002618 
3.837570 	 0 	 0.00026268 	 0.00003181 
3.844554 	 0 	 0.00029615 	 0.00002059 
3.846320 	 0 	 0.00033771 	 0.00001939 
3.847931 	 0 	 0.00035229 	 0.00002195 
3.849773 	 0 	 0.00038185 	 0.00001601 
3.852147 	 0 	 0.00040906 	 0.00001354 
3.856415 	 0 	 0.00041869 	 0.00001260 
3.865190 	 0 	 0.00046000 	 0.00001241 
3.866879 	 0 	 0.00050113 	 0.00001679 
3.869364 	 0 	 0.00043379 	 0.00002167 
3.873640 	 0 	 0.00053377 	 0.00003102 
3.878071 	 0 	 0.00046155 	 0.00003875 
3.881645 	 0 	 0.00045724 	 0.00003279 
3.886487 	 0 	 0.00029233 	 0.00003858 
3.890926 	 0 	 0.00034884 	 0.00005967 
3.899118 	 0 	 0.00046683 	 0.00003442 
3.908014 	 0 	 0.00013848 	 0.00003651 
3.916541 	 0 	 0.00010032 	 0.00002803 
3.925025 	 0 	 0.00004791 	 0.00001304 
3.933638 	 0 	 0.00034856 	 0.00003101 
3.942371 	 0 	 0.00052813 	 0.00003467 
3.950701 	 0 	 0.00036469 	 0.00003476 
3.959476 	 0 	 0.00063116 	 0.00005673 
3.967797 	 0 	 0.00077429 	 0.00005291 
3.972279 	 0 	 0.00062968 	 0.00003858 
3.976384 	 0 	 0.00093589 	 0.00003888 
3.984954 	 0 	 0.00106735 	 0.00004113 
4.002231 	 0 	 0.00111773 	 0.00003485 
4.010827 	 0 	 0.00095667 	 0.00002750 
4.019208 	 0 	 0.00064994 	 0.00001911 
4.036425 	 0 	 0.00059516 	 0.00001567 
4.053548 	 0 	 0.00063877 	 0.00001776 
4.070687 	 0 	 0.00091397 	 0.00002513 
4.075126 	 0 	 0.00159681 	 0.00004597 
4.078297 	 0 	 0.00171580 	 0.00004842 
4.087861 	 0 	 0.00171744 	 0.00004877 
4.092129 	 0 	 0.00162637 	 0.00004924 
4.096551 	 0 	 0.00127808 	 0.00005469 
4.105070 	 0 	 0.00215423 	 0.00006935 
4.113468 	 0 	 0.00445013 	 0.00010982 
4.122132 	 0 	 0.00390138 	 0.00009427 
4.123958 	 0 	 0.00257897 	 0.00006160 
4.126623 	 0 	 0.00167594 	 0.00004016 
4.130728 	 0 	 0.00084484 	 0.00002114 
4.139152 	 0 	 0.00062226 	 0.00001506 
4.156412 	 0 	 0.00063640 	 0.00001524 
4.170346 	 0 	 0.00068326 	 0.00001658 
4.190571 	 0 	 0.00071675 	 0.00001678 
4.199158 	 0 	 0.00077037 	 0.00002011 
4.207917 	 0 	 0.00074746 	 0.00001957 
4.216341 	 0 	 0.00078583 	 0.00002173 
4.221645 	 0 	 0.00080792 	 0.00001984 
4.225108 	 0 	 0.00079760 	 0.00002156 
4.230875 	 0 	 0.00081281 	 0.00002044 
4.239299 	 0 	 0.00080304 	 0.00002078 
4.242316 	 0 	 0.00080672 	 0.00002208 
4.247878 	 0 	 0.00078842 	 0.00002075 
4.252257 	 0 	 0.00081741 	 0.00002148 
4.254725 	 0 	 0.00081499 	 0.00002193 
4.257399 	 0 	 0.00083442 	 0.00002224 
4.259259 	 0 	 0.00089686 	 0.00002471 
4.261624 	 0 	 0.00083507 	 0.00002127 
4.263192 	 0 	 0.00084384 	 0.00002281 
4.271831 	 0 	 0.00084572 	 0.00002194 
4.276424 	 0 	 0.00092671 	 0.00002455 
4.280366 	 0 	 0.00087323 	 0.00002189 
4.288910 	 0 	 0.00087128 	 0.00002103 
4.293495 	 0 	 0.00100985 	 0.00002562 
4.297652 	 0 	 0.00101498 	 0.00002505 
4.300137 	 0 	 0.00117372 	 0.00002924 
4.300240 	 0 	 0.00116797 	 0.00002890 
4.301919 	 0 	 0.00143878 	 0.00003705 
4.306187 	 0 	 0.00241361 	 0.00006247 
4.308784 	 0 	 0.00334331 	 0.00008310 
4.310729 	 0 	 0.00334443 	 0.00008608 
4.313026 	 0 	 0.00311833 	 0.00007906 
4.315700 	 0 	 0.00309300 	 0.00007837 
4.318108 	 0 	 0.00302334 	 0.00007754 
4.320910 	 0 	 0.00290981 	 0.00007777 
4.323318 	 0 	 0.00261897 	 0.00006898 
4.327758 	 0 	 0.00195331 	 0.00005516 
4.331931 	 0 	 0.00133280 	 0.00003889 
4.340535 	 0 	 0.00251669 	 0.00006047 
4.344846 	 0 	 0.00250919 	 0.00006052 
4.348762 	 0 	 0.00246167 	 0.00005721 
4.357084 	 0 	 0.00205747 	 0.00004945 
4.362054 	 0 	 0.00206042 	 0.00005062 
4.365251 	 0 	 0.00334254 	 0.00009074 
4.367856 	 0 	 0.00436171 	 0.00010873 
4.369681 	 0 	 0.00420415 	 0.00011219 
4.370624 	 0 	 0.00428979 	 0.00011665 
4.371001 	 0 	 0.00418047 	 0.00011345 
4.371241 	 0 	 0.00425242 	 0.00011474 
4.373101 	 0 	 0.00803545 	 0.00019274 
4.374798 	 0 	 0.00895193 	 0.00020940 
4.376546 	 0 	 0.00842105 	 0.00019999 
4.378157 	 0 	 0.00804019 	 0.00019034 
4.379237 	 0 	 0.00813042 	 0.00019399 
4.379845 	 0 	 0.00770413 	 0.00018406 
4.382493 	 0 	 0.00737195 	 0.00017436 
4.386744 	 0 	 0.00630260 	 0.00014685 
4.391003 	 0 	 0.00463276 	 0.00011388 
4.395074 	 0 	 0.00270401 	 0.00006781 
4.396291 	 0 	 0.00281633 	 0.00007436 
4.399607 	 0 	 0.00155490 	 0.00004354 
4.403952 	 0 	 0.00138064 	 0.00004183 
4.406326 	 0 	 0.00141139 	 0.00004093 
4.408974 	 0 	 0.00137926 	 0.00004063 
4.411759 	 0 	 0.00135741 	 0.00004148 
4.413491 	 0 	 0.00146773 	 0.00004613 
4.414322 	 0 	 0.00141997 	 0.00004017 
4.419515 	 0 	 0.00143855 	 0.00003950 
4.421512 	 0 	 0.00147427 	 0.00003870 
4.430665 	 0 	 0.00150454 	 0.00004089 
4.447624 	 0 	 0.00158799 	 0.00003920 
4.464927 	 0 	 0.00190334 	 0.00004781 
4.482067 	 0 	 0.00234700 	 0.00006391 
4.490182 	 0 	 0.00291232 	 0.00007637 
4.493233 	 0 	 0.00308592 	 0.00008768 
4.499292 	 0 	 0.00389175 	 0.00011847 
4.507699 	 0 	 0.00490029 	 0.00014473 
4.512070 	 0 	 0.00550177 	 0.00016975 
4.516303 	 0 	 0.00600094 	 0.00017842 
4.520571 	 0 	 0.00738511 	 0.00020949 
4.520622 	 0 	 0.00737414 	 0.00019286 
4.524727 	 0 	 0.01201344 	 0.00031588 
4.529132 	 0 	 0.01509171 	 0.00038979 
4.533597 	 0 	 0.01963932 	 0.00046620 
4.535980 	 0 	 0.02219341 	 0.00052342 
4.540033 	 0 	 0.02220813 	 0.00050601 
4.541790 	 0 	 0.02193960 	 0.00050978 
4.544070 	 0 	 0.02266747 	 0.00051968 
4.549083 	 0 	 0.01808603 	 0.00040530 
4.553068 	 0 	 0.01406010 	 0.00031992 
4.557044 	 0 	 0.01054200 	 0.00024220 
4.561578 	 0 	 0.00769585 	 0.00017751 
4.565751 	 0 	 0.00563807 	 0.00013408 
4.570208 	 0 	 0.00439471 	 0.00011005 
4.570233 	 0 	 0.00459328 	 0.00010847 
4.574141 	 0 	 0.00420902 	 0.00009714 
4.578658 	 0 	 0.00386638 	 0.00008978 
4.578820 	 0 	 0.00386364 	 0.00008759 
4.582257 	 0 	 0.00347118 	 0.00007921 
4.583388 	 0 	 0.00343966 	 0.00007662 
4.583662 	 0 	 0.00338252 	 0.00007536 
4.586636 	 0 	 0.00347661 	 0.00008431 
4.587964 	 0 	 0.00330267 	 0.00007267 
4.591650 	 0 	 0.00401318 	 0.00009871 
4.593304 	 0 	 0.00383323 	 0.00009464 
4.595069 	 0 	 0.00381686 	 0.00009425 
4.596757 	 0 	 0.00370796 	 0.00009185 
4.598634 	 0 	 0.00368417 	 0.00009253 
4.600339 	 0 	 0.00375006 	 0.00008679 
4.601719 	 0 	 0.00370101 	 0.00009058 
4.606133 	 0 	 0.00331505 	 0.00007429 
4.610666 	 0 	 0.00287971 	 0.00006439 
4.613091 	 0 	 0.00277964 	 0.00006110 
4.613451 	 0 	 0.00285709 	 0.00006229 
4.613897 	 0 	 0.00278227 	 0.00006036 
4.615697 	 0 	 0.00272457 	 0.00005898 
4.619039 	 0 	 0.00271021 	 0.00005799 
4.621798 	 0 	 0.00274417 	 0.00005869 
4.630651 	 0 	 0.00291092 	 0.00006231 
4.639795 	 0 	 0.00291873 	 0.00006267 
4.648605 	 0 	 0.00279027 	 0.00006001 
4.658075 	 0 	 0.00286750 	 0.00006088 
4.661374 	 0 	 0.00299170 	 0.00006385 
