3.996021 	 0 	 0.00001228 	 0.00000052 
4.000967 	 0 	 0.00001763 	 0.00000073 
4.002940 	 0 	 0.00002049 	 0.00000073 
4.004970 	 0 	 0.00002394 	 0.00000090 
4.006972 	 0 	 0.00003218 	 0.00000097 
4.009086 	 0 	 0.00003023 	 0.00000106 
4.010032 	 0 	 0.00003448 	 0.00000114 
4.015070 	 0 	 0.00005346 	 0.00000111 
4.019108 	 0 	 0.00003807 	 0.00000092 
4.019916 	 0 	 0.00003518 	 0.00000107 
4.025044 	 0 	 0.00003553 	 0.00000103 
4.029979 	 0 	 0.00003000 	 0.00000087 
4.035141 	 0 	 0.00001143 	 0.00000058 
4.269958 	 0 	 0.00001084 	 0.00000054 
4.290051 	 0 	 0.00002020 	 0.00000082 
4.291116 	 0 	 0.00002654 	 0.00000116 
4.293189 	 0 	 0.00003542 	 0.00000119 
4.294196 	 0 	 0.00003924 	 0.00000134 
4.295147 	 0 	 0.00005008 	 0.00000151 
4.296155 	 0 	 0.00006004 	 0.00000176 
4.297220 	 0 	 0.00009313 	 0.00000225 
4.298084 	 0 	 0.00023667 	 0.00000566 
4.299093 	 0 	 0.00041335 	 0.00000863 
4.301052 	 0 	 0.00063007 	 0.00001209 
4.303098 	 0 	 0.00059225 	 0.00001145 
4.305231 	 0 	 0.00057469 	 0.00001134 
4.307250 	 0 	 0.00055359 	 0.00001162 
4.309297 	 0 	 0.00054308 	 0.00001150 
4.309961 	 0 	 0.00056987 	 0.00001085 
4.311172 	 0 	 0.00021545 	 0.00000704 
4.313106 	 0 	 0.00056364 	 0.00001119 
4.315126 	 0 	 0.00060010 	 0.00001160 
4.317204 	 0 	 0.00052769 	 0.00001041 
4.319168 	 0 	 0.00055729 	 0.00001118 
4.321160 	 0 	 0.00047892 	 0.00000972 
4.322980 	 0 	 0.00044514 	 0.00000889 
4.325205 	 0 	 0.00037624 	 0.00000701 
4.327112 	 0 	 0.00029520 	 0.00000562 
4.329078 	 0 	 0.00015196 	 0.00000358 
4.330119 	 0 	 0.00025467 	 0.00000559 
4.331189 	 0 	 0.00013304 	 0.00000295 
4.333242 	 0 	 0.00008784 	 0.00000209 
4.335151 	 0 	 0.00005884 	 0.00000157 
4.340042 	 0 	 0.00004037 	 0.00000122 
4.344877 	 0 	 0.00003419 	 0.00000118 
4.349976 	 0 	 0.00002452 	 0.00000104 
4.370053 	 0 	 0.00002674 	 0.00000089 
4.390148 	 0 	 0.00003929 	 0.00000113 
4.410025 	 0 	 0.00005291 	 0.00000150 
4.420244 	 0 	 0.00004719 	 0.00000147 
4.430182 	 0 	 0.00011181 	 0.00000221 
4.440043 	 0 	 0.00017283 	 0.00000428 
4.449945 	 0 	 0.00029308 	 0.00000613 
4.454988 	 0 	 0.00086606 	 0.00001744 
4.460121 	 0 	 0.00085775 	 0.00001884 
4.469957 	 0 	 0.00093244 	 0.00001869 
4.477981 	 0 	 0.00070018 	 0.00001547 
4.486129 	 0 	 0.00035820 	 0.00000803 
4.488189 	 0 	 0.00023514 	 0.00000606 
4.490073 	 0 	 0.00037920 	 0.00000762 
4.492223 	 0 	 0.00013948 	 0.00000356 
4.494992 	 0 	 0.00011293 	 0.00000254 
4.499972 	 0 	 0.00006058 	 0.00000174 
4.510205 	 0 	 0.00005229 	 0.00000129 
4.512183 	 0 	 0.00010326 	 0.00000280 
4.515076 	 0 	 0.00034452 	 0.00000746 
4.520067 	 0 	 0.00052279 	 0.00001112 
4.525238 	 0 	 0.00100412 	 0.00001996 
4.529406 	 0 	 0.00115412 	 0.00001796 
4.535056 	 0 	 0.00165683 	 0.00003010 
4.540236 	 0 	 0.00145928 	 0.00003398 
4.549804 	 0 	 0.00236111 	 0.00002503 
4.560183 	 0 	 0.00302820 	 0.00004238 
4.570129 	 0 	 0.00323702 	 0.00004420 
4.580025 	 0 	 0.00201991 	 0.00003569 
4.590082 	 0 	 0.00078640 	 0.00001576 
4.600268 	 0 	 0.00067777 	 0.00001497 
4.609989 	 0 	 0.00173879 	 0.00002849 
4.620227 	 0 	 0.00193631 	 0.00003776 
4.629939 	 0 	 0.00148115 	 0.00002522 
4.635173 	 0 	 0.00074751 	 0.00001557 
4.639960 	 0 	 0.00044514 	 0.00000993 
4.649962 	 0 	 0.00037283 	 0.00000826 
4.670119 	 0 	 0.00018621 	 0.00000447 
4.680153 	 0 	 0.00008438 	 0.00000280 
4.689928 	 0 	 0.00007540 	 0.00000229 
4.710020 	 0 	 0.00004674 	 0.00000153 
4.730004 	 0 	 0.00005922 	 0.00000171 
4.749999 	 0 	 0.00007864 	 0.00000262 
4.755179 	 0 	 0.00014399 	 0.00000376 
4.758876 	 0 	 0.00014680 	 0.00000391 
4.770038 	 0 	 0.00017445 	 0.00000489 
4.775016 	 0 	 0.00026974 	 0.00000694 
4.780179 	 0 	 0.00056894 	 0.00001324 
4.790118 	 0 	 0.00080820 	 0.00001493 
4.799915 	 0 	 0.00063234 	 0.00001218 
4.810027 	 0 	 0.00030172 	 0.00000810 
4.812160 	 0 	 0.00016856 	 0.00000470 
4.815270 	 0 	 0.00009266 	 0.00000304 
4.820058 	 0 	 0.00004894 	 0.00000196 
4.829886 	 0 	 0.00002979 	 0.00000120 
4.850030 	 0 	 0.00001627 	 0.00000088 
4.866293 	 0 	 0.00002696 	 0.00000126 
4.889892 	 0 	 0.00002836 	 0.00000117 
4.899914 	 0 	 0.00004092 	 0.00000173 
4.910130 	 0 	 0.00005819 	 0.00000197 
4.919957 	 0 	 0.00007521 	 0.00000242 
4.926154 	 0 	 0.00008599 	 0.00000193 
4.930195 	 0 	 0.00008477 	 0.00000237 
4.936923 	 0 	 0.00007515 	 0.00000185 
4.946745 	 0 	 0.00007870 	 0.00000192 
4.950269 	 0 	 0.00007737 	 0.00000251 
4.956763 	 0 	 0.00009072 	 0.00000219 
4.961869 	 0 	 0.00010599 	 0.00000219 
4.964748 	 0 	 0.00010084 	 0.00000238 
4.967875 	 0 	 0.00010783 	 0.00000253 
4.970043 	 0 	 0.00011790 	 0.00000304 
4.972800 	 0 	 0.00010504 	 0.00000212 
4.974629 	 0 	 0.00011966 	 0.00000254 
4.984706 	 0 	 0.00009721 	 0.00000209 
4.990074 	 0 	 0.00009591 	 0.00000253 
4.994669 	 0 	 0.00006812 	 0.00000185 
5.004642 	 0 	 0.00003048 	 0.00000097 
5.009990 	 0 	 0.00006657 	 0.00000226 
5.014843 	 0 	 0.00007820 	 0.00000211 
5.017737 	 0 	 0.00010864 	 0.00000239 
5.017861 	 0 	 0.00009252 	 0.00000245 
5.019822 	 0 	 0.00014190 	 0.00000343 
5.024805 	 0 	 0.00028585 	 0.00000658 
5.027826 	 0 	 0.00035266 	 0.00000822 
5.030101 	 0 	 0.00036037 	 0.00000905 
5.032781 	 0 	 0.00022409 	 0.00000609 
5.035899 	 0 	 0.00047788 	 0.00000910 
5.038706 	 0 	 0.00030382 	 0.00000779 
5.041981 	 0 	 0.00048632 	 0.00000980 
5.044789 	 0 	 0.00041879 	 0.00000864 
5.049971 	 0 	 0.00034094 	 0.00000788 
5.054843 	 0 	 0.00024791 	 0.00000566 
5.064876 	 0 	 0.00015138 	 0.00000438 
5.069912 	 0 	 0.00014233 	 0.00000468 
5.074481 	 0 	 0.00010864 	 0.00000329 
5.084189 	 0 	 0.00008273 	 0.00000326 
5.089986 	 0 	 0.00009672 	 0.00000345 
5.093717 	 0 	 0.00036975 	 0.00000952 
5.096760 	 0 	 0.00068477 	 0.00001077 
5.098893 	 0 	 0.00091937 	 0.00001402 
5.099991 	 0 	 0.00080568 	 0.00001507 
5.100431 	 0 	 0.00093242 	 0.00001538 
5.100713 	 0 	 0.00085787 	 0.00001565 
5.102879 	 0 	 0.00073227 	 0.00001579 
5.104856 	 0 	 0.00076182 	 0.00001551 
5.106897 	 0 	 0.00118196 	 0.00001853 
5.108781 	 0 	 0.00111366 	 0.00001758 
5.110037 	 0 	 0.00113310 	 0.00001899 
5.110750 	 0 	 0.00108992 	 0.00001807 
5.113839 	 0 	 0.00103699 	 0.00001664 
5.118804 	 0 	 0.00099264 	 0.00001374 
5.123773 	 0 	 0.00063202 	 0.00001241 
5.128523 	 0 	 0.00045982 	 0.00000829 
5.129939 	 0 	 0.00050787 	 0.00001032 
5.133811 	 0 	 0.00038029 	 0.00000711 
5.138881 	 0 	 0.00041280 	 0.00000751 
5.141653 	 0 	 0.00034293 	 0.00000678 
5.144741 	 0 	 0.00033449 	 0.00000665 
5.147988 	 0 	 0.00032048 	 0.00000668 
5.150006 	 0 	 0.00030236 	 0.00000730 
5.150983 	 0 	 0.00028435 	 0.00000557 
5.157040 	 0 	 0.00026152 	 0.00000492 
5.159375 	 0 	 0.00022972 	 0.00000431 
5.170048 	 0 	 0.00014126 	 0.00000438 
5.189844 	 0 	 0.00011021 	 0.00000281 
5.210028 	 0 	 0.00005507 	 0.00000213 
5.230028 	 0 	 0.00015421 	 0.00000542 
5.239501 	 0 	 0.00019567 	 0.00000448 
5.243064 	 0 	 0.00019030 	 0.00000683 
5.250129 	 0 	 0.00030834 	 0.00000988 
5.259940 	 0 	 0.00041262 	 0.00001269 
5.265040 	 0 	 0.00048590 	 0.00001796 
5.269983 	 0 	 0.00063289 	 0.00001951 
5.274960 	 0 	 0.00074414 	 0.00002375 
5.275024 	 0 	 0.00077612 	 0.00001681 
5.279812 	 0 	 0.00130131 	 0.00003021 
5.284953 	 0 	 0.00158571 	 0.00003932 
5.290161 	 0 	 0.00179728 	 0.00003308 
5.292942 	 0 	 0.00254001 	 0.00003781 
5.297674 	 0 	 0.00235143 	 0.00002914 
5.299721 	 0 	 0.00252202 	 0.00003167 
5.302376 	 0 	 0.00216625 	 0.00003314 
5.308233 	 0 	 0.00190629 	 0.00002191 
5.312876 	 0 	 0.00200700 	 0.00002271 
5.317521 	 0 	 0.00152623 	 0.00001931 
5.322809 	 0 	 0.00137514 	 0.00001691 
5.327683 	 0 	 0.00125071 	 0.00001584 
5.332880 	 0 	 0.00090412 	 0.00001493 
5.332912 	 0 	 0.00068916 	 0.00001133 
5.337469 	 0 	 0.00059056 	 0.00000987 
5.342735 	 0 	 0.00035731 	 0.00000779 
5.342928 	 0 	 0.00034018 	 0.00000683 
5.346943 	 0 	 0.00028939 	 0.00000597 
5.348261 	 0 	 0.00023946 	 0.00000527 
5.348582 	 0 	 0.00022062 	 0.00000481 
5.352053 	 0 	 0.00039025 	 0.00000866 
5.353596 	 0 	 0.00030777 	 0.00000470 
5.357905 	 0 	 0.00041497 	 0.00000953 
5.357969 	 0 	 0.00056660 	 0.00000853 
5.359835 	 0 	 0.00043994 	 0.00001028 
5.361894 	 0 	 0.00048468 	 0.00000994 
5.363857 	 0 	 0.00047310 	 0.00000965 
5.366045 	 0 	 0.00041632 	 0.00001025 
5.368041 	 0 	 0.00042779 	 0.00000721 
5.368266 	 0 	 0.00041228 	 0.00000694 
5.369651 	 0 	 0.00041497 	 0.00000805 
5.371486 	 0 	 0.00046524 	 0.00000736 
5.373418 	 0 	 0.00036041 	 0.00000547 
5.374804 	 0 	 0.00026402 	 0.00000466 
5.380088 	 0 	 0.00010708 	 0.00000357 
5.382924 	 0 	 0.00007109 	 0.00000276 
5.383343 	 0 	 0.00008894 	 0.00000257 
5.383343 	 0 	 0.00009804 	 0.00000273 
5.383859 	 0 	 0.00006042 	 0.00000237 
5.385955 	 0 	 0.00004281 	 0.00000173 
5.389858 	 0 	 0.00003872 	 0.00000173 
5.393084 	 0 	 0.00004015 	 0.00000190 
5.403415 	 0 	 0.00002799 	 0.00000151 
5.414078 	 0 	 0.00004352 	 0.00000220 
5.424364 	 0 	 0.00002167 	 0.00000129 
5.435405 	 0 	 0.00005316 	 0.00000181 
5.439261 	 0 	 0.00005858 	 0.00000208 
5.440816 	 0 	 0.00004618 	 0.00000240 
