3.996021 	 120 	 0.00001427 	 0.00000055 
4.000967 	 120 	 0.00001933 	 0.00000075 
4.002940 	 120 	 0.00002512 	 0.00000079 
4.004970 	 120 	 0.00002873 	 0.00000087 
4.006972 	 120 	 0.00003508 	 0.00000091 
4.009086 	 120 	 0.00003780 	 0.00000110 
4.010032 	 120 	 0.00003597 	 0.00000110 
4.015070 	 120 	 0.00003579 	 0.00000095 
4.019108 	 120 	 0.00004753 	 0.00000091 
4.019916 	 120 	 0.00003977 	 0.00000100 
4.025044 	 120 	 0.00003146 	 0.00000097 
4.029979 	 120 	 0.00003663 	 0.00000086 
4.035141 	 120 	 0.00002649 	 0.00000074 
4.269958 	 120 	 0.00001127 	 0.00000051 
4.290051 	 120 	 0.00002216 	 0.00000079 
4.291116 	 120 	 0.00002718 	 0.00000107 
4.293189 	 120 	 0.00002992 	 0.00000110 
4.294196 	 120 	 0.00002641 	 0.00000097 
4.295147 	 120 	 0.00003249 	 0.00000115 
4.296155 	 120 	 0.00003613 	 0.00000130 
4.297220 	 120 	 0.00008783 	 0.00000211 
4.298084 	 120 	 0.00024492 	 0.00000547 
4.299093 	 120 	 0.00039519 	 0.00000809 
4.301052 	 120 	 0.00051844 	 0.00001090 
4.303098 	 120 	 0.00060905 	 0.00001072 
4.305231 	 120 	 0.00050895 	 0.00001028 
4.307250 	 120 	 0.00028512 	 0.00000811 
4.309297 	 120 	 0.00048195 	 0.00001048 
4.309961 	 120 	 0.00044560 	 0.00000940 
4.311172 	 120 	 0.00047736 	 0.00000967 
4.313106 	 120 	 0.00029065 	 0.00000784 
4.315126 	 120 	 0.00048172 	 0.00001023 
4.317204 	 120 	 0.00048706 	 0.00000970 
4.319168 	 120 	 0.00039201 	 0.00000953 
4.321160 	 120 	 0.00041491 	 0.00000880 
4.322980 	 120 	 0.00039351 	 0.00000801 
4.325205 	 120 	 0.00022846 	 0.00000532 
4.327112 	 120 	 0.00023272 	 0.00000481 
4.329078 	 120 	 0.00014653 	 0.00000328 
4.330119 	 120 	 0.00020467 	 0.00000486 
4.331189 	 120 	 0.00008475 	 0.00000230 
4.333242 	 120 	 0.00008092 	 0.00000190 
4.335151 	 120 	 0.00006157 	 0.00000151 
4.340042 	 120 	 0.00003415 	 0.00000117 
4.344877 	 120 	 0.00002836 	 0.00000107 
4.349976 	 120 	 0.00002703 	 0.00000088 
4.370053 	 120 	 0.00002824 	 0.00000097 
4.390148 	 120 	 0.00004481 	 0.00000117 
4.410025 	 120 	 0.00005898 	 0.00000136 
4.420244 	 120 	 0.00004976 	 0.00000152 
4.430182 	 120 	 0.00008894 	 0.00000193 
4.440043 	 120 	 0.00023745 	 0.00000459 
4.449945 	 120 	 0.00024998 	 0.00000539 
4.454988 	 120 	 0.00071006 	 0.00001479 
4.460121 	 120 	 0.00115271 	 0.00002068 
4.469957 	 120 	 0.00123903 	 0.00002020 
4.477981 	 120 	 0.00074148 	 0.00001514 
4.486129 	 120 	 0.00040932 	 0.00000813 
4.488189 	 120 	 0.00032512 	 0.00000652 
4.490073 	 120 	 0.00025140 	 0.00000605 
4.492223 	 120 	 0.00015868 	 0.00000352 
4.494992 	 120 	 0.00009531 	 0.00000216 
4.499972 	 120 	 0.00006111 	 0.00000164 
4.510205 	 120 	 0.00004638 	 0.00000117 
4.512183 	 120 	 0.00009967 	 0.00000261 
4.515076 	 120 	 0.00030996 	 0.00000680 
4.520067 	 120 	 0.00054986 	 0.00001070 
4.525238 	 120 	 0.00103043 	 0.00001923 
4.529406 	 120 	 0.00092445 	 0.00001566 
4.535056 	 120 	 0.00151579 	 0.00002767 
4.540236 	 120 	 0.00137149 	 0.00003074 
4.549804 	 120 	 0.00213683 	 0.00002303 
4.560183 	 120 	 0.00300944 	 0.00004037 
4.570129 	 120 	 0.00194191 	 0.00003380 
4.580025 	 120 	 0.00176046 	 0.00003100 
4.590082 	 120 	 0.00095242 	 0.00001616 
4.600268 	 120 	 0.00076508 	 0.00001461 
4.609989 	 120 	 0.00109614 	 0.00002198 
4.620227 	 120 	 0.00182384 	 0.00003452 
4.629939 	 120 	 0.00068267 	 0.00001674 
4.635173 	 120 	 0.00073709 	 0.00001460 
4.639960 	 120 	 0.00039140 	 0.00000890 
4.649962 	 120 	 0.00032181 	 0.00000734 
4.670119 	 120 	 0.00019168 	 0.00000436 
4.680153 	 120 	 0.00009388 	 0.00000279 
4.689928 	 120 	 0.00005486 	 0.00000170 
4.710020 	 120 	 0.00005261 	 0.00000140 
4.730004 	 120 	 0.00005938 	 0.00000179 
4.749999 	 120 	 0.00007491 	 0.00000232 
4.755179 	 120 	 0.00012853 	 0.00000411 
4.758876 	 120 	 0.00010244 	 0.00000356 
4.770038 	 120 	 0.00018054 	 0.00000494 
4.775016 	 120 	 0.00028722 	 0.00000656 
4.780179 	 120 	 0.00063377 	 0.00001320 
4.790118 	 120 	 0.00050027 	 0.00001123 
4.799915 	 120 	 0.00060889 	 0.00001110 
4.810027 	 120 	 0.00030884 	 0.00000801 
4.812160 	 120 	 0.00009826 	 0.00000378 
4.815270 	 120 	 0.00008748 	 0.00000290 
4.820058 	 120 	 0.00005218 	 0.00000177 
4.829886 	 120 	 0.00002833 	 0.00000112 
4.850030 	 120 	 0.00001561 	 0.00000079 
4.866293 	 120 	 0.00001773 	 0.00000089 
4.889892 	 120 	 0.00002532 	 0.00000101 
4.899914 	 120 	 0.00003965 	 0.00000153 
4.910130 	 120 	 0.00006102 	 0.00000184 
4.919957 	 120 	 0.00007357 	 0.00000238 
4.926154 	 120 	 0.00006893 	 0.00000150 
4.930195 	 120 	 0.00009747 	 0.00000239 
4.936923 	 120 	 0.00009080 	 0.00000193 
4.946745 	 120 	 0.00008365 	 0.00000195 
4.950269 	 120 	 0.00009376 	 0.00000246 
4.956763 	 120 	 0.00009765 	 0.00000206 
4.961869 	 120 	 0.00009342 	 0.00000212 
4.964748 	 120 	 0.00010657 	 0.00000233 
4.967875 	 120 	 0.00010367 	 0.00000237 
4.970043 	 120 	 0.00010593 	 0.00000276 
4.972800 	 120 	 0.00010562 	 0.00000203 
4.974629 	 120 	 0.00009979 	 0.00000229 
4.984706 	 120 	 0.00008858 	 0.00000200 
4.990074 	 120 	 0.00009142 	 0.00000248 
4.994669 	 120 	 0.00007592 	 0.00000177 
5.004642 	 120 	 0.00005201 	 0.00000138 
5.009990 	 120 	 0.00005657 	 0.00000205 
5.014843 	 120 	 0.00006116 	 0.00000183 
5.017737 	 120 	 0.00010635 	 0.00000239 
5.017861 	 120 	 0.00007811 	 0.00000218 
5.019822 	 120 	 0.00009431 	 0.00000253 
5.024805 	 120 	 0.00028739 	 0.00000616 
5.027826 	 120 	 0.00031005 	 0.00000733 
5.030101 	 120 	 0.00020700 	 0.00000687 
5.032781 	 120 	 0.00021620 	 0.00000574 
5.035899 	 120 	 0.00034618 	 0.00000758 
5.038706 	 120 	 0.00034193 	 0.00000716 
5.041981 	 120 	 0.00029926 	 0.00000790 
5.044789 	 120 	 0.00039765 	 0.00000828 
5.049971 	 120 	 0.00032700 	 0.00000727 
5.054843 	 120 	 0.00024338 	 0.00000522 
5.064876 	 120 	 0.00014898 	 0.00000426 
5.069912 	 120 	 0.00012090 	 0.00000444 
5.074481 	 120 	 0.00010974 	 0.00000293 
5.084189 	 120 	 0.00006333 	 0.00000239 
5.089986 	 120 	 0.00010591 	 0.00000332 
5.093717 	 120 	 0.00035935 	 0.00000900 
5.096760 	 120 	 0.00071762 	 0.00001014 
5.098893 	 120 	 0.00069377 	 0.00001292 
5.099991 	 120 	 0.00080732 	 0.00001463 
5.100431 	 120 	 0.00070832 	 0.00001382 
5.100713 	 120 	 0.00081390 	 0.00001423 
5.102879 	 120 	 0.00100145 	 0.00001680 
5.104856 	 120 	 0.00100748 	 0.00001652 
5.106897 	 120 	 0.00096110 	 0.00001665 
5.108781 	 120 	 0.00081970 	 0.00001520 
5.110037 	 120 	 0.00061197 	 0.00001363 
5.110750 	 120 	 0.00100428 	 0.00001609 
5.113839 	 120 	 0.00084736 	 0.00001451 
5.118804 	 120 	 0.00082000 	 0.00001205 
5.123773 	 120 	 0.00054796 	 0.00001114 
5.128523 	 120 	 0.00043115 	 0.00000759 
5.129939 	 120 	 0.00033411 	 0.00000789 
5.133811 	 120 	 0.00027195 	 0.00000556 
5.138881 	 120 	 0.00034129 	 0.00000660 
5.141653 	 120 	 0.00036678 	 0.00000659 
5.144741 	 120 	 0.00031260 	 0.00000602 
5.147988 	 120 	 0.00030457 	 0.00000630 
5.150006 	 120 	 0.00030678 	 0.00000701 
5.150983 	 120 	 0.00027151 	 0.00000523 
5.157040 	 120 	 0.00019757 	 0.00000436 
5.159375 	 120 	 0.00022157 	 0.00000419 
5.170048 	 120 	 0.00013773 	 0.00000391 
5.189844 	 120 	 0.00009306 	 0.00000261 
5.210028 	 120 	 0.00009886 	 0.00000333 
5.230028 	 120 	 0.00013640 	 0.00000499 
5.239501 	 120 	 0.00018417 	 0.00000494 
5.243064 	 120 	 0.00020270 	 0.00000783 
5.250129 	 120 	 0.00028014 	 0.00001094 
5.259940 	 120 	 0.00042044 	 0.00001234 
5.265040 	 120 	 0.00052102 	 0.00001592 
5.269983 	 120 	 0.00068887 	 0.00001890 
5.274960 	 120 	 0.00058996 	 0.00001664 
5.275024 	 120 	 0.00069855 	 0.00001517 
5.279812 	 120 	 0.00119257 	 0.00002841 
5.284953 	 120 	 0.00123039 	 0.00002972 
5.290161 	 120 	 0.00218883 	 0.00003427 
5.292942 	 120 	 0.00239756 	 0.00003642 
5.297674 	 120 	 0.00178772 	 0.00002241 
5.299721 	 120 	 0.00201554 	 0.00003103 
5.302376 	 120 	 0.00183338 	 0.00003046 
5.308233 	 120 	 0.00182528 	 0.00002061 
5.312876 	 120 	 0.00186518 	 0.00002148 
5.317521 	 120 	 0.00162491 	 0.00001841 
5.322809 	 120 	 0.00086289 	 0.00001264 
5.327683 	 120 	 0.00098278 	 0.00001394 
5.332880 	 120 	 0.00053040 	 0.00001089 
5.332912 	 120 	 0.00076370 	 0.00001130 
5.337469 	 120 	 0.00054959 	 0.00000868 
5.342735 	 120 	 0.00024306 	 0.00000596 
5.342928 	 120 	 0.00014857 	 0.00000442 
5.346943 	 120 	 0.00023012 	 0.00000584 
5.348261 	 120 	 0.00020168 	 0.00000450 
5.348582 	 120 	 0.00022689 	 0.00000466 
5.352053 	 120 	 0.00037580 	 0.00000812 
5.353596 	 120 	 0.00030907 	 0.00000473 
5.357905 	 120 	 0.00031973 	 0.00000774 
5.357969 	 120 	 0.00040005 	 0.00000699 
5.359835 	 120 	 0.00030156 	 0.00000763 
5.361894 	 120 	 0.00038036 	 0.00000895 
5.363857 	 120 	 0.00035558 	 0.00000845 
5.366045 	 120 	 0.00039154 	 0.00000924 
5.368041 	 120 	 0.00034694 	 0.00000641 
5.368266 	 120 	 0.00035063 	 0.00000628 
5.369651 	 120 	 0.00038447 	 0.00000830 
5.371486 	 120 	 0.00042976 	 0.00000649 
5.373418 	 120 	 0.00026363 	 0.00000428 
5.374804 	 120 	 0.00022867 	 0.00000421 
5.380088 	 120 	 0.00009411 	 0.00000327 
5.382924 	 120 	 0.00005815 	 0.00000253 
5.383343 	 120 	 0.00006283 	 0.00000206 
5.383343 	 120 	 0.00007926 	 0.00000248 
5.383859 	 120 	 0.00005476 	 0.00000197 
5.385955 	 120 	 0.00004479 	 0.00000199 
5.389858 	 120 	 0.00003291 	 0.00000157 
5.393084 	 120 	 0.00003596 	 0.00000185 
5.403415 	 120 	 0.00003029 	 0.00000142 
5.414078 	 120 	 0.00004355 	 0.00000167 
5.424364 	 120 	 0.00004423 	 0.00000191 
5.435405 	 120 	 0.00004814 	 0.00000165 
5.439261 	 120 	 0.00005567 	 0.00000194 
5.440816 	 120 	 0.00005121 	 0.00000240 
