3.996021 	 45 	 0.00000009 	 0.00000024 
4.000967 	 45 	 0.00000241 	 0.00000029 
4.002940 	 45 	 0.00000195 	 0.00000043 
4.004970 	 45 	 0.00000310 	 0.00000077 
4.006972 	 45 	 0.00000638 	 0.00000062 
4.009086 	 45 	 0.00000130 	 0.00000305 
4.010032 	 45 	 0.00000699 	 0.00000069 
4.015070 	 45 	 0.00000252 	 0.00000053 
4.019108 	 45 	 0.00000647 	 0.00000047 
4.019916 	 45 	 0.00000538 	 0.00000062 
4.025044 	 45 	 0.00000530 	 0.00000064 
4.029979 	 45 	 0.00000797 	 0.00000063 
4.035141 	 45 	 0.00000628 	 0.00000050 
4.269958 	 45 	 0.00001559 	 0.00000075 
4.290051 	 45 	 0.00000919 	 0.00000064 
4.291116 	 45 	 0.00000234 	 0.00000070 
4.293189 	 45 	 0.00000650 	 0.00000084 
4.294196 	 45 	 0.00000674 	 0.00000084 
4.295147 	 45 	 0.00001532 	 0.00000104 
4.296155 	 45 	 0.00000576 	 0.00000091 
4.297220 	 45 	 0.00001324 	 0.00000126 
4.298084 	 45 	 0.00000641 	 0.00000213 
4.299093 	 45 	 0.00001218 	 0.00000271 
4.301052 	 45 	 0.00002682 	 0.00000559 
4.303098 	 45 	 0.00002533 	 0.00000411 
4.305231 	 45 	 0.00002729 	 0.00000456 
4.307250 	 45 	 0.00003734 	 0.00000658 
4.309297 	 45 	 0.00002743 	 0.00000478 
4.309961 	 45 	 0.00002889 	 0.00000413 
4.311172 	 45 	 0.00001674 	 0.00000421 
4.313106 	 45 	 0.00003081 	 0.00000582 
4.315126 	 45 	 0.00003331 	 0.00000511 
4.317204 	 45 	 0.00002831 	 0.00000434 
4.319168 	 45 	 0.00002365 	 0.00000413 
4.321160 	 45 	 0.00001502 	 0.00000336 
4.322980 	 45 	 0.00002324 	 0.00000384 
4.325205 	 45 	 0.00001169 	 0.00000347 
4.327112 	 45 	 0.00001731 	 0.00000225 
4.329078 	 45 	 0.00002395 	 0.00000275 
4.330119 	 45 	 0.00002192 	 0.00000280 
4.331189 	 45 	 0.00002395 	 0.00000178 
4.333242 	 45 	 0.00002583 	 0.00000159 
4.335151 	 45 	 0.00003919 	 0.00000153 
4.340042 	 45 	 0.00001228 	 0.00000086 
4.344877 	 45 	 0.00002100 	 0.00000094 
4.349976 	 45 	 0.00003146 	 0.00000132 
4.370053 	 45 	 0.00001591 	 0.00000085 
4.390148 	 45 	 0.00002360 	 0.00000116 
4.410025 	 45 	 0.00003260 	 0.00000146 
4.420244 	 45 	 0.00005226 	 0.00000177 
4.430182 	 45 	 0.00006512 	 0.00000208 
4.440043 	 45 	 0.00018302 	 0.00000497 
4.449945 	 45 	 0.00024891 	 0.00000639 
4.454988 	 45 	 0.00059464 	 0.00001567 
4.460121 	 45 	 0.00077042 	 0.00002073 
4.469957 	 45 	 0.00094126 	 0.00002121 
4.477981 	 45 	 0.00071810 	 0.00001782 
4.486129 	 45 	 0.00036962 	 0.00000868 
4.488189 	 45 	 0.00030842 	 0.00000723 
4.490073 	 45 	 0.00058222 	 0.00001047 
4.492223 	 45 	 0.00016626 	 0.00000442 
4.494992 	 45 	 0.00016194 	 0.00000321 
4.499972 	 45 	 0.00010457 	 0.00000275 
4.510205 	 45 	 0.00004124 	 0.00000142 
4.512183 	 45 	 0.00003851 	 0.00000232 
4.515076 	 45 	 0.00004425 	 0.00000415 
4.520067 	 45 	 0.00003753 	 0.00000473 
4.525238 	 45 	 0.00007331 	 0.00000897 
4.529406 	 45 	 0.00004475 	 0.00000635 
4.535056 	 45 	 0.00015321 	 0.00001551 
4.540236 	 45 	 0.00016406 	 0.00001660 
4.549804 	 45 	 0.00030303 	 0.00001375 
4.560183 	 45 	 0.00080508 	 0.00002831 
4.570129 	 45 	 0.00132585 	 0.00003492 
4.580025 	 45 	 0.00067206 	 0.00002548 
4.590082 	 45 	 0.00031963 	 0.00001260 
4.600268 	 45 	 0.00018428 	 0.00001088 
4.609989 	 45 	 0.00011690 	 0.00001145 
4.620227 	 45 	 0.00013738 	 0.00001696 
4.629939 	 45 	 0.00013184 	 0.00001166 
4.635173 	 45 	 0.00007841 	 0.00000773 
4.639960 	 45 	 0.00004169 	 0.00000422 
4.649962 	 45 	 0.00012803 	 0.00000660 
4.670119 	 45 	 0.00012767 	 0.00000476 
4.680153 	 45 	 0.00004627 	 0.00000259 
4.689928 	 45 	 0.00004445 	 0.00000269 
4.710020 	 45 	 0.00004531 	 0.00000166 
4.730004 	 45 	 0.00005698 	 0.00000247 
4.749999 	 45 	 0.00012445 	 0.00000405 
4.755179 	 45 	 0.00017535 	 0.00000463 
4.758876 	 45 	 0.00029233 	 0.00000625 
4.770038 	 45 	 0.00022039 	 0.00000574 
4.775016 	 45 	 0.00024869 	 0.00000735 
4.780179 	 45 	 0.00028893 	 0.00001268 
4.790118 	 45 	 0.00027733 	 0.00001155 
4.799915 	 45 	 0.00014272 	 0.00000814 
4.810027 	 45 	 0.00008185 	 0.00000454 
4.812160 	 45 	 0.00016573 	 0.00000460 
4.815270 	 45 	 0.00015662 	 0.00000452 
4.820058 	 45 	 0.00012522 	 0.00000269 
4.829886 	 45 	 0.00012671 	 0.00000214 
4.850030 	 45 	 0.00020534 	 0.00000216 
4.866293 	 45 	 0.00018836 	 0.00000242 
4.889892 	 45 	 0.00019882 	 0.00000194 
4.899914 	 45 	 0.00069111 	 0.00000564 
4.910130 	 45 	 0.00089230 	 0.00000606 
4.919957 	 45 	 0.00102635 	 0.00000771 
4.926154 	 45 	 0.00141206 	 0.00000651 
4.930195 	 45 	 0.00136229 	 0.00000823 
4.936923 	 45 	 0.00189023 	 0.00000751 
4.946745 	 45 	 0.00133688 	 0.00000649 
4.950269 	 45 	 0.00160965 	 0.00000897 
4.956763 	 45 	 0.00264262 	 0.00000963 
4.961869 	 45 	 0.00219047 	 0.00000899 
4.964748 	 45 	 0.00238152 	 0.00000950 
4.967875 	 45 	 0.00216572 	 0.00000968 
4.970043 	 45 	 0.00225996 	 0.00001141 
4.972800 	 45 	 0.00246202 	 0.00000840 
4.974629 	 45 	 0.00164144 	 0.00000820 
4.984706 	 45 	 0.00133891 	 0.00000647 
4.990074 	 45 	 0.00136840 	 0.00000859 
4.994669 	 45 	 0.00138038 	 0.00000644 
5.004642 	 45 	 0.00079347 	 0.00000425 
5.009990 	 45 	 0.00072838 	 0.00000608 
5.014843 	 45 	 0.00042478 	 0.00000382 
5.017737 	 45 	 0.00072234 	 0.00000566 
5.017861 	 45 	 0.00072624 	 0.00000539 
5.019822 	 45 	 0.00062697 	 0.00000680 
5.024805 	 45 	 0.00070110 	 0.00001020 
5.027826 	 45 	 0.00055606 	 0.00000985 
5.030101 	 45 	 0.00091710 	 0.00001351 
5.032781 	 45 	 0.00110518 	 0.00001364 
5.035899 	 45 	 0.00068391 	 0.00001081 
5.038706 	 45 	 0.00092786 	 0.00001281 
5.041981 	 45 	 0.00118347 	 0.00001551 
5.044789 	 45 	 0.00081463 	 0.00001258 
5.049971 	 45 	 0.00071357 	 0.00001146 
5.054843 	 45 	 0.00092407 	 0.00001044 
5.064876 	 45 	 0.00024093 	 0.00000490 
5.069912 	 45 	 0.00053285 	 0.00000774 
5.074481 	 45 	 0.00034757 	 0.00000469 
5.084189 	 45 	 0.00030683 	 0.00000450 
5.089986 	 45 	 0.00022373 	 0.00000524 
5.093717 	 45 	 0.00018375 	 0.00000831 
5.096760 	 45 	 0.00019128 	 0.00000823 
5.098893 	 45 	 0.00022618 	 0.00001114 
5.099991 	 45 	 0.00015504 	 0.00001146 
5.100431 	 45 	 0.00023482 	 0.00001172 
5.100713 	 45 	 0.00028914 	 0.00001277 
5.102879 	 45 	 0.00011572 	 0.00000856 
5.104856 	 45 	 0.00011957 	 0.00000799 
5.106897 	 45 	 0.00017607 	 0.00001181 
5.108781 	 45 	 0.00010400 	 0.00000779 
5.110037 	 45 	 0.00029675 	 0.00001263 
5.110750 	 45 	 0.00018427 	 0.00001139 
5.113839 	 45 	 0.00020631 	 0.00001377 
5.118804 	 45 	 0.00018936 	 0.00001021 
5.123773 	 45 	 0.00022330 	 0.00000951 
5.128523 	 45 	 0.00019111 	 0.00000861 
5.129939 	 45 	 0.00018451 	 0.00000862 
5.133811 	 45 	 0.00014656 	 0.00000531 
5.138881 	 45 	 0.00033058 	 0.00000860 
5.141653 	 45 	 0.00049213 	 0.00000892 
5.144741 	 45 	 0.00021119 	 0.00000584 
5.147988 	 45 	 0.00030715 	 0.00000727 
5.150006 	 45 	 0.00034904 	 0.00000865 
5.150983 	 45 	 0.00030771 	 0.00000637 
5.157040 	 45 	 0.00043324 	 0.00000752 
5.159375 	 45 	 0.00032901 	 0.00000629 
5.170048 	 45 	 0.00034475 	 0.00000824 
5.189844 	 45 	 0.00017419 	 0.00000453 
5.210028 	 45 	 0.00021439 	 0.00000514 
5.230028 	 45 	 0.00014391 	 0.00000523 
5.239501 	 45 	 0.00022095 	 0.00000503 
5.243064 	 45 	 0.00029358 	 0.00000887 
5.250129 	 45 	 0.00031995 	 0.00001016 
5.259940 	 45 	 0.00047269 	 0.00001358 
5.265040 	 45 	 0.00076331 	 0.00002278 
5.269983 	 45 	 0.00058501 	 0.00002087 
5.274960 	 45 	 0.00058602 	 0.00001971 
5.275024 	 45 	 0.00037070 	 0.00001305 
5.279812 	 45 	 0.00024518 	 0.00001611 
5.284953 	 45 	 0.00047496 	 0.00003046 
5.290161 	 45 	 0.00027601 	 0.00001842 
5.292942 	 45 	 0.00038950 	 0.00002574 
5.297674 	 45 	 0.00036605 	 0.00002000 
5.299721 	 45 	 0.00035490 	 0.00002180 
5.302376 	 45 	 0.00036612 	 0.00002106 
5.308233 	 45 	 0.00037934 	 0.00001479 
5.312876 	 45 	 0.00033275 	 0.00001487 
5.317521 	 45 	 0.00056326 	 0.00001573 
5.322809 	 45 	 0.00054190 	 0.00001455 
5.327683 	 45 	 0.00059606 	 0.00001404 
5.332880 	 45 	 0.00074204 	 0.00001579 
5.332912 	 45 	 0.00048346 	 0.00001102 
5.337469 	 45 	 0.00051881 	 0.00000944 
5.342735 	 45 	 0.00072112 	 0.00001097 
5.342928 	 45 	 0.00074276 	 0.00001088 
5.346943 	 45 	 0.00041072 	 0.00000712 
5.348261 	 45 	 0.00058473 	 0.00000743 
5.348582 	 45 	 0.00042717 	 0.00000614 
5.352053 	 45 	 0.00067628 	 0.00001140 
5.353596 	 45 	 0.00055604 	 0.00000703 
5.357905 	 45 	 0.00066669 	 0.00001279 
5.357969 	 45 	 0.00050488 	 0.00000821 
5.359835 	 45 	 0.00055774 	 0.00001185 
5.361894 	 45 	 0.00041231 	 0.00001020 
5.363857 	 45 	 0.00049340 	 0.00001133 
5.366045 	 45 	 0.00054673 	 0.00001191 
5.368041 	 45 	 0.00050752 	 0.00000869 
5.368266 	 45 	 0.00054816 	 0.00000853 
5.369651 	 45 	 0.00035089 	 0.00000891 
5.371486 	 45 	 0.00061073 	 0.00000925 
5.373418 	 45 	 0.00045574 	 0.00000763 
5.374804 	 45 	 0.00024561 	 0.00000601 
5.380088 	 45 	 0.00007528 	 0.00000283 
5.382924 	 45 	 0.00004321 	 0.00000223 
5.383343 	 45 	 0.00010918 	 0.00000288 
5.383343 	 45 	 0.00012873 	 0.00000346 
5.383859 	 45 	 0.00003960 	 0.00000168 
5.385955 	 45 	 0.00004956 	 0.00000183 
5.389858 	 45 	 0.00004785 	 0.00000159 
5.393084 	 45 	 0.00002622 	 0.00000127 
5.403415 	 45 	 0.00004740 	 0.00000151 
5.414078 	 45 	 0.00007374 	 0.00000171 
5.424364 	 45 	 0.00008867 	 0.00000196 
5.435405 	 45 	 0.00007578 	 0.00000155 
5.439261 	 45 	 0.00007067 	 0.00000187 
5.440816 	 45 	 0.00006697 	 0.00000215 
