3.996021 	 0 	 0.00000214 	 0.00000064 
4.000967 	 0 	 0.00000412 	 0.00000053 
4.002940 	 0 	 0.00000315 	 0.00000049 
4.004970 	 0 	 0.00000661 	 0.00000055 
4.006972 	 0 	 0.00000617 	 0.00000048 
4.009086 	 0 	 0.00000460 	 0.00000062 
4.010032 	 0 	 0.00000769 	 0.00000064 
4.015070 	 0 	 0.00000777 	 0.00000057 
4.019108 	 0 	 0.00001040 	 0.00000057 
4.019916 	 0 	 0.00000439 	 0.00000065 
4.025044 	 0 	 0.00000589 	 0.00000058 
4.029979 	 0 	 0.00000811 	 0.00000049 
4.035141 	 0 	 0.00000154 	 0.00000033 
4.269958 	 0 	 0.00001062 	 0.00000064 
4.290051 	 0 	 0.00000848 	 0.00000052 
4.291116 	 0 	 0.00000817 	 0.00000075 
4.293189 	 0 	 0.00000754 	 0.00000082 
4.294196 	 0 	 0.00000792 	 0.00000068 
4.295147 	 0 	 0.00000626 	 0.00000076 
4.296155 	 0 	 0.00000791 	 0.00000105 
4.297220 	 0 	 0.00000883 	 0.00000125 
4.298084 	 0 	 0.00001728 	 0.00000221 
4.299093 	 0 	 0.00000718 	 0.00000367 
4.301052 	 0 	 0.00002743 	 0.00000425 
4.303098 	 0 	 0.00001703 	 0.00000438 
4.305231 	 0 	 0.00003137 	 0.00000394 
4.307250 	 0 	 0.00002061 	 0.00000391 
4.309297 	 0 	 0.00001807 	 0.00000383 
4.309961 	 0 	 0.00004122 	 0.00000483 
4.311172 	 0 	 0.00000705 	 0.00000273 
4.313106 	 0 	 0.00002243 	 0.00000385 
4.315126 	 0 	 0.00003023 	 0.00000410 
4.317204 	 0 	 0.00002348 	 0.00000473 
4.319168 	 0 	 0.00002603 	 0.00000382 
4.321160 	 0 	 0.00003268 	 0.00000553 
4.322980 	 0 	 0.00003061 	 0.00000395 
4.325205 	 0 	 0.00002369 	 0.00000336 
4.327112 	 0 	 0.00002426 	 0.00000245 
4.329078 	 0 	 0.00002485 	 0.00000201 
4.330119 	 0 	 0.00001454 	 0.00000205 
4.331189 	 0 	 0.00003015 	 0.00000200 
4.333242 	 0 	 0.00003007 	 0.00000132 
4.335151 	 0 	 0.00002944 	 0.00000163 
4.340042 	 0 	 0.00002454 	 0.00000095 
4.344877 	 0 	 0.00002620 	 0.00000095 
4.349976 	 0 	 0.00003362 	 0.00000094 
4.370053 	 0 	 0.00001693 	 0.00000098 
4.390148 	 0 	 0.00002173 	 0.00000135 
4.410025 	 0 	 0.00003448 	 0.00000153 
4.420244 	 0 	 0.00002414 	 0.00000112 
4.430182 	 0 	 0.00006664 	 0.00000177 
4.440043 	 0 	 0.00015081 	 0.00000417 
4.449945 	 0 	 0.00023492 	 0.00000580 
4.454988 	 0 	 0.00057338 	 0.00001467 
4.460121 	 0 	 0.00109935 	 0.00002189 
4.469957 	 0 	 0.00101229 	 0.00001926 
4.477981 	 0 	 0.00101178 	 0.00001865 
4.486129 	 0 	 0.00037928 	 0.00000797 
4.488189 	 0 	 0.00036602 	 0.00000724 
4.490073 	 0 	 0.00037251 	 0.00000759 
4.492223 	 0 	 0.00019506 	 0.00000394 
4.494992 	 0 	 0.00014987 	 0.00000271 
4.499972 	 0 	 0.00008317 	 0.00000208 
4.510205 	 0 	 0.00005173 	 0.00000167 
4.512183 	 0 	 0.00003892 	 0.00000183 
4.515076 	 0 	 0.00003588 	 0.00000321 
4.520067 	 0 	 0.00004201 	 0.00000482 
4.525238 	 0 	 0.00004995 	 0.00000915 
4.529406 	 0 	 0.00006999 	 0.00000932 
4.535056 	 0 	 0.00008097 	 0.00001000 
4.540236 	 0 	 0.00016378 	 0.00001506 
4.549804 	 0 	 0.00036903 	 0.00001162 
4.560183 	 0 	 0.00113002 	 0.00002980 
4.570129 	 0 	 0.00079675 	 0.00002401 
4.580025 	 0 	 0.00053082 	 0.00002183 
4.590082 	 0 	 0.00029209 	 0.00000996 
4.600268 	 0 	 0.00013823 	 0.00000737 
4.609989 	 0 	 0.00012364 	 0.00001120 
4.620227 	 0 	 0.00011220 	 0.00001383 
4.629939 	 0 	 0.00007458 	 0.00000959 
4.635173 	 0 	 0.00005962 	 0.00000617 
4.639960 	 0 	 0.00006592 	 0.00000453 
4.649962 	 0 	 0.00018935 	 0.00000598 
4.670119 	 0 	 0.00009380 	 0.00000457 
4.680153 	 0 	 0.00004011 	 0.00000208 
4.689928 	 0 	 0.00003572 	 0.00000207 
4.710020 	 0 	 0.00003247 	 0.00000121 
4.730004 	 0 	 0.00005035 	 0.00000194 
4.749999 	 0 	 0.00008450 	 0.00000288 
4.755179 	 0 	 0.00020678 	 0.00000434 
4.758876 	 0 	 0.00021811 	 0.00000460 
4.770038 	 0 	 0.00023477 	 0.00000626 
4.775016 	 0 	 0.00025487 	 0.00000715 
4.780179 	 0 	 0.00023077 	 0.00001016 
4.790118 	 0 	 0.00019943 	 0.00000908 
4.799915 	 0 	 0.00015662 	 0.00000675 
4.810027 	 0 	 0.00015283 	 0.00000525 
4.812160 	 0 	 0.00018863 	 0.00000528 
4.815270 	 0 	 0.00013102 	 0.00000322 
4.820058 	 0 	 0.00013363 	 0.00000273 
4.829886 	 0 	 0.00012888 	 0.00000214 
4.850030 	 0 	 0.00014277 	 0.00000175 
4.866293 	 0 	 0.00026242 	 0.00000228 
4.889892 	 0 	 0.00036650 	 0.00000261 
4.899914 	 0 	 0.00050942 	 0.00000454 
4.910130 	 0 	 0.00061910 	 0.00000469 
4.919957 	 0 	 0.00088287 	 0.00000682 
4.926154 	 0 	 0.00087341 	 0.00000492 
4.930195 	 0 	 0.00132195 	 0.00000766 
4.936923 	 0 	 0.00125151 	 0.00000563 
4.946745 	 0 	 0.00175981 	 0.00000683 
4.950269 	 0 	 0.00110436 	 0.00000677 
4.956763 	 0 	 0.00209973 	 0.00000787 
4.961869 	 0 	 0.00223984 	 0.00000831 
4.964748 	 0 	 0.00203288 	 0.00000793 
4.967875 	 0 	 0.00188393 	 0.00000802 
4.970043 	 0 	 0.00230550 	 0.00001081 
4.972800 	 0 	 0.00190155 	 0.00000686 
4.974629 	 0 	 0.00201432 	 0.00000856 
4.984706 	 0 	 0.00165105 	 0.00000708 
4.990074 	 0 	 0.00169549 	 0.00000832 
4.994669 	 0 	 0.00121307 	 0.00000556 
5.004642 	 0 	 0.00054447 	 0.00000323 
5.009990 	 0 	 0.00109320 	 0.00000640 
5.014843 	 0 	 0.00056956 	 0.00000390 
5.017737 	 0 	 0.00062865 	 0.00000461 
5.017861 	 0 	 0.00054001 	 0.00000400 
5.019822 	 0 	 0.00042221 	 0.00000504 
5.024805 	 0 	 0.00049982 	 0.00000789 
5.027826 	 0 	 0.00061365 	 0.00000940 
5.030101 	 0 	 0.00076843 	 0.00001190 
5.032781 	 0 	 0.00044556 	 0.00000834 
5.035899 	 0 	 0.00077296 	 0.00001069 
5.038706 	 0 	 0.00041027 	 0.00000869 
5.041981 	 0 	 0.00078431 	 0.00001142 
5.044789 	 0 	 0.00072876 	 0.00001047 
5.049971 	 0 	 0.00072140 	 0.00001052 
5.054843 	 0 	 0.00061449 	 0.00000782 
5.064876 	 0 	 0.00032566 	 0.00000541 
5.069912 	 0 	 0.00041195 	 0.00000659 
5.074481 	 0 	 0.00027815 	 0.00000401 
5.084189 	 0 	 0.00021009 	 0.00000346 
5.089986 	 0 	 0.00021709 	 0.00000509 
5.093717 	 0 	 0.00019955 	 0.00000674 
5.096760 	 0 	 0.00020773 	 0.00000828 
5.098893 	 0 	 0.00024463 	 0.00000951 
5.099991 	 0 	 0.00020078 	 0.00001060 
5.100431 	 0 	 0.00020609 	 0.00000949 
5.100713 	 0 	 0.00020958 	 0.00001009 
5.102879 	 0 	 0.00017703 	 0.00000983 
5.104856 	 0 	 0.00016506 	 0.00001192 
5.106897 	 0 	 0.00019426 	 0.00001107 
5.108781 	 0 	 0.00025090 	 0.00001079 
5.110037 	 0 	 0.00021132 	 0.00001269 
5.110750 	 0 	 0.00017203 	 0.00001172 
5.113839 	 0 	 0.00018698 	 0.00000931 
5.118804 	 0 	 0.00017697 	 0.00000849 
5.123773 	 0 	 0.00013104 	 0.00000752 
5.128523 	 0 	 0.00015702 	 0.00000589 
5.129939 	 0 	 0.00014584 	 0.00000773 
5.133811 	 0 	 0.00016351 	 0.00000546 
5.138881 	 0 	 0.00028727 	 0.00000752 
5.141653 	 0 	 0.00032156 	 0.00000687 
5.144741 	 0 	 0.00035333 	 0.00000694 
5.147988 	 0 	 0.00045054 	 0.00000752 
5.150006 	 0 	 0.00043548 	 0.00000869 
5.150983 	 0 	 0.00036901 	 0.00000670 
5.157040 	 0 	 0.00039854 	 0.00000655 
5.159375 	 0 	 0.00037978 	 0.00000540 
5.170048 	 0 	 0.00022380 	 0.00000592 
5.189844 	 0 	 0.00016805 	 0.00000274 
5.210028 	 0 	 0.00007912 	 0.00000252 
5.230028 	 0 	 0.00017445 	 0.00000637 
5.239501 	 0 	 0.00028718 	 0.00000637 
5.243064 	 0 	 0.00024155 	 0.00000696 
5.250129 	 0 	 0.00038380 	 0.00001037 
5.259940 	 0 	 0.00043746 	 0.00001244 
5.265040 	 0 	 0.00050065 	 0.00001691 
5.269983 	 0 	 0.00050783 	 0.00001817 
5.274960 	 0 	 0.00041038 	 0.00001858 
5.275024 	 0 	 0.00042337 	 0.00001333 
5.279812 	 0 	 0.00029765 	 0.00001872 
5.284953 	 0 	 0.00029098 	 0.00001945 
5.290161 	 0 	 0.00029520 	 0.00002044 
5.292942 	 0 	 0.00032297 	 0.00001719 
5.297674 	 0 	 0.00036981 	 0.00001440 
5.299721 	 0 	 0.00029643 	 0.00001514 
5.302376 	 0 	 0.00024491 	 0.00001535 
5.308233 	 0 	 0.00030194 	 0.00001307 
5.312876 	 0 	 0.00039286 	 0.00001157 
5.317521 	 0 	 0.00041219 	 0.00001395 
5.322809 	 0 	 0.00052132 	 0.00001235 
5.327683 	 0 	 0.00067304 	 0.00001274 
5.332880 	 0 	 0.00063261 	 0.00001335 
5.332912 	 0 	 0.00053581 	 0.00001048 
5.337469 	 0 	 0.00060617 	 0.00001041 
5.342735 	 0 	 0.00050770 	 0.00000851 
5.342928 	 0 	 0.00051242 	 0.00000806 
5.346943 	 0 	 0.00058865 	 0.00000762 
5.348261 	 0 	 0.00042407 	 0.00000610 
5.348582 	 0 	 0.00045526 	 0.00000609 
5.352053 	 0 	 0.00055946 	 0.00001005 
5.353596 	 0 	 0.00060422 	 0.00000557 
5.357905 	 0 	 0.00044705 	 0.00000939 
5.357969 	 0 	 0.00059454 	 0.00000900 
5.359835 	 0 	 0.00044954 	 0.00001015 
5.361894 	 0 	 0.00057264 	 0.00001035 
5.363857 	 0 	 0.00045853 	 0.00000938 
5.366045 	 0 	 0.00037136 	 0.00000973 
5.368041 	 0 	 0.00036710 	 0.00000674 
5.368266 	 0 	 0.00039985 	 0.00000693 
5.369651 	 0 	 0.00035018 	 0.00000826 
5.371486 	 0 	 0.00045327 	 0.00000767 
5.373418 	 0 	 0.00032493 	 0.00000544 
5.374804 	 0 	 0.00020721 	 0.00000406 
5.380088 	 0 	 0.00008288 	 0.00000365 
5.382924 	 0 	 0.00005116 	 0.00000286 
5.383343 	 0 	 0.00007319 	 0.00000266 
5.383343 	 0 	 0.00008735 	 0.00000201 
5.383859 	 0 	 0.00004661 	 0.00000149 
5.385955 	 0 	 0.00005728 	 0.00000170 
5.389858 	 0 	 0.00003252 	 0.00000124 
5.393084 	 0 	 0.00003066 	 0.00000123 
5.403415 	 0 	 0.00004656 	 0.00000118 
5.414078 	 0 	 0.00009547 	 0.00000242 
5.424364 	 0 	 0.00004803 	 0.00000141 
5.435405 	 0 	 0.00009379 	 0.00000146 
5.439261 	 0 	 0.00008135 	 0.00000158 
5.440816 	 0 	 0.00007529 	 0.00000227 
