3.996021 	 105 	 0.00000247 	 0.00000017 
4.000967 	 105 	 0.00000115 	 0.00000023 
4.002940 	 105 	 0.00000405 	 0.00000040 
4.004970 	 105 	 0.00000239 	 0.00000029 
4.006972 	 105 	 0.00000504 	 0.00000050 
4.009086 	 105 	 0.00000672 	 0.00000064 
4.010032 	 105 	 0.00000709 	 0.00000060 
4.015070 	 105 	 0.00000355 	 0.00000052 
4.019108 	 105 	 0.00000352 	 0.00000044 
4.019916 	 105 	 0.00000438 	 0.00000043 
4.025044 	 105 	 0.00000572 	 0.00000062 
4.029979 	 105 	 0.00000803 	 0.00000052 
4.035141 	 105 	 0.00000473 	 0.00000040 
4.269958 	 105 	 0.00000725 	 0.00000052 
4.290051 	 105 	 0.00000479 	 0.00000039 
4.291116 	 105 	 0.00000604 	 0.00000056 
4.293189 	 105 	 0.00000264 	 0.00000050 
4.294196 	 105 	 0.00001045 	 0.00000072 
4.295147 	 105 	 0.00000365 	 0.00000070 
4.296155 	 105 	 0.00000503 	 0.00000086 
4.297220 	 105 	 0.00001044 	 0.00000089 
4.298084 	 105 	 0.00001605 	 0.00000245 
4.299093 	 105 	 0.00002391 	 0.00000324 
4.301052 	 105 	 0.00003958 	 0.00000447 
4.303098 	 105 	 0.00002641 	 0.00000349 
4.305231 	 105 	 0.00002750 	 0.00000352 
4.307250 	 105 	 0.00003693 	 0.00000485 
4.309297 	 105 	 0.00003200 	 0.00000462 
4.309961 	 105 	 0.00004054 	 0.00000399 
4.311172 	 105 	 0.00003602 	 0.00000424 
4.313106 	 105 	 0.00002620 	 0.00000360 
4.315126 	 105 	 0.00001739 	 0.00000346 
4.317204 	 105 	 0.00003003 	 0.00000416 
4.319168 	 105 	 0.00002880 	 0.00000334 
4.321160 	 105 	 0.00003216 	 0.00000372 
4.322980 	 105 	 0.00002893 	 0.00000387 
4.325205 	 105 	 0.00002389 	 0.00000243 
4.327112 	 105 	 0.00001850 	 0.00000221 
4.329078 	 105 	 0.00001283 	 0.00000127 
4.330119 	 105 	 0.00001391 	 0.00000169 
4.331189 	 105 	 0.00002858 	 0.00000173 
4.333242 	 105 	 0.00002838 	 0.00000140 
4.335151 	 105 	 0.00001770 	 0.00000095 
4.340042 	 105 	 0.00002539 	 0.00000108 
4.344877 	 105 	 0.00002810 	 0.00000095 
4.349976 	 105 	 0.00002389 	 0.00000082 
4.370053 	 105 	 0.00001531 	 0.00000077 
4.390148 	 105 	 0.00002667 	 0.00000093 
4.410025 	 105 	 0.00003438 	 0.00000104 
4.420244 	 105 	 0.00004790 	 0.00000157 
4.430182 	 105 	 0.00007303 	 0.00000187 
4.440043 	 105 	 0.00009332 	 0.00000318 
4.449945 	 105 	 0.00020397 	 0.00000500 
4.454988 	 105 	 0.00039548 	 0.00001010 
4.460121 	 105 	 0.00086093 	 0.00001817 
4.469957 	 105 	 0.00096364 	 0.00001817 
4.477981 	 105 	 0.00084129 	 0.00001557 
4.486129 	 105 	 0.00035533 	 0.00000736 
4.488189 	 105 	 0.00030700 	 0.00000641 
4.490073 	 105 	 0.00042691 	 0.00000754 
4.492223 	 105 	 0.00015513 	 0.00000328 
4.494992 	 105 	 0.00015570 	 0.00000284 
4.499972 	 105 	 0.00005343 	 0.00000134 
4.510205 	 105 	 0.00003593 	 0.00000095 
4.512183 	 105 	 0.00003785 	 0.00000193 
4.515076 	 105 	 0.00003444 	 0.00000298 
4.520067 	 105 	 0.00002213 	 0.00000365 
4.525238 	 105 	 0.00003615 	 0.00000568 
4.529406 	 105 	 0.00004165 	 0.00000470 
4.535056 	 105 	 0.00007133 	 0.00000912 
4.540236 	 105 	 0.00013342 	 0.00001269 
4.549804 	 105 	 0.00040345 	 0.00001151 
4.560183 	 105 	 0.00100937 	 0.00002645 
4.570129 	 105 	 0.00092682 	 0.00002656 
4.580025 	 105 	 0.00032274 	 0.00001414 
4.590082 	 105 	 0.00022062 	 0.00000926 
4.600268 	 105 	 0.00008299 	 0.00000631 
4.609989 	 105 	 0.00012912 	 0.00001130 
4.620227 	 105 	 0.00004871 	 0.00000999 
4.629939 	 105 	 0.00007080 	 0.00000953 
4.635173 	 105 	 0.00003289 	 0.00000645 
4.639960 	 105 	 0.00006866 	 0.00000460 
4.649962 	 105 	 0.00016249 	 0.00000601 
4.670119 	 105 	 0.00006966 	 0.00000282 
4.680153 	 105 	 0.00003311 	 0.00000160 
4.689928 	 105 	 0.00004040 	 0.00000168 
4.710020 	 105 	 0.00002706 	 0.00000106 
4.730004 	 105 	 0.00005150 	 0.00000185 
4.749999 	 105 	 0.00006448 	 0.00000187 
4.755179 	 105 	 0.00019832 	 0.00000417 
4.758876 	 105 	 0.00020297 	 0.00000443 
4.770038 	 105 	 0.00020351 	 0.00000442 
4.775016 	 105 	 0.00019119 	 0.00000555 
4.780179 	 105 	 0.00013863 	 0.00000735 
4.790118 	 105 	 0.00015072 	 0.00000847 
4.799915 	 105 	 0.00015994 	 0.00000641 
4.810027 	 105 	 0.00015987 	 0.00000581 
4.812160 	 105 	 0.00012735 	 0.00000467 
4.815270 	 105 	 0.00014075 	 0.00000291 
4.820058 	 105 	 0.00009317 	 0.00000181 
4.829886 	 105 	 0.00009720 	 0.00000131 
4.850030 	 105 	 0.00014632 	 0.00000156 
4.866293 	 105 	 0.00022432 	 0.00000212 
4.889892 	 105 	 0.00036381 	 0.00000225 
4.899914 	 105 	 0.00044982 	 0.00000382 
4.910130 	 105 	 0.00047134 	 0.00000356 
4.919957 	 105 	 0.00087217 	 0.00000593 
4.926154 	 105 	 0.00094593 	 0.00000458 
4.930195 	 105 	 0.00096991 	 0.00000601 
4.936923 	 105 	 0.00105447 	 0.00000468 
4.946745 	 105 	 0.00116978 	 0.00000542 
4.950269 	 105 	 0.00159316 	 0.00000776 
4.956763 	 105 	 0.00144949 	 0.00000608 
4.961869 	 105 	 0.00142756 	 0.00000602 
4.964748 	 105 	 0.00149809 	 0.00000644 
4.967875 	 105 	 0.00169999 	 0.00000715 
4.970043 	 105 	 0.00162585 	 0.00000821 
4.972800 	 105 	 0.00146862 	 0.00000541 
4.974629 	 105 	 0.00169442 	 0.00000705 
4.984706 	 105 	 0.00167250 	 0.00000622 
4.990074 	 105 	 0.00128490 	 0.00000702 
4.994669 	 105 	 0.00074178 	 0.00000402 
5.004642 	 105 	 0.00079921 	 0.00000343 
5.009990 	 105 	 0.00090091 	 0.00000542 
5.014843 	 105 	 0.00048414 	 0.00000340 
5.017737 	 105 	 0.00035338 	 0.00000315 
5.017861 	 105 	 0.00036803 	 0.00000314 
5.019822 	 105 	 0.00041267 	 0.00000451 
5.024805 	 105 	 0.00051869 	 0.00000711 
5.027826 	 105 	 0.00030594 	 0.00000633 
5.030101 	 105 	 0.00069642 	 0.00001080 
5.032781 	 105 	 0.00052335 	 0.00000809 
5.035899 	 105 	 0.00059839 	 0.00000793 
5.038706 	 105 	 0.00075872 	 0.00000956 
5.041981 	 105 	 0.00050368 	 0.00000863 
5.044789 	 105 	 0.00067573 	 0.00000939 
5.049971 	 105 	 0.00061167 	 0.00000873 
5.054843 	 105 	 0.00030587 	 0.00000537 
5.064876 	 105 	 0.00044790 	 0.00000514 
5.069912 	 105 	 0.00027731 	 0.00000455 
5.074481 	 105 	 0.00022688 	 0.00000307 
5.084189 	 105 	 0.00020961 	 0.00000320 
5.089986 	 105 	 0.00017475 	 0.00000318 
5.093717 	 105 	 0.00017815 	 0.00000603 
5.096760 	 105 	 0.00024736 	 0.00000653 
5.098893 	 105 	 0.00023434 	 0.00000804 
5.099991 	 105 	 0.00015364 	 0.00000768 
5.100431 	 105 	 0.00024319 	 0.00000876 
5.100713 	 105 	 0.00013352 	 0.00000622 
5.102879 	 105 	 0.00023018 	 0.00000997 
5.104856 	 105 	 0.00022118 	 0.00000889 
5.106897 	 105 	 0.00020650 	 0.00001085 
5.108781 	 105 	 0.00019147 	 0.00000921 
5.110037 	 105 	 0.00021111 	 0.00001116 
5.110750 	 105 	 0.00021082 	 0.00001071 
5.113839 	 105 	 0.00016040 	 0.00000788 
5.118804 	 105 	 0.00017147 	 0.00000705 
5.123773 	 105 	 0.00011815 	 0.00000531 
5.128523 	 105 	 0.00012140 	 0.00000455 
5.129939 	 105 	 0.00014732 	 0.00000625 
5.133811 	 105 	 0.00019295 	 0.00000491 
5.138881 	 105 	 0.00031107 	 0.00000624 
5.141653 	 105 	 0.00021112 	 0.00000478 
5.144741 	 105 	 0.00040792 	 0.00000642 
5.147988 	 105 	 0.00039801 	 0.00000653 
5.150006 	 105 	 0.00037135 	 0.00000799 
5.150983 	 105 	 0.00030974 	 0.00000541 
5.157040 	 105 	 0.00041069 	 0.00000624 
5.159375 	 105 	 0.00037415 	 0.00000505 
5.170048 	 105 	 0.00019132 	 0.00000475 
5.189844 	 105 	 0.00017536 	 0.00000277 
5.210028 	 105 	 0.00009890 	 0.00000254 
5.230028 	 105 	 0.00012304 	 0.00000421 
5.239501 	 105 	 0.00018208 	 0.00000473 
5.243064 	 105 	 0.00026357 	 0.00000732 
5.250129 	 105 	 0.00028103 	 0.00000787 
5.259940 	 105 	 0.00059052 	 0.00001377 
5.265040 	 105 	 0.00039086 	 0.00001181 
5.269983 	 105 	 0.00029565 	 0.00001156 
5.274960 	 105 	 0.00046782 	 0.00001959 
5.275024 	 105 	 0.00044468 	 0.00001165 
5.279812 	 105 	 0.00044748 	 0.00002177 
5.284953 	 105 	 0.00030760 	 0.00002173 
5.290161 	 105 	 0.00022174 	 0.00001415 
5.292942 	 105 	 0.00027954 	 0.00001725 
5.297674 	 105 	 0.00019841 	 0.00001006 
5.299721 	 105 	 0.00030239 	 0.00001610 
5.302376 	 105 	 0.00022107 	 0.00001227 
5.308233 	 105 	 0.00025191 	 0.00001069 
5.312876 	 105 	 0.00027199 	 0.00000967 
5.317521 	 105 	 0.00032742 	 0.00001111 
5.322809 	 105 	 0.00043463 	 0.00000999 
5.327683 	 105 	 0.00035762 	 0.00000836 
5.332880 	 105 	 0.00055719 	 0.00001133 
5.332912 	 105 	 0.00052442 	 0.00000918 
5.337469 	 105 	 0.00051808 	 0.00000805 
5.342735 	 105 	 0.00045060 	 0.00000748 
5.342928 	 105 	 0.00049924 	 0.00000683 
5.346943 	 105 	 0.00045966 	 0.00000622 
5.348261 	 105 	 0.00028991 	 0.00000470 
5.348582 	 105 	 0.00040986 	 0.00000495 
5.352053 	 105 	 0.00040967 	 0.00000732 
5.353596 	 105 	 0.00044822 	 0.00000513 
5.357905 	 105 	 0.00048463 	 0.00000890 
5.357969 	 105 	 0.00062152 	 0.00000725 
5.359835 	 105 	 0.00049335 	 0.00000874 
5.361894 	 105 	 0.00030232 	 0.00000752 
5.363857 	 105 	 0.00045810 	 0.00000924 
5.366045 	 105 	 0.00027510 	 0.00000678 
5.368041 	 105 	 0.00035415 	 0.00000656 
5.368266 	 105 	 0.00024920 	 0.00000485 
5.369651 	 105 	 0.00027300 	 0.00000580 
5.371486 	 105 	 0.00024853 	 0.00000488 
5.373418 	 105 	 0.00028612 	 0.00000443 
5.374804 	 105 	 0.00021451 	 0.00000424 
5.380088 	 105 	 0.00009894 	 0.00000320 
5.382924 	 105 	 0.00004242 	 0.00000183 
5.383343 	 105 	 0.00007322 	 0.00000186 
5.383343 	 105 	 0.00005472 	 0.00000162 
5.383859 	 105 	 0.00003532 	 0.00000149 
5.385955 	 105 	 0.00002734 	 0.00000148 
5.389858 	 105 	 0.00002249 	 0.00000099 
5.393084 	 105 	 0.00003023 	 0.00000119 
5.403415 	 105 	 0.00005126 	 0.00000148 
5.414078 	 105 	 0.00007678 	 0.00000152 
5.424364 	 105 	 0.00009444 	 0.00000195 
5.435405 	 105 	 0.00009074 	 0.00000139 
5.439261 	 105 	 0.00008761 	 0.00000208 
5.440816 	 105 	 0.00008455 	 0.00000197 
